0,-0.0048828134
1,-0.00021362305
2,0.0014343252
3,0.00061035156
4,-0.002105711
5,-0.0010376005
6,-1.8626451e-09
7,-0.0033264197
8,-0.0031433087
9,-0.001373292
10,0.0035705608
11,0.0032043455
12,0.0027770954
13,0.00085449405
14,0.00048828265
15,-0.0012512188
16,0.0017089825
17,0.0043640137
18,0.0033569331
19,0.0006103534
20,0.0006713867
21,0.0013122549
22,0.0038757324
23,0.0030822735
24,0.0015564021
25,0.0019836426
26,-0.0014038072
27,-0.0015869155
28,-0.0031433073
29,-0.001892091
30,-0.00363159
31,-0.002532958
32,-0.0031433105
33,-0.0050048837
34,-0.004272459
35,-0.0028991718
36,-0.0017700177
37,-0.0016174335
38,0.0011291504
39,-0.0014648419
40,-0.0008544922
41,-0.0017394982
42,0.0010375958
43,0.0017700205
44,0.0014953585
45,0.0023803706
46,0.0021057117
47,0.0030212407
48,0.0037231427
49,0.004425049
50,0.0013122561
51,0.0016784659
52,-0.00033569278
53,-0.0016784667
54,-0.0016479486
55,-0.00039672898
56,-0.00076293875
57,6.103545e-05
58,0.0003662107
59,0.0024719236
60,0.0012817384
61,0.0006103517
62,-0.00064086914
63,-0.00094604446
64,-0.0014953618
65,-0.0017700191
66,-0.0017700209
67,-0.0033264142
68,-0.0014648438
69,-0.0003662086
70,0.0010375958
71,0.0012207036
72,0.0038452144
73,0.0031127948
74,0.0022277818
75,0.0028381357
76,0.0013427734
77,0.002227786
78,-0.0004272461
79,0.0013122587
80,-0.0015258789
81,0.00070190616
82,-0.00039672758
83,0.0003662128
84,0.00033569383
85,-0.0006103525
86,3.051944e-05
87,-0.0011291523
88,-0.0015258775
89,-0.001586915
90,-0.0017700186
91,-0.0031433105
92,-0.00079345796
93,-0.00012206845
94,-0.0015258794
95,-6.103469e-05
96,-0.0013122563
97,-0.0008850093
98,0.0002441383
99,0.0010375995
100,-9.155297e-05
101,0.0010681156
102,0.0010681155
103,0.00070190476
104,0.0010986325
105,0.0001525887
106,-0.00018310559
107,0.002105713
108,0.00018310547
109,0.00012207055
110,3.0517578e-05
111,0.000579834
112,0.00027465844
113,0.00021362281
114,0.00024414062
115,-0.0007019041
116,0.001586914
117,-0.0021667478
118,-0.0005187993
119,-0.0022888174
120,-0.001739502
121,-0.0026550284
122,0.0006713881
123,-0.0013122549
124,0.00079345703
125,-0.0010986307
126,0.0017395023
127,0.0012817371
128,0.002624513
129,0.0018615713
130,0.0024108896
131,0.001495359
132,0.0012817364
133,0.0004577618
134,0.0009155255
135,0.00015258417
136,0.0010375977
137,0.0016784668
138,-9.1553666e-05
139,-0.0010070773
140,6.103609e-05
141,-0.00079345703
142,-0.0012817411
143,-0.0009765625
144,-0.0004577646
145,0.0011901883
146,-0.00051879976
147,0.0012207022
148,-9.1553666e-05
149,0.000183105
150,-0.00082397694
151,-0.00042724377
152,-0.0017089858
153,-0.0005493155
154,-0.00097656227
155,-0.0010986323
156,-0.00042724726
157,0.00021362538
158,0.00042724377
159,0.00021362538
160,0.0018310547
161,6.103469e-05
162,0.0013427748
163,-0.00021362305
164,-0.0025329604
165,-0.00021362212
166,-0.001342772
167,-0.0020446796
168,-0.0033569336
169,-0.0034179706
170,-0.0044250507
171,-0.0012817392
172,0.00042724516
173,0.0018005334
174,0.0027160635
175,0.00082397694
176,0.00070190337
177,0.0008239765
178,-0.0018310556
179,-0.005004881
180,-0.0036621112
181,-0.00363159
182,-0.00027465913
183,0.0056762677
184,0.005218507
185,0.006164553
186,0.006347655
187,0.0021057117
188,-0.0044555627
189,-0.0043945312
190,-0.0024414049
191,-0.00057983585
192,-0.00146484
193,-0.003143318
194,-0.013122555
195,-0.022155758
196,0.00579834
197,0.0046997173
198,0.0070495643
199,0.030700669
200,0.009002678
201,-0.040435784
202,-0.04031373
203,-0.035034195
204,-0.04629518
205,0.0014953464
206,0.065979
207,0.08038334
208,0.058563247
209,0.065032974
210,0.08227533
211,0.07357785
212,0.02294913
213,-0.027496248
214,-0.04519649
215,-0.03631597
216,-0.03311163
217,-0.03985589
218,-0.038604744
219,-0.04055786
220,-0.036346417
221,-0.011993403
222,0.012451164
223,0.0062866258
224,0.0022277883
225,0.0024108812
226,-0.0042114146
227,-0.017334
228,-0.025604233
229,-0.036590606
230,-0.03952025
231,-0.033142105
232,-0.026702896
233,-0.021911621
234,-0.011413604
235,0.0052490234
236,0.013122544
237,0.024047859
238,0.028228715
239,0.035308845
240,0.039794926
241,0.03833007
242,0.032409646
243,0.025756828
244,0.016265873
245,0.0031738207
246,-0.00863646
247,-0.022521991
248,-0.030700684
249,-0.03527835
250,-0.028747521
251,-0.019012451
252,-0.011444062
253,-0.0034790188
254,0.0032653809
255,0.011993371
256,0.017333984
257,0.02114869
258,0.019714376
259,0.016754141
260,0.012847891
261,0.009826658
262,0.0061950646
263,0.0031738393
264,0.002410885
265,0.0031433254
266,0.005554188
267,0.010162346
268,0.010314941
269,0.011077896
270,0.011016853
271,0.011383049
272,0.006713882
273,0.005554177
274,3.054738e-05
275,-0.0020751879
276,-0.0035705343
277,-0.0056762807
278,-0.008727994
279,-0.011474632
280,-0.0082397275
281,-0.0072631575
282,-0.006561281
283,-0.007843023
284,-0.008361816
285,-0.006469723
286,-0.00506593
287,-0.0031127802
288,-0.0046386803
289,-0.004028323
290,-0.0026245127
291,-0.003112793
292,-0.0036926242
293,-0.0016174349
294,-0.001098631
295,-0.0016479502
296,-0.00033569336
297,-0.00042724703
298,0.00039672945
299,0.001464841
300,0.0008544931
301,0.00012207078
302,0.0019531234
303,0.00067138695
304,0.00057983585
305,0.0010986337
306,0.00021362398
307,-0.00021362212
308,-0.0023193369
309,-0.001892088
310,-0.004852297
311,-0.005371092
312,-0.002593996
313,-0.00079345703
314,-0.0030212402
315,-0.00018310547
316,-0.0015869141
317,0.0005493164
318,0.0025939923
319,0.003265379
320,0.0020141602
321,0.0014038067
322,-0.003051756
323,0.001159668
324,0.0030822735
325,0.001800536
326,0.002746584
327,0.0045166025
328,0.00289917
329,0.00036621094
330,-0.00021362212
331,-0.0014648438
332,-0.0009460441
333,-0.00051879976
334,0.0030212402
335,0.0021362305
336,0.00027465913
337,-0.00064087013
338,0.001312256
339,-0.0011901858
340,-0.0016479491
341,-0.0006713869
342,-0.00033569324
343,0.0026550293
344,-0.0006713865
345,0.0008544922
346,-0.00012207008
347,0.0022583003
348,-0.0014343266
349,0.0020446763
350,0.0016174321
351,0.0019531255
352,-0.0003356922
353,-0.0018005361
354,-0.002136231
355,-0.0024108905
356,-0.0014343259
357,-0.0025024414
358,0.00015258754
359,0.0007019037
360,0.003387452
361,-0.000976563
362,-0.00088500837
363,-0.0023803725
364,-0.00076293945
365,-0.00048828125
366,0.0009765634
367,-0.0024414067
368,0.00027465913
369,-0.0011596708
370,0.0012817383
371,0.001007081
372,-0.00045776367
373,-0.0008850107
374,-0.0022888202
375,-0.00094604585
376,-6.103609e-05
377,0.002563479
378,0.002716063
379,3.051851e-05
380,3.0515715e-05
381,-0.0036010714
382,-0.0025024414
383,-0.0019531222
384,0.0021972656
385,0.00021362281
386,0.0036315918
387,0.002868654
388,0.0032043462
389,0.0013122538
390,0.0012512226
391,0.00048828032
392,0.00033569336
393,0.0012512216
394,0.0013732901
395,0.0016174326
396,0.0015869159
397,0.0008239737
398,0.0011291509
399,-0.001281739
400,-0.0023498547
401,-0.0024414072
402,-0.0014038058
403,-0.00054931734
404,0.002258301
405,-0.0014038095
406,-0.0025329592
407,-0.001159668
408,0.0010986337
409,0.0013427716
410,0.0038452167
411,0.00067138486
412,0.002014162
413,-0.0005493155
414,0.0015258789
415,-0.00067138765
416,0.0010376014
417,-0.0014038086
418,0.0014953632
419,0.0016479492
420,0.0024414062
421,0.00054931827
422,0.0012512226
423,0.00048828125
424,-0.0015869131
425,-0.001739502
426,-0.002349854
427,-0.0013122531
428,-0.0020446796
429,0.00085448846
430,0.0005188016
431,0.00039672945
432,0.00039672805
433,-0.0010070811
434,-0.0028076167
435,-0.0034790053
436,-0.0054016104
437,-0.003326415
438,-0.003967287
439,-0.003967285
440,-0.0030517597
441,-0.0008544959
442,-0.0014953613
443,0.002746582
444,0.0003051795
445,0.0011291504
446,0.0015258798
447,0.0016784659
448,0.0005798354
449,0.0016784677
450,0.0025024398
451,0.0034179688
452,0.0016784675
453,0.001007081
454,0.0009765612
455,0.00033569406
456,-0.00067138707
457,-0.0007934568
458,6.103539e-05
459,0.00027465867
460,-0.00067138625
461,-0.0024414049
462,-0.0038757315
463,-0.0016479474
464,0.00033569522
465,0.0022277827
466,0.0009765634
467,-0.001373291
468,-0.0037231408
469,-0.0007019029
470,0.0023193378
471,0.002807614
472,0.0034179706
473,0.0018005408
474,0.0014648438
475,0.003845213
476,0.0047912598
477,0.003265379
478,0.0031127958
479,-0.0008239718
480,-0.00030517532
481,-0.00366211
482,-0.0026855422
483,-0.0062561044
484,-0.0065917955
485,-0.001556397
486,0.0018920889
487,0.0011291504
488,-0.00079345703
489,-0.0011901818
490,-0.004302983
491,-0.0021972638
492,-0.0025329608
493,0.0035705585
494,0.0032043443
495,0.0056762695
496,0.00537109
497,0.003723144
498,0.0010375977
499,-0.0016784654
500,-0.0030517573
501,-0.0018615739
502,-0.0031127941
503,0.00030517692
504,0.0015258784
505,0.000762939
506,-0.0014343252
507,-0.0025024419
508,-0.0006408673
509,-0.0017395038
510,-0.0014343271
511,-0.0048522977
512,-0.001068118
513,0.0024108877
514,0.0071105957
515,-0.0002746596
516,0.0004577618
517,-0.0021667476
518,0.0024108875
519,0.001129151
520,0.0039367666
521,-0.00042724656
522,0.0016174326
523,0.0025329576
524,0.00051880116
525,-0.0024414067
526,0.0012207022
527,0.002319334
528,0.0038757361
529,0.0025024395
530,-0.00033569243
531,-0.0013122605
532,-0.0022277841
533,-0.0032043466
534,-0.003936766
535,-0.0037231464
536,-0.0002746581
537,0.0006408691
538,0.00039672898
539,-0.0008544917
540,-0.00036621233
541,0.00036621187
542,0.006805418
543,0.0027160654
544,0.00088500883
545,-9.1553666e-05
546,0.00015258603
547,-0.0007324228
548,0.00088500977
549,0.0012817364
550,0.00216675
551,0.0021362267
552,0.0027160645
553,0.0016479474
554,0.0009155255
555,-0.0015869159
556,-0.0012817392
557,-0.001525884
558,-0.0019836414
559,-0.0047302255
560,-0.003967287
561,-0.005279539
562,-0.003906249
563,0.0007324205
564,-0.0010070791
565,-0.0009765662
566,-0.0040283194
567,-0.003417967
568,-0.0047302227
569,-0.002838133
570,0.0011291513
571,0.004638669
572,0.005065918
573,0.0027771005
574,-0.0010070782
575,-0.002166749
576,-3.051944e-05
577,0.0026855469
578,-0.00054931827
579,-0.001892087
580,0.00033569336
581,0.0015258808
582,0.00064087193
583,-0.0011291485
584,-0.0020751925
585,-0.0027160617
586,0.0028991709
587,-0.00027465913
588,-0.00015258789
589,-0.0005187951
590,0.001525877
591,-0.0004272447
592,6.103504e-05
593,0.0021667476
594,0.0040283194
595,0.0074157724
596,0.0039367685
597,0.0034484882
598,0.0008239765
599,0.0010376014
600,0.00079345517
601,0.00045776367
602,0.0007324219
603,9.1552734e-05
604,0.0013122577
605,-0.0027770977
606,0.00045776367
607,-0.0010681171
608,-3.0517578e-05
609,0.0007324219
610,0.0015258826
611,-0.0023803697
612,-0.0019226065
613,-0.0026550265
614,-0.002593996
615,0.0011291532
616,0.0013122587
617,0.0010376032
618,-3.0517578e-05
619,0.00289917
620,0.00036620907
621,0.00064086774
622,-0.0007629376
623,-0.0026245129
624,-0.0045471163
625,-0.0034790067
626,-0.0031127902
627,-0.004119876
628,-0.003387453
629,-0.0038146991
630,-0.0008544922
631,0.0013122577
632,0.0025024442
633,0.0011596666
634,0.0013122559
635,0.001098631
636,-0.002410884
637,-0.0036010724
638,-0.0032348614
639,-0.001281742
640,0.0007629385
641,0.0026550288
642,0.0024414067
643,0.0035400405
644,0.0023803704
645,0.001098631
646,0.00079345587
647,0.0002746596
648,-0.0010681157
649,0.00079345703
650,0.002105712
651,0.0048217773
652,0.0040893536
653,0.001953126
654,-0.00039672898
655,-0.00024414062
656,-0.003356935
657,-0.0016479492
658,-0.002471924
659,0.0005493169
660,0.0023498526
661,0.0024719262
662,0.0018310547
663,-0.00018310535
664,-0.0040893545
665,-0.0030517569
666,-0.0027160665
667,-0.0007629383
668,-0.00057983433
669,0.00024414062
670,0.0019531241
671,0.0033264165
672,0.0011901846
673,0.0018920908
674,0.002166748
675,0.003601076
676,0.0035095206
677,0.0010070829
678,-0.0026855478
679,-0.0038146968
680,-0.004760744
681,-0.006622313
682,-0.0055847196
683,-0.0035400372
684,0.001800538
685,0.003204346
686,0.0018310538
687,-0.00045776338
688,0.00039672758
689,0.002319336
690,0.0033264153
691,0.0027465827
692,-0.0010375985
693,-0.0024108882
694,-0.0018005369
695,-0.00085449114
696,0.0020751944
697,0.0012817385
698,-0.00088500977
699,-0.0026245117
700,-0.004333494
701,-0.0039978037
702,0.0014648456
703,0.0038757315
704,0.002166748
705,0.0009155264
706,-0.0027770987
707,-0.0038452186
708,-9.1552734e-05
709,-0.00036621094
710,-9.155087e-05
711,-0.00039672758
712,0.00076294015
713,0.0017089825
714,0.0030517587
715,0.0008239765
716,-0.00317383
717,-0.001556397
718,-0.00067138765
719,0.0025329585
720,0.0019836416
721,0.0008239744
722,0.0011291499
723,0.003417967
724,0.0044860854
725,0.0013732901
726,0.0014038086
727,0.0017700195
728,0.0004577674
729,0.0009155264
730,-0.002166747
731,0.001739501
732,-0.0010070801
733,0.002441408
734,-0.0012817373
735,0.0009155283
736,-0.0025634775
737,-0.00039672805
738,-0.0019226074
739,-0.0013427711
740,0.0022277813
741,0.00024413737
742,-0.0020446759
743,-0.0010681152
744,-0.0020446796
745,-0.0026550307
746,-0.0039672824
747,-0.0037841816
748,-0.0021667462
749,0.0016174307
750,0.0020751934
751,0.0021667473
752,0.0019531269
753,0.002532959
754,0.0039062495
755,0.0024414067
756,-0.0030212412
757,-0.004486083
758,-0.005859375
759,-0.0033569317
760,-0.00030517578
761,0.00051880116
762,0.0034790025
763,0.00033569662
764,0.00045776367
765,-0.00024413923
766,0.00015258789
767,-0.0018005371
768,-0.0033874512
769,-0.0016174326
770,-9.15518e-05
771,0.001434328
772,0.0011596689
773,-1.8626451e-09
774,0.001373292
775,-0.0016174298
776,-0.00036621094
777,-0.0010070782
778,0.0006408673
779,-0.0008239723
780,0.0019836426
781,0.0030212416
782,0.002319335
783,0.0035705585
784,0.00054931454
785,0.0013732924
786,0.0016174307
787,-0.0007324228
788,-0.002380371
789,-0.0035095215
790,-0.0035095215
791,-0.0033569345
792,-0.0020751967
793,0.0025024395
794,0.0047607394
795,0.003448485
796,-0.0026245136
797,-0.0032348633
798,-0.002227786
799,-0.00061034784
800,-0.0014648456
801,-0.0037841816
802,-0.0029296856
803,-0.0006408682
804,0.001281739
805,0.006500243
806,0.0056762705
807,0.004730226
808,0.0006103532
809,0.0021362305
810,0.00042724656
811,-0.001068118
812,0.0015258808
813,0.0044250516
814,0.0029907245
815,0.0034179706
816,0.00039672945
817,0.00036621094
818,-0.002929685
819,-0.004852295
820,-0.0040283203
821,-0.002197265
822,-9.1552734e-05
823,0.002593997
824,0.0049438467
825,0.0032959003
826,0.0019226056
827,0.00021362118
828,-0.0027160677
829,0.00054931827
830,-0.003845218
831,0.0021972684
832,-0.00054932106
833,-0.00021362351
834,-0.001861576
835,-0.0007324219
836,0.00079345424
837,0.0041198786
838,0.0016174298
839,0.0007324228
840,-0.0006713881
841,-0.0014648435
842,-0.0036926265
843,-0.0019836412
844,-0.0030822763
845,-0.002685546
846,-0.004364013
847,-0.0034179706
848,6.103469e-05
849,0.0013122568
850,0.0024108905
851,-0.00079345796
852,0.0015869136
853,-0.00054931873
854,-0.0018005362
855,-0.0022277827
856,0.0005798335
857,-0.0014038072
858,0.0024108915
859,0.0009155262
860,0.0040588374
861,6.1035156e-05
862,0.0007629418
863,-0.0034179688
864,-0.0021057092
865,-0.004333497
866,-0.002319334
867,-0.0013427753
868,-0.0012817373
869,0.0013122531
870,0.0021667504
871,0.0025024405
872,0.0027770996
873,0.0026245127
874,0.004516599
875,0.0039062514
876,0.0015563979
877,-0.0005187993
878,0.0013122554
879,0.0008239765
880,-0.0007324249
881,-0.0015258808
882,-0.0016174314
883,-0.002258299
884,0.0018310535
885,0.0010070829
886,0.0004272461
887,0.00024414156
888,-0.00064087205
889,-0.0015563944
890,-0.0019531249
891,0.00033569452
892,-0.001007081
893,0.0007629404
894,-0.00067138765
895,0.0045471173
896,0.00253296
897,0.0037231427
898,-0.0016479455
899,-0.0020751962
900,-3.0516647e-05
901,-3.052177e-05
902,0.00033569615
903,-0.00048828265
904,0.0011291541
905,-0.0017700209
906,-0.0005493169
907,-0.00015259162
908,0.0010986322
909,-0.00091552874
910,-0.0031738277
911,-0.003448485
912,-0.002960206
913,-0.0017089839
914,-0.00079345633
915,0.00073242234
916,0.002899168
917,-0.00061034784
918,-0.0021362333
919,-0.0034179688
920,-0.003967287
921,-0.0017089844
922,0.0007324219
923,0.0011901865
924,-0.00012206938
925,0.00042724144
926,0.0007934533
927,0.0013732892
928,0.0012817392
929,0.0014648426
930,0.0014953603
931,0.002014159
932,0.0021057134
933,0.0
934,0.0036315909
935,0.0019226065
936,0.0020446745
937,0.0022582975
938,-0.0019226077
939,-0.0011901851
940,-0.0016174314
941,-0.0007934569
942,-0.0016174321
943,-0.00177002
944,-0.0014038081
945,0.0023803706
946,0.0017395015
947,0.0034484859
948,0.0024108896
949,0.00091552734
950,0.0003051767
951,0.001342773
952,-0.0020141602
953,-0.002288817
954,-0.0015869141
955,-0.0031738295
956,-0.0013122563
957,-0.002197262
958,-0.001617434
959,-0.0032958956
960,-0.0010070833
961,0.0005188016
962,0.0001831036
963,0.0011291504
964,-0.0017395029
965,-0.0009765588
966,-0.0014953641
967,-0.0023803692
968,0.00070190243
969,-0.0011291495
970,0.0034790025
971,-0.00024413643
972,0.0026855427
973,-0.00097656157
974,0.0027160635
975,-0.0017089838
976,0.0026245103
977,0.0029602088
978,0.004455564
979,0.005828861
980,0.0025939913
981,0.0009765658
982,-0.002227785
983,-0.0030517539
984,-0.0038452167
985,0.0005798375
986,0.0010681134
987,0.00061035436
988,-0.0020446787
989,0.0010986347
990,0.00073242094
991,0.0015563993
992,0.0010070791
993,0.0014038095
994,-0.0013122559
995,-0.001098631
996,-0.0024108915
997,0.00079345796
998,0.00039672758
999,0.0025634738
1000,0.0032043457
1001,0.0013732892
1002,0.0020446796
1003,0.0036315918
1004,0.002380371
1005,-6.103702e-05
1006,0.00067138486
1007,-0.0015258808
1008,-0.0021667448
1009,-0.0040283203
1010,-0.003295899
1011,-0.0037536637
1012,-0.0033874526
1013,-0.003112792
1014,-0.0021362286
1015,-0.003387452
1016,-0.0022888165
1017,-0.0037841816
1018,-0.0028686542
1019,-0.0040893555
1020,-0.0025024414
1021,-0.0025329608
1022,0.0016174354
1023,0.0019226065
1024,0.0026245117
1025,0.0025939955
1026,0.0036926288
1027,0.005462646
1028,0.003601076
1029,0.004394532
1030,0.0003967281
1031,0.00018310547
1032,-0.003570557
1033,-0.00012206938
1034,-0.0018920894
1035,-0.0012207036
1036,-0.0017089848
1037,0.0003967269
1038,0.0008239737
1039,0.0012512214
1040,0.0023498535
1041,0.00042724528
1042,-9.15525e-05
1043,-0.0015869137
1044,0.000152588
1045,-0.00018310547
1046,0.002716064
1047,0.0024719243
1048,0.001922607
1049,0.0006408696
1050,-0.0018310552
1051,-0.0033569345
1052,-0.002563478
1053,-0.0026550293
1054,-0.0014038105
1055,-0.0018615741
1056,-0.003387455
1057,-0.0036926307
1058,-0.0033569373
1059,-0.00247192
1060,0.003417966
1061,0.0039367685
1062,0.0048828116
1063,0.0033264165
1064,0.0025024395
1065,0.0010070818
1066,-0.0003356938
1067,0.00021362444
1068,0.00030517438
1069,0.0028991713
1070,0.003417966
1071,0.0036621112
1072,0.0024414044
1073,0.0020446815
1074,0.00015258975
1075,0.00079345796
1076,-0.00015258882
1077,-0.0025634735
1078,-0.003387452
1079,-0.004272461
1080,-0.0014953592
1081,-0.00042724615
1082,-0.00027465905
1083,-0.0008850093
1084,-0.00012207031
1085,-0.0009155273
1086,0.0003967284
1087,0.0008239746
1088,-0.0011901858
1089,-0.00030517578
1090,-0.00064086926
1091,-0.00073242176
1092,0.000640869
1093,0.0016479495
1094,0.00051879836
1095,-0.0010375973
1096,-0.00012207057
1097,-0.0022277827
1098,0.001861572
1099,0.00021362328
1100,0.00015258754
1101,0.00030517625
1102,0.0010070798
1103,0.0015563976
1104,0.00021362212
1105,-0.0014953604
1106,0.0018005352
1107,0.0018920917
1108,0.003051755
1109,0.0025634803
1110,0.0020751925
1111,-0.0006103504
1112,-0.0029907245
1113,-0.003784178
1114,-0.005035403
1115,-0.003662107
1116,-0.0033569327
1117,-0.001800538
1118,-0.00051879603
1119,0.0002441397
1120,0.0008239765
1121,-0.0015258794
1122,0.00021362584
1123,0.00057983166
1124,0.0020141602
1125,0.0008850116
1126,0.0018920903
1127,0.0010070773
1128,0.0005798354
1129,-0.0027465816
1130,-0.0015563956
1131,-0.0006713867
1132,0.0003356943
1133,-6.1034225e-05
1134,0.0014953625
1135,0.0014953605
1136,0.00082397566
1137,0.001342774
1138,-0.00036621155
1139,0.0016479497
1140,0.001220703
1141,0.001373291
1142,0.00042724656
1143,-0.0020446787
1144,-0.0036621094
1145,-0.0033569355
1146,-0.0028076153
1147,-0.0029907208
1148,0.0007324256
1149,-0.00064086914
1150,0.0011291485
1151,-0.0014038105
1152,0.00021362491
1153,-0.0020751934
1154,-0.0012817383
1155,0.0010986333
1156,0.0034484863
1157,0.005859376
1158,0.0046997066
1159,0.0037841804
1160,-0.0012512212
1161,-0.0010375965
1162,-0.0035095226
1163,-0.00024413958
1164,6.103376e-05
1165,0.0018005379
1166,0.0011596683
1167,-0.0013427734
1168,-0.0005493169
1169,0.0025329608
1170,0.003967285
1171,0.0040588398
1172,0.0039672833
1173,-0.0011291523
1174,0.0024414062
1175,0.0017395001
1176,0.0010986291
1177,-0.0019836444
1178,0.00012206845
1179,0.0006408673
1180,0.0025024358
1181,-0.0021057166
1182,-0.0011901874
1183,-0.0023498554
1184,-0.0010986328
1185,0.00076293945
1186,0.0008850116
1187,0.00030517206
1188,0.0028381366
1189,-0.00070190616
1190,-0.00024413876
1191,-0.0003356943
1192,-0.001373291
1193,-0.0017700214
1194,-0.0018310566
1195,-0.0015869145
1196,-0.0014038081
1197,0.000488278
1198,-0.0016174302
1199,3.0517345e-05
1200,-0.0022277823
1201,-0.0008544936
1202,-0.0027770991
1203,0.00088500883
1204,0.0016479502
1205,0.0023193369
1206,0.0023803702
1207,1.3969839e-09
1208,-0.0011291527
1209,-0.0013427725
1210,0.0027770996
1211,-0.0020446763
1212,0.0002441397
1213,-0.0018615723
1214,0.0048828092
1215,-0.0006103511
1216,0.0036010763
1217,-0.007019041
1218,-0.003265382
1219,-0.0050964374
1220,0.003173829
1221,-0.00024414062
1222,0.005981447
1223,0.00045776134
1224,0.00021362444
1225,-0.0028381357
1226,-0.0032043448
1227,-0.0059814462
1228,-0.0039062481
1229,0.0021057157
1230,-0.002624508
1231,0.0032348633
1232,-0.002471922
1233,6.1035156e-05
1234,-0.0051879883
1235,-0.0012512207
1236,-0.009368885
1237,-0.0015563928
1238,-0.0023498423
1239,0.001739502
1240,0.000823969
1241,0.0037231483
1242,0.0014343392
1243,0.000579834
1244,0.004119871
1245,-0.00024413876
1246,0.0026245108
1247,0.0014343271
1248,0.0027160635
1249,0.0007934561
1250,0.0018005352
1251,0.0022277846
1252,0.0022277832
1253,0.003295896
1254,0.0032348651
1255,0.00082397275
1256,0.0016479511
1257,0.0026245099
1258,0.002380371
1259,0.002319334
1260,0.0025024395
1261,0.0017395038
1262,0.0013122577
1263,-0.0015869122
1264,0.0004882831
1265,-0.0029602032
1266,0.0008239746
1267,0.0009460449
1268,-0.0008239709
1269,-0.0034179632
1270,-0.00012206659
1271,-0.00024413876
1272,0.0013427772
1273,0.0009460505
1274,0.0017700214
1275,-0.001159667
1276,0.0014343252
1277,-0.0038757296
1278,-0.0019836435
1279,-0.0041503897
1280,-0.003387453
1281,-0.005767823
1282,-0.0016174316
1283,-0.00363159
1284,-0.0007934533
1285,-0.0011291467
1286,-0.0011901818
1287,-0.0038146954
1288,-0.0029907208
1289,-0.0032043457
1290,0.0011596698
1291,-0.0030212402
1292,0.0020751953
1293,-6.1033294e-05
1294,0.003112793
1295,-0.0016479455
1296,0.000701908
1297,-0.0005493164
1298,0.00039673038
1299,-0.0016784668
1300,-0.00070190243
1301,-0.0012817346
1302,0.0043640183
1303,0.004119871
1304,0.0068969736
1305,0.0043335
1306,0.0039062537
1307,0.0038146991
1308,0.003692627
1309,0.0030517597
1310,0.004943842
1311,-0.00048827566
1312,0.0016784649
1313,-0.0040588332
1314,0.00039672665
1315,-0.00079345424
1316,9.154901e-05
1317,-3.051944e-05
1318,0.0020751934
1319,0.0008239746
1320,0.004058838
1321,-0.0032348614
1322,-0.0007934589
1323,-0.003173829
1324,0.0013427688
1325,-9.154901e-05
1326,-0.0015563974
1327,-0.0023803697
1328,-0.0047302265
1329,-0.0076904283
1330,-3.051851e-05
1331,-0.00390625
1332,-0.0019836407
1333,-0.005340576
1334,-0.0019531194
1335,-0.005218506
1336,-0.0019836389
1337,-0.003112791
1338,0.0018005371
1339,0.0015563983
1340,0.0056457557
1341,-0.0010375958
1342,0.002014162
1343,-0.0018615797
1344,-0.0007324144
1345,-0.007995598
1346,-0.010192871
1347,-0.012207009
1348,-0.009765647
1349,-0.011688203
1350,-0.00024412572
1351,-0.0043029487
1352,0.0009460524
1353,-0.0057677925
1354,0.0015868843
1355,0.0014038086
1356,0.004425034
1357,0.007385263
1358,0.010040304
1359,0.008270258
1360,0.015197737
1361,0.016540527
1362,0.023986824
1363,0.021270737
1364,0.021484375
1365,0.015930168
1366,0.018432617
1367,0.017395005
1368,0.014465347
1369,0.008605957
1370,0.011810303
1371,-0.000732407
1372,0.00076295435
1373,-0.006591797
1374,-0.0060729682
1375,-0.012237512
1376,-0.010040261
1377,-0.007446289
1378,-0.003936745
1379,-0.0006408766
1380,0.0007629618
1381,-0.0022277683
1382,-0.0010986179
1383,-0.0014648288
1384,-0.0033264086
1385,-0.0077819414
1386,-0.008819599
1387,-0.0068054013
1388,-0.009490985
1389,-0.009002664
1390,-0.0121765295
1391,-0.013488759
1392,-0.014617939
1393,-0.012603752
1394,-0.012847908
1395,-0.009704605
1396,-0.0107116625
1397,-0.0067748986
1398,-0.007293701
1399,-0.0015563779
1400,0.0005187765
1401,0.0018615797
1402,-0.0014648587
1403,-0.0019225851
1404,-0.001678504
1405,0.0054321364
1406,0.0014648438
1407,-0.0055847317
1408,-0.011352517
1409,-0.021057129
1410,-0.018218994
1411,-0.010162339
1412,-0.0055236965
1413,0.0027770996
1414,0.010864273
1415,0.003601104
1416,0.0064391866
1417,0.018646263
1418,0.024627663
1419,0.010864243
1420,0.006347634
1421,0.009429939
1422,-0.0059204325
1423,-0.02407837
1424,-0.03271489
1425,-0.035430893
1426,-0.0048217922
1427,0.00491336
1428,-0.0032653958
1429,0.0105896145
1430,0.016876206
1431,0.01824952
1432,0.039398193
1433,0.049652122
1434,0.043945312
1435,0.060699478
1436,0.056365967
1437,0.03451538
1438,0.026885986
1439,0.022583008
1440,0.009246826
1441,-0.0060729682
1442,-0.015075669
1443,-0.021270707
1444,-0.020538315
1445,-0.021209687
1446,-0.02230835
1447,-0.018768258
1448,-0.015258789
1449,-0.014160141
1450,-0.0148926005
1451,-0.013671868
1452,-0.015808113
1453,-0.015991203
1454,-0.012451179
1455,-0.013427727
1456,-0.008392338
1457,-0.007110592
1458,-0.0066833496
1459,-0.010986321
1460,-0.0043334886
1461,-0.0075988695
1462,-0.009094223
1463,-0.008605942
1464,-0.0091857985
1465,-0.01586914
1466,-0.016418487
1467,-0.014587432
1468,-0.013641387
1469,-0.01184085
1470,-0.008056641
1471,-0.007080093
1472,-0.0046081245
1473,0.0025939792
1474,0.0054321587
1475,0.0050658733
1476,0.0076294392
1477,0.011596657
1478,0.011962935
1479,0.012939431
1480,0.01589968
1481,0.010162324
1482,0.008666988
1483,0.007781962
1484,0.008880619
1485,0.010803232
1486,0.013305664
1487,0.009277342
1488,0.003936764
1489,0.0036010803
1490,0.00085449265
1491,0.00067138486
1492,0.003723144
1493,-1.8626451e-09
1494,0.0016174316
1495,0.0013732947
1496,0.006530758
1497,0.0065307617
1498,0.011108398
1499,0.010467529
1500,0.011962898
1501,0.008850098
1502,0.0097351
1503,0.0074768066
1504,0.0066528246
1505,0.0033874586
1506,-0.0003662035
1507,-0.00027463585
1508,-0.0038146824
1509,-0.0021056905
1510,-0.008972172
1511,-0.0059204064
1512,-0.0047912784
1513,-0.0037536658
1514,-0.004913315
1515,-0.0031127818
1516,-0.0032653995
1517,-0.00634766
1518,-0.0046692006
1519,-0.004516609
1520,-0.0050659105
1521,-0.0037841704
1522,-0.0050964467
1523,-0.0030212393
1524,-0.0028076172
1525,-0.0012817397
1526,-0.0062561054
1527,-0.005065916
1528,-0.008636484
1529,-0.009246815
1530,-0.008087169
1531,-0.005706776
1532,-0.0073242225
1533,-0.0063781664
1534,-0.0060119852
1535,-0.0066222847
1536,-0.0042419657
1537,-0.00067139417
1538,-0.00033569336
1539,0.0011901855
1540,0.0036010556
1541,0.003082309
1542,0.0068664495
1543,0.0076904316
1544,0.010009771
1545,0.009796147
1546,0.006286609
1547,0.0108642625
1548,0.0066528292
1549,0.007171629
1550,0.004516598
1551,0.0048522986
1552,0.0062866174
1553,0.005310055
1554,0.004211433
1555,0.001525864
1556,0.00067140535
1557,0.0031127967
1558,-0.0003662035
1559,0.000823956
1560,-0.0003967248
1561,0.001831051
1562,-0.0018615499
1563,-0.0024718978
1564,-6.105006e-05
1565,-0.0042419434
1566,-0.0022888277
1567,-0.0057983305
1568,-0.0036621112
1569,-0.0029602014
1570,0.003051743
1571,-0.0019836407
1572,-0.0058898926
1573,0.00061035156
1574,0.0013427716
1575,0.0014343243
1576,-0.00076293945
1577,0.00033569336
1578,-0.0036315906
1579,-0.0020751953
1580,-0.0050659208
1581,-0.003845214
1582,-0.0007629371
1583,-0.0022277823
1584,-0.002746582
1585,-0.0033874493
1586,-0.002960207
1587,-0.005004883
1588,-0.0014953632
1589,-0.00045776553
1590,-0.0027465858
1591,-0.00030517578
1592,-0.0021362342
1593,-0.0019836426
1594,-0.0041198693
1595,-0.00030517578
1596,-0.004455559
1597,-0.0003051646
1598,6.1035156e-05
1599,0.0022583045
1600,0.00015258417
1601,0.0036621038
1602,0.001159668
1603,0.002136236
1604,0.00064086914
1605,0.0033264142
1606,0.0019226093
1607,0.0030517592
1608,0.002258304
1609,0.0032348647
1610,0.002563478
1611,0.0012207014
1612,0.0050048833
1613,0.001281739
1614,0.00213623
1615,-0.0022583008
1616,-0.000183105
1617,-0.0032043443
1618,-0.0013427744
1619,-0.0013427718
1620,-0.002197266
1621,0.003112794
1622,0.0013122573
1623,0.0019531255
1624,-0.0035095206
1625,0.0010986328
1626,0.0004272461
1627,-0.0015563956
1628,-0.0020751925
1629,-0.003967286
1630,-0.0012207013
1631,0.00012206845
1632,0.001220704
1633,0.001953126
1634,0.0047302274
1635,-0.00021362491
1636,0.00366211
1637,-0.00054931454
1638,-0.0028076172
1639,-0.0041503888
1640,-0.00390625
1641,-0.0010070791
1642,0.00036621094
1643,0.004577636
1644,0.0025939941
1645,0.0003662128
1646,0.0023498533
1647,0.00045776344
1648,-0.0010375993
1649,-0.0009460442
1650,-0.00033569476
1651,-0.00054931664
1652,3.0517345e-05
1653,0.0022583026
1654,0.0024414035
1655,0.0027160663
1656,0.0033569345
1657,0.0055847187
1658,0.002807619
1659,0.004119871
1660,0.0010986328
1661,0.000579834
1662,0.0008850079
1663,0.00018310733
1664,-0.00216675
1665,-0.0027771033
1666,-0.0012512207
1667,-0.0012512207
1668,0.00091552734
1669,3.0516647e-05
1670,0.00057983585
1671,-0.0045776395
1672,-0.0015869155
1673,-0.0026550288
1674,-0.001342773
1675,-0.0007629399
1676,0.0006713858
1677,-0.0024108877
1678,0.0010375963
1679,0.00030517753
1680,-0.0015258789
1681,-0.0036621094
1682,-0.0013732921
1683,0.003723145
1684,0.0020141602
1685,0.00085449126
1686,-0.0048828125
1687,-0.0048217773
1688,-0.0039062486
1689,0.0054321294
1690,-0.0012817378
1691,-0.0017089841
1692,0.00024413946
1693,0.0035095213
1694,0.0036315916
1695,0.0024414067
1696,0.003082274
1697,3.0518277e-05
1698,0.0010681166
1699,-0.0047302255
1700,-0.00076294015
1701,-0.0015563946
1702,0.00076293945
1703,0.0024414072
1704,0.0018615704
1705,0.0031738281
1706,0.0025024395
1707,0.002166748
1708,-0.00088500977
1709,0.0009460449
1710,-0.00051880255
1711,-0.0004577646
1712,-0.0028686542
1713,-6.103632e-05
1714,-0.0064697256
1715,-0.0011291513
1716,-0.006591798
1717,-0.0023498535
1718,-0.0056762733
1719,0.0004577674
1720,-0.0010375995
1721,3.051944e-05
1722,0.002105711
1723,-0.0029907208
1724,0.005218505
1725,-0.0006408701
1726,0.0025634784
1727,-0.0020751953
1728,0.0036621094
1729,-0.00091553107
1730,-0.0028076163
1731,0.0008239746
1732,-0.00418091
1733,-3.0517578e-05
1734,0.0030517587
1735,-0.0025634756
1736,0.0069885245
1737,-0.0056457506
1738,0.00866699
1739,-0.005432131
1740,0.011566164
1741,-0.0103149405
1742,0.010681153
1743,-0.004058839
1744,0.0070495605
1745,-0.00048828125
1746,0.008605957
1747,-0.008941651
1748,0.0050659142
1749,-0.004913331
1750,0.004150388
1751,-0.0038757334
1752,0.00616455
1753,-0.005676268
1754,0.003021241
1755,-0.00744629
1756,0.0034790048
1757,-0.007354736
1758,0.00079345657
1759,-0.0018615723
1760,0.0030822754
1761,-0.005065917
1762,0.0043334956
1763,-0.0024414067
1764,0.0050354
1765,-0.0057373038
1766,0.010650634
1767,-0.0058898926
1768,0.005432128
1769,-0.0058288574
1770,0.00744629
1771,-0.005859375
1772,0.0022277832
1773,-0.0014648438
1774,-0.002929688
1775,0.0025634766
1776,-0.004028321
1777,-0.001373291
1778,-0.0034484868
1779,-0.0017395015
1780,-0.00097656203
1781,0.0048522963
1782,0.0028076172
1783,0.0026245108
1784,0.010162355
1785,-0.0028381366
1786,0.003326416
1787,0.0077209454
1788,-0.010528564
1789,0.0031738244
1790,-0.003448487
1791,-0.0052490244
1792,0.00091552676
1793,-0.0008544959
1794,-0.006134032
1795,0.0015258789
1796,-0.0040588398
1797,-0.0017700195
1798,-0.0036621075
1799,-6.103702e-05
1800,-0.0023498507
1801,-0.0005187988
1802,0.004608155
1803,-0.0031738263
1804,0.007934572
1805,-0.0056762723
1806,0.0065002465
1807,-0.004425049
1808,0.0036621103
1809,-0.0072021475
1810,0.0060729976
1811,-0.0080566425
1812,0.0073852562
1813,-0.0011596683
1814,0.005218504
1815,0.00070190453
1816,0.0019226077
1817,-0.0028076181
1818,-0.0005798335
1819,0.00067138765
1820,0.0028076172
1821,0.00253296
1822,-0.0006408682
1823,-0.0002441397
1824,0.0053100595
1825,0.0023193369
1826,-0.0028381324
1827,0.0030212384
1828,-0.004241942
1829,-0.002532959
1830,0.0012817391
1831,-0.0064086937
1832,0.0016479505
1833,-0.005126954
1834,0.0005187979
1835,-0.0022582998
1836,-0.0025634775
1837,0.00073241815
1838,-0.0007019052
1839,0.0031433115
1840,-0.00088501186
1841,0.0021362312
1842,0.0024719252
1843,6.1035156e-05
1844,-0.002563479
1845,0.00543213
1846,-0.004486085
1847,0.0050659194
1848,0.0032653809
1849,0.0004272461
1850,0.0030822782
1851,-0.0022888188
1852,0.0030212393
1853,-0.0028991723
1854,0.004547118
1855,-0.0075073247
1856,0.0014038109
1857,-0.0062866225
1858,-0.00109863
1859,-0.005554199
1860,0.0016174316
1861,-0.006500246
1862,-0.0014648419
1863,-0.0018615723
1864,-0.0017700177
1865,0.0050659194
1866,-0.0025634766
1867,0.0034790067
1868,0.00024413737
1869,0.00079345726
1870,0.00064086955
1871,0.005798341
1872,0.0033569331
1873,0.0014343278
1874,0.003753661
1875,-0.0011901853
1876,0.00030517473
1877,-0.0039672856
1878,0.0026550307
1879,-0.000579834
1880,0.0015258787
1881,-0.00079345703
1882,0.0013732908
1883,-0.0020751955
1884,0.0058593736
1885,-0.006164551
1886,0.0045776367
1887,-0.0051879883
1888,0.0019226073
1889,-0.0029907227
1890,0.0046691895
1891,-0.0052795405
1892,0.008911133
1893,-0.0011291504
1894,0.0026245117
1895,0.0017089834
1896,0.00048828404
1897,-0.0036926284
1898,-0.00048828125
1899,-0.0031738286
1900,-0.00085449114
1901,-0.0002441415
1902,-0.0012817372
1903,-0.00082397484
1904,-0.002288818
1905,-0.0014038091
1906,-0.0012817369
1907,0.00030517438
1908,-0.0022888165
1909,-0.00021362491
1910,-0.0021362295
1911,-0.0024108887
1912,9.1552734e-05
1913,-0.0024719238
1914,0.0015258808
1915,0.0005798368
1916,0.0012512216
1917,0.00082397414
1918,0.0019226079
1919,0.00076294085
1920,-0.0010986289
1921,0.0040588398
1922,-0.0012207034
1923,0.0038146959
1924,-0.0007019036
1925,0.0023498535
1926,-0.0021057122
1927,0.005706786
1928,-0.004608154
1929,0.0026245113
1930,-0.0015258783
1931,0.0007019036
1932,-0.0050964346
1933,0.0023803697
1934,-0.0049438463
1935,0.000762939
1936,-0.00048828113
1937,0.002624509
1938,-0.00097656203
1939,0.005126954
1940,-0.0019226065
1941,0.004180908
1942,0.003326417
1943,0.0032653818
1944,0.0010986347
1945,0.002746582
1946,-0.001373291
1947,-0.00015258789
1948,-0.0010070819
1949,0.00097656064
1950,0.00048828404
1951,0.00097656064
1952,-0.0010986319
1953,0.00024414062
1954,-0.0014953609
1955,0.0020141592
1956,-0.0047302255
1957,0.0006408687
1958,-0.0031433078
1959,0.0002746568
1960,-0.0029907231
1961,0.0011901865
1962,-0.0026245108
1963,0.00036621012
1964,-0.0027160645
1965,0.0003662114
1966,-0.0023193373
1967,-0.0014953599
1968,-4.656613e-10
1969,0.00076293945
1970,0.0005187979
1971,-0.00070190476
1972,6.103469e-05
1973,-0.0021362281
1974,0.0018920898
1975,0.00054931495
1976,0.0006103518
1977,0.0001525888
1978,0.0010681145
1979,-0.0010070801
1980,0.0057373033
1981,0.0017395024
1982,-0.0017089839
1983,0.00012207194
1984,6.103411e-05
1985,-0.00036621094
1986,-0.003173829
1987,0.00012207031
1988,-0.004547118
1989,-0.0007629413
1990,-0.004058838
1991,-0.0053405743
1992,-0.005615238
1993,-0.0011596642
1994,0.00061035156
1995,-0.0010375977
1996,0.0027160682
1997,-0.0009155236
1998,-0.0018615797
1999,-0.0044250526
2000,-0.0001525972
2001,0.0035095103
2002,-0.0020752028
2003,-0.0048217773
2004,-0.031982422
2005,-0.025024414
2006,0.009246852
2007,0.005218489
2008,0.008331303
2009,0.03375245
2010,0.019073486
2011,-0.01623538
2012,-0.008789048
2013,-0.0051879915
2014,-0.007293701
2015,0.017852798
2016,0.043121316
2017,0.035980254
2018,0.035003617
2019,0.06616217
2020,0.08300772
2021,0.06573492
2022,0.018341005
2023,-0.03076166
2024,-0.053680405
2025,-0.04559319
2026,-0.042358473
2027,-0.05545037
2028,-0.05511473
2029,-0.038391113
2030,-0.014526376
2031,0.005767828
2032,0.014465319
2033,0.012634277
2034,0.015777595
2035,0.0068664523
2036,-0.0021667462
2037,-0.011962898
2038,-0.029144287
2039,-0.038940422
2040,-0.03799437
2041,-0.032440156
2042,-0.02407834
2043,-0.015197754
2044,-0.006072998
2045,0.00021359324
2046,0.0074768066
2047,0.012634277
2048,0.021698028
2049,0.025787339
2050,0.027313218
2051,0.024505598
2052,0.018493667
2053,0.0051574633
2054,-0.004394524
2055,-0.015289314
2056,-0.016540505
2057,-0.01965332
2058,-0.010620117
2059,-0.009613045
2060,0.00076292455
2061,0.004516598
2062,0.016448988
2063,0.018524172
2064,0.023162825
2065,0.0208435
2066,0.021606453
2067,0.016723622
2068,0.0117798
2069,0.006317135
2070,-0.00030515343
2071,-0.004852319
2072,-0.007415766
2073,-0.008209234
2074,-0.0051879846
2075,-0.0044555794
2076,-1.8626451e-09
2077,-0.0005187951
2078,0.0068359375
2079,0.0050354116
2080,0.008392323
2081,0.007995613
2082,0.008148182
2083,0.004058823
2084,0.0043029636
2085,0.0036010742
2086,0.0028075948
2087,-0.001525864
2088,-0.0037841722
2089,-0.0057678483
2090,-0.004302986
2091,-0.005310055
2092,-0.0038757361
2093,-0.0018310696
2094,-0.0023193397
2095,-0.0017395131
2096,-0.0030212384
2097,-0.006439203
2098,-0.005706786
2099,-0.006988529
2100,-0.00836181
2101,-0.011138918
2102,-0.012817383
2103,-0.012115493
2104,-0.010131832
2105,-0.0044860896
2106,0.007385274
2107,0.012481686
2108,0.0127258245
2109,0.015838621
2110,0.014373787
2111,0.009368893
2112,0.0043334905
2113,9.155227e-05
2114,-0.009399414
2115,-0.009643555
2116,-0.014739985
2117,-0.014984127
2118,-0.01171875
2119,-0.009674076
2120,-0.006164562
2121,-9.1560185e-05
2122,0.0034179818
2123,0.0073852567
2124,0.012176513
2125,0.010375974
2126,0.011627196
2127,0.0081481915
2128,0.005554199
2129,0.004577635
2130,0.0046386756
2131,-0.00027466007
2132,0.0012512244
2133,-0.002380372
2134,-0.0049133264
2135,-0.0058898944
2136,-0.004943844
2137,-0.008728026
2138,-0.0057373066
2139,-0.008911122
2140,-0.007263191
2141,-0.004058834
2142,-0.0012206994
2143,-0.002319347
2144,-0.0007629283
2145,-0.004364006
2146,0.00021361746
2147,0.0053405687
2148,0.008300792
2149,0.0042114155
2150,0.0036010714
2151,0.0047607445
2152,0.0024719238
2153,0.00024414202
2154,0.00076293666
2155,0.0013427734
2156,-0.0009155292
2157,0.00021362258
2158,-0.0012817394
2159,0.0016174304
2160,0.0013427744
2161,0.0034179688
2162,0.0030822745
2163,0.0045166006
2164,0.0053100605
2165,0.0052490234
2166,0.0035095233
2167,0.0022277832
2168,0.0038146973
2169,-0.0002441425
2170,0.0016479511
2171,-0.0017700233
2172,-0.0036621094
2173,-0.0025024451
2174,-0.003753663
2175,-0.0024719278
2176,-0.0043334933
2177,-0.002746584
2178,-0.004577636
2179,0.00021362258
2180,-0.003173827
2181,-0.0007324233
2182,-0.0032348633
2183,0.0010070791
2184,-0.00018310477
2185,0.0026550305
2186,0.0029907217
2187,0.001159667
2188,0.0020446787
2189,0.002899168
2190,0.0021972638
2191,-6.1034225e-05
2192,0.0020751934
2193,-0.0014038077
2194,-0.002014162
2195,-0.000793459
2196,-0.0047912607
2197,0.00018310733
2198,-0.002868652
2199,0.0013122552
2200,-0.003448485
2201,0.0016479483
2202,-0.0016174316
2203,-0.00027465913
2204,-0.0009765644
2205,-0.00036621047
2206,-0.00015258882
2207,-0.0008544959
2208,-0.0013732882
2209,-0.0040588398
2210,-0.00070190243
2211,-0.0017700233
2212,0.0021972647
2213,-0.0014648456
2214,-0.00051879976
2215,0.0012512188
2216,0.00033569243
2217,0.0016479502
2218,0.0008239739
2219,0.0022277841
2220,0.00064086635
2221,0.00543213
2222,0.0013427744
2223,0.003967287
2224,0.0013427725
2225,0.00036621187
2226,0.00021362398
2227,-0.00012207031
2228,0.0014648465
2229,0.000946044
2230,0.0013427772
2231,-0.0007629413
2232,0.00021362584
2233,0.00024413783
2234,-0.0031738244
2235,0.0015563923
2236,-0.0017089816
2237,0.0007629357
2238,-0.001525877
2239,0.0012817362
2240,-0.0018920898
2241,-0.0010070812
2242,-0.001312254
2243,-0.0018005375
2244,-0.00048828137
2245,-0.001373291
2246,0.0010070802
2247,-0.0022888184
2248,0.002258301
2249,-0.0014343257
2250,0.00094604376
2251,0.0011596689
2252,0.0020141592
2253,0.0030517569
2254,0.0040893564
2255,0.0031127892
2256,-0.0005188007
2257,0.00033569103
2258,-0.004577636
2259,-0.0012817406
2260,-0.0036010747
2261,-0.0017395047
2262,-0.0051879897
2263,-0.0028381357
2264,-0.0044555664
2265,-0.0009460468
2266,0.00018310826
2267,-0.001220704
2268,0.0011596698
2269,0.00082397554
2270,0.0036621122
2271,0.0025329571
2272,0.0032348642
2273,-9.1552734e-05
2274,6.1118044e-10
2275,3.0517345e-05
2276,-2.910383e-11
2277,0.0030212402
2278,-0.0021972656
2279,0.002166748
2280,-0.0010681151
2281,0.0011901855
2282,-0.0010681152
2283,0.0005187988
2284,-0.0017700195
2285,0.00012206985
2286,-0.00097656157
2287,-0.0011596694
2288,-0.0018005343
2289,-0.0016479492
2290,-0.001098631
2291,-0.00024414016
2292,0.00073242234
2293,-0.0011596694
2294,0.00024414225
2295,0.0025024423
2296,0.0020751946
2297,0.00088500883
2298,0.0023803706
2299,-0.00045776268
2300,0.0007629393
2301,-1.1641532e-10
2302,-0.00039672852
2303,-0.0010375979
2304,0.0011901855
2305,3.0517462e-05
2306,0.0017700195
2307,-0.0016479492
2308,-0.0007019043
2309,-0.0008239745
2310,0.0007324219
2311,0.0012512207
2312,0.0011291499
2313,0.0017089848
2314,0.0009765611
2315,0.0009460468
2316,0.00054931594
2317,0.0012817401
2318,0.0009155264
2319,-3.0518393e-05
2320,-0.001251221
2321,-0.0038452134
2322,-0.002960205
2323,-0.0011596694
2324,-0.0032043443
2325,-0.0029907245
2326,-0.001159668
2327,0.00079345517
2328,0.00015258836
2329,0.00085449126
2330,0.00027465587
2331,-0.00051879836
2332,0.0011596703
2333,-0.00048827985
2334,-0.001037599
2335,-0.00039672945
2336,0.0004577632
2337,-0.00042724563
2338,-6.1034225e-05
2339,0.0017700181
2340,6.1034225e-05
2341,0.0017395021
2342,-0.00064086734
2343,0.002868651
2344,0.0010375979
2345,0.0034484859
2346,0.00042724656
2347,3.0516763e-05
2348,-0.0002746582
2349,-0.0005798342
2350,-0.00085449126
2351,-0.0013427744
2352,-0.0015258768
2353,-0.0030822773
2354,0.001983644
2355,-0.002166748
2356,0.00085449405
2357,-9.155227e-05
2358,-0.0006713844
2359,0.0011596656
2360,9.313226e-10
2361,0.0021667485
2362,-0.0005187986
2363,0.00085449184
2364,-0.00125122
2365,0.001159668
2366,0.0006103515
2367,0.00094604475
2368,-0.0010986327
2369,0.0011291504
2370,0.0009155273
2371,-0.001312256
2372,9.155266e-05
2373,-0.0024414062
2374,0.0012512207
2375,0.0004577638
2376,-3.051781e-05
2377,0.00045776367
2378,0.0007019043
2379,0.0013427748
2380,0.003051756
2381,0.0018310556
2382,0.0010070782
2383,0.0003356957
2384,-0.0024719238
2385,-0.0031127934
2386,-0.00067138753
2387,-9.155135e-05
2388,-0.0008239746
2389,-6.1035855e-05
2390,-0.0021972656
2391,-0.0014343269
2392,0.0005187979
2393,-0.00079345657
2394,-0.0023193373
2395,0.00021362444
2396,9.155157e-05
2397,-0.00048828032
2398,0.0007934554
2399,0.0013732929
2400,0.00012206985
2401,0.0009765624
2402,0.0021667466
2403,-0.0013732903
2404,0.00079345645
2405,0.0004577636
2406,0.0015258791
2407,-0.00061035156
2408,0.00033569313
2409,0.00091552734
2410,-0.00027465774
2411,0.0004272447
2412,0.0009765634
2413,0.000885007
2414,-0.00015258696
2415,0.000976563
2416,-0.0011291485
2417,-0.0004272461
2418,-0.00018310547
2419,0.0014648428
2420,-6.103655e-05
2421,0.0013427744
2422,-0.00064087147
2423,-0.00036620768
2424,0.0008850079
2425,0.00045776647
2426,0.0008239737
2427,0.0005798377
2428,0.00070189964
2429,0.0007934617
2430,0.0025024377
2431,-0.00042724516
2432,3.0515715e-05
2433,0.00021362491
2434,-0.00036621
2435,-0.0010375958
2436,-0.0006103497
2437,0.00024414062
2438,-0.00018310454
2439,0.000640871
2440,-3.0517578e-05
2441,-0.0003356943
2442,-0.0006103511
2443,-0.0009765634
2444,-0.0006408717
2445,-0.002258301
2446,-0.0017089813
2447,-0.0009155285
2448,0.00033569406
2449,-0.00015258789
2450,0.00021362421
2451,0.00039672828
2452,-0.0012512205
2453,0.00057983305
2454,0.00021362421
2455,0.0009765618
2456,-0.0004577625
2457,-0.002166749
2458,-0.0026855466
2459,-0.000579834
2460,-0.001220704
2461,-0.0013122535
2462,-0.00048828125
2463,-0.0012207027
2464,-0.000579834
2465,-0.0009460449
2466,-0.0016784705
2467,2.7939677e-09
2468,-0.00030517578
2469,-9.15518e-05
2470,-0.003234867
2471,-0.00097656064
2472,-0.0018615741
2473,-0.0009765625
2474,-0.00054931827
2475,0.00076293945
2476,-0.000640871
2477,-0.00030517206
2478,0.0012817336
2479,0.0013427706
2480,0.0016784659
2481,0.00241089
2482,0.0023193345
2483,0.0011901862
2484,0.0029602048
2485,0.0010070796
2486,0.0029602055
2487,0.0015258796
2488,0.00021362375
2489,-0.0007934575
2490,0.0021972652
2491,0.0010070777
2492,0.0026550298
2493,-0.00021362491
2494,0.0007324219
2495,-0.0017700223
2496,0.0003051737
2497,-0.0014343271
2498,-0.0012207006
2499,-0.0011901865
2500,9.155215e-05
2501,-0.0011901851
2502,-0.0010681151
2503,0.0006713867
2504,0.00036621085
2505,-0.00048828122
2506,0.00073242176
2507,-0.00033569342
2508,0.00033569342
2509,-0.0005187986
2510,-0.0005493165
2511,-9.155262e-05
2512,0.0013122559
2513,-0.00057983387
2514,-0.00088500977
2515,3.0517345e-05
2516,0.00012207055
2517,0.0011901853
2518,0.0017700198
2519,0.00057983305
2520,0.0008850107
2521,0.0013122559
2522,-0.00051879766
2523,-0.0009765615
2524,-0.0009460447
2525,-0.0017395034
2526,-0.001342773
2527,-0.00033569286
2528,0.00079345657
2529,0.00015258789
2530,0.001159668
2531,0.0018920898
2532,-0.0005187987
2533,-0.0013122559
2534,9.15525e-05
2535,-0.0024719238
2536,-0.0010070797
2537,0.00021362305
2538,-0.00030517596
2539,0.00076293945
2540,0.0010986329
2541,-0.000152588
2542,0.00012207034
2543,-0.00064086926
2544,-0.0009155274
2545,0.0014953613
2546,-0.00024414062
2547,0.0017700181
2548,0.0021057134
2549,0.00079345703
2550,0.0012817383
2551,0.000610352
2552,-0.0003356957
2553,0.00048827985
2554,-0.0013732905
2555,-0.0030822738
2556,-0.0022888207
2557,-0.0023803704
2558,-0.0016479506
2559,0.0005493164
2560,0.00021362316
2561,0.0011901864
2562,0.0010070791
2563,-0.00033569383
2564,-0.0011901855
2565,0.00015258789
2566,-0.00015258812
2567,0.00057983375
2568,0.00012206985
2569,0.0016479488
2570,0.0032653809
2571,0.0031433096
2572,0.0019226084
2573,-0.0016784667
2574,-0.0017700195
2575,-0.0024414076
2576,-0.0033874535
2577,-0.0023193369
2578,-0.0015563983
2579,-0.005493164
2580,-0.003326416
2581,-0.0008239746
2582,-3.7252903e-09
2583,-0.00070190243
2584,0.0023498535
2585,-0.002105713
2586,-0.0004577618
2587,0.00018310174
2588,0.0014648428
2589,0.00030517718
2590,0.0030822782
2591,0.003814697
2592,0.004608155
2593,0.0021667476
2594,0.0022583026
2595,0.002166748
2596,0.0028991709
2597,0.0027160607
2598,0.0027771033
2599,0.0009765597
2600,0.001647953
2601,-0.0029907264
2602,-0.0010070773
2603,-0.00024414388
2604,-0.0011901837
2605,-0.003723146
2606,0.0001525908
2607,-0.0015258808
2608,-0.0038757338
2609,-0.0030822773
2610,-0.0033264142
2611,-0.00076294225
2612,-0.0021362277
2613,-0.00024414156
2614,-0.0018005343
2615,-0.00094604865
2616,-0.0018920861
2617,0.0012207013
2618,-0.0006408682
2619,0.0021057115
2620,0.0009460491
2621,0.001220698
2622,0.00073242234
2623,-0.00018310617
2624,0.00030517578
2625,0.00326538
2626,0.0007019058
2627,0.0002746568
2628,0.0017395021
2629,0.0018005371
2630,0.002166748
2631,0.0010375974
2632,-0.0011596675
2633,0.00024414039
2634,9.15525e-05
2635,-3.051851e-05
2636,0.0008239751
2637,0.0014648456
2638,0.0008544894
2639,0.00018310617
2640,-0.0010070805
2641,-0.0012512216
2642,0.0003662107
2643,-0.0014648412
2644,0.0005493151
2645,-0.0011291497
2646,-0.0016174316
2647,-0.0021972652
2648,-0.0018005357
2649,-0.001373291
2650,-0.002471922
2651,0.0007324205
2652,-6.103376e-05
2653,0.00054931734
2654,0.00045776484
2655,-0.0005187993
2656,0.0013732918
2657,0.0017089839
2658,0.002716065
2659,0.0006408687
2660,0.0018310547
2661,0.0011596675
2662,0.00064086914
2663,0.001007081
2664,0.00042724703
2665,0.0009155264
2666,0.0006103497
2667,0.0027465848
2668,0.00048828032
2669,0.0022888202
2670,0.0010986328
2671,-0.0017700158
2672,-0.0017700167
2673,-0.00042724423
2674,-6.103469e-05
2675,-0.0006713858
2676,-0.00067138625
2677,-0.0018310566
2678,-0.0018005362
2679,-2.3283064e-09
2680,0.0008850135
2681,0.002075194
2682,0.00091552734
2683,0.0007324219
2684,0.0006408701
2685,0.00054931175
2686,0.001647952
2687,0.00015258696
2688,-0.0020141592
2689,0.00018310733
2690,0.0006103525
2691,-0.0021362314
2692,0.0006408701
2693,-0.0016784659
2694,0.00018310733
2695,0.00018310733
2696,9.1550406e-05
2697,-0.0004272461
2698,0.00073242374
2699,-3.0519906e-05
2700,-0.0004272433
2701,-0.0014648456
2702,-0.000823976
2703,-0.00030517788
2704,-0.0009155269
2705,-0.0010681164
2706,0.00054931897
2707,-0.0012512216
2708,0.00030517566
2709,-0.0019836414
2710,-0.0007324219
2711,-0.0028076163
2712,-0.0014648428
2713,-0.0018615718
2714,-0.00045776553
2715,-0.0008239737
2716,-0.0017395038
2717,-0.0011291485
2718,-0.0015869122
2719,-0.00088500977
2720,0.00018310267
2721,-0.0010375986
2722,0.00061035063
2723,0.0009155283
2724,0.00085449126
2725,-0.00036620838
2726,0.0037231427
2727,0.0023498535
2728,0.0036010733
2729,0.0013732925
2730,0.002227783
2731,0.0008544917
2732,0.0002746596
2733,0.0008544908
2734,-0.00027465884
2735,-0.0024719238
2736,9.1554306e-05
2737,-0.0007324232
2738,-0.00027465762
2739,-0.00024414045
2740,-0.0004577638
2741,-0.001159668
2742,0.001495362
2743,0.0019531241
2744,-0.0006408687
2745,0.0011596675
2746,0.0011901851
2747,0.0016174316
2748,0.0011291504
2749,0.0030517569
2750,-0.00021362118
2751,0.0025024414
2752,-0.00024414528
2753,0.00039672758
2754,-0.0009765658
2755,-0.00033568963
2756,-0.001983643
2757,-0.0014343271
2758,-0.0021972673
2759,-0.0012207015
2760,0.00012206985
2761,0.00015259068
2762,0.0014648426
2763,-0.00012206938
2764,-0.0003967302
2765,-0.001647949
2766,-0.0010375977
2767,-0.0022583012
2768,-0.0012817373
2769,-0.002960205
2770,-0.0028991662
2771,-0.00363159
2772,-0.002899168
2773,-0.0006713886
2774,0.0008850116
2775,-0.00079345517
2776,0.0012512235
2777,0.00088500883
2778,0.0004882822
2779,0.0019836416
2780,0.0024414062
2781,-3.0517578e-05
2782,0.0007019052
2783,-0.00024414156
2784,-0.0031433115
2785,-0.00054931734
2786,-0.0011291504
2787,0.0011291504
2788,-0.002471922
2789,-0.00042724796
2790,-0.0019836463
2791,-0.0004272461
2792,0.0015563983
2793,-6.1033294e-05
2794,0.00012207031
2795,-0.0023498535
2796,0.002044674
2797,-0.0015258808
2798,-3.7252903e-09
2799,-6.103702e-05
2800,0.00018310547
2801,-0.0020446777
2802,0.0006713886
2803,0.00036620814
2804,0.0015563974
2805,0.0037536607
2806,0.0011901888
2807,0.0017394987
2808,0.0027160668
2809,0.0004882794
2810,0.0028076181
2811,0.0024719236
2812,0.0014648447
2813,0.000671386
2814,0.00079345796
2815,0.00042724493
2816,-0.00048828125
2817,0.0011291497
2818,5.820766e-10
2819,-0.00021362345
2820,-0.0026245117
2821,0.00012206967
2822,-0.0010681149
2823,6.103527e-05
2824,0.0008239751
2825,0.00015258777
2826,-9.155227e-05
2827,0.0012207027
2828,0.000305176
2829,9.155227e-05
2830,-4.656613e-10
2831,-0.0011596694
2832,0.00088500977
2833,0.0023498507
2834,0.0029907208
2835,0.0012207059
2836,0.0033569299
2837,0.002227785
2838,0.0025329553
2839,0.0014648438
2840,0.0010070801
2841,-0.0008544922
2842,0.0008850116
2843,-3.0515715e-05
2844,-0.0015258789
2845,0.0008850135
2846,-0.00051879697
2847,-3.0513853e-05
2848,-0.0010986319
2849,-0.0016174288
2850,-0.004028321
2851,-0.0026550284
2852,-0.0024719215
2853,-0.002319334
2854,-0.0021362314
2855,-0.0016479499
2856,-0.0010986323
2857,-1.1641532e-10
2858,0.0003662114
2859,0.001342772
2860,0.0008850107
2861,0.0032348623
2862,0.002746583
2863,0.0025634775
2864,0.00018310547
2865,0.0010070801
2866,0.0016784668
2867,0.0011291523
2868,0.00021362491
2869,-0.0009155292
2870,-0.0005493127
2871,0.0007324219
2872,0.0015564002
2873,9.1552734e-05
2874,0.0008850135
2875,-0.0016479492
2876,-9.1552734e-05
2877,0.0010375995
2878,0.0023193397
2879,0.0005188007
2880,-0.00021362118
2881,-0.0041503864
2882,-0.002746582
2883,-0.003723144
2884,-0.0030212393
2885,-0.00326538
2886,-0.002746583
2887,-0.0017700186
2888,0.0005493192
2889,-0.0011596698
2890,-0.0014038077
2891,-0.0036010742
2892,-0.0053100586
2893,-0.0043945294
2894,-0.0023498535
2895,-0.0015869141
2896,0.00045776367
2897,-0.0016479492
2898,-0.0017089844
2899,0.0013122559
2900,0.0012207031
2901,0.00064086914
2902,-0.0011901855
2903,-0.0012817383
2904,-0.0012817364
2905,3.0517578e-05
2906,0.0016479511
2907,0.0017700177
2908,0.0014953632
2909,0.0020751934
2910,0.003387454
2911,0.0032958984
2912,0.005126953
2913,0.0038146963
2914,0.0055236844
2915,0.0018310547
2916,0.0037841806
2917,6.1033294e-05
2918,0.0020751944
2919,0.000579834
2920,0.0007934561
2921,-0.0011901855
2922,-0.0015869145
2923,-0.0003051795
2924,-0.00015258789
2925,0.0005798377
2926,6.1035156e-05
2927,-3.0515715e-05
2928,0.0019531231
2929,0.0004272489
2930,-0.00051879697
2931,-0.0010070782
2932,-0.0016784687
2933,0.00033569522
2934,0.00079345633
2935,-0.0016784669
2936,-0.00265503
2937,-0.0017089834
2938,-0.0029296877
2939,-0.0001525887
2940,-0.0006408696
2941,-0.00036621082
2942,0.0012512207
2943,0.0020751958
2944,-0.0017089855
2945,-0.00088500837
2946,-0.0028991709
2947,-0.0011291495
2948,-0.0023498554
2949,-0.0014953604
2950,-0.002105713
2951,-0.00085448846
2952,-0.0012817346
2953,-0.00079345703
2954,-0.0018310566
2955,0.0008544922
2956,-0.00030517764
2957,0.0012817355
2958,0.0010375986
2959,0.0018310528
2960,0.0013732901
2961,0.00039672665
2962,0.00036621
2963,0.0004882822
2964,0.0005798335
2965,0.0015258787
2966,0.0016784663
2967,0.00012207101
2968,0.0017089834
2969,-0.00094604376
2970,0.0010681148
2971,-0.00024414074
2972,0.0019226074
2973,-0.00036621105
2974,-0.00079345686
2975,0.00030517532
2976,0.0014343276
2977,0.0023498512
2978,0.0025024437
2979,0.0022888165
2980,0.0007629413
2981,0.0021362295
2982,-0.0010070787
2983,-0.000701908
2984,-0.0019531231
2985,0.0012817364
2986,-0.000610352
2987,9.1549475e-05
2988,0.0011596703
2989,-0.00015259022
2990,0.0001831036
2991,-0.001007081
2992,-0.001068115
2993,-0.004241944
2994,-0.0024414067
2995,-0.0032043462
2996,-0.0018310542
2997,-0.0023803683
2998,-0.00027465634
2999,0.0006408701
3000,0.0016174307
3001,-0.00048828125
3002,-0.0014343262
3003,-0.0056762695
3004,-0.009368885
3005,-0.010833755
3006,-0.012969967
3007,-0.0123596415
3008,-0.0076904446
3009,-0.0030517504
3010,-0.0034179538
3011,0.0005493313
3012,0.0019226149
3013,0.0028076172
3014,0.0041198544
3015,0.005310066
3016,0.005096432
3017,0.010620132
3018,0.0127563495
3019,0.014801027
3020,0.016967766
3021,0.021453865
3022,0.022247307
3023,0.022186287
3024,0.020568848
3025,0.019714355
3026,0.015289322
3027,0.010955811
3028,0.0063171387
3029,0.0017700493
3030,-0.0034179837
3031,-0.007080093
3032,-0.009674042
3033,-0.013824448
3034,-0.012725823
3035,-0.0137328915
3036,-0.010040276
3037,-0.011962924
3038,-0.004608132
3039,-0.0052795447
3040,0.0017090067
3041,0.0022277683
3042,0.002746597
3043,0.00085449964
3044,0.0020446815
3045,0.0005187616
3046,0.0011901893
3047,0.0005493276
3048,-0.0045165867
3049,-0.0054931715
3050,-0.009643558
3051,-0.007202152
3052,-0.012115472
3053,-0.009216309
3054,-0.012420654
3055,-0.009918209
3056,-0.01351928
3057,-0.01397704
3058,-0.014678955
3059,-0.01159668
3060,-0.0069885254
3061,-0.007934555
3062,-0.0019531026
3063,-0.006530769
3064,-0.0061950684
3065,-0.0073852837
3066,-0.006225586
3067,-0.010559097
3068,-0.009185791
3069,-0.01071167
3070,-0.0058898926
3071,-0.0014037937
3072,0.00039672852
3073,-0.0029296726
3074,0.0015868843
3075,0.009735122
3076,0.019531276
3077,0.019348186
3078,0.016662594
3079,0.018493664
3080,0.020599365
3081,0.024566663
3082,0.021820063
3083,0.00909424
3084,-0.0005188044
3085,-0.00711059
3086,-0.01660157
3087,-0.018890377
3088,-0.021728512
3089,-0.0115356445
3090,0.00079347193
3091,0.0043640044
3092,0.00473022
3093,0.017120374
3094,0.022064205
3095,0.019195542
3096,0.014282241
3097,0.018066399
3098,0.020782486
3099,0.01983641
3100,0.015808076
3101,0.009124756
3102,0.0052185208
3103,0.0038452148
3104,0.007385239
3105,0.0058288574
3106,0.005157441
3107,0.0040893555
3108,0.004638642
3109,0.0007324219
3110,0.0045165718
3111,0.0031433105
3112,-0.0034485012
3113,-0.0027770996
3114,-0.008575447
3115,-0.0131225735
3116,-0.013702393
3117,-0.013427753
3118,-0.014526361
3119,-0.021789555
3120,-0.028015137
3121,-0.033752456
3122,-0.024169907
3123,-0.02169802
3124,-0.013824463
3125,-0.012115493
3126,-0.005950935
3127,-0.008453369
3128,-0.0024414062
3129,-0.0067443997
3130,-0.0050964504
3131,-0.0071105957
3132,-0.0047302395
3133,-0.0068359226
3134,-0.0054626316
3135,-0.004425019
3136,-0.004425019
3137,-0.0023498237
3138,0.0021362603
3139,0.005188018
3140,0.006286606
3141,0.010498077
3142,0.010620125
3143,0.017639183
3144,0.017822275
3145,0.018981926
3146,0.018402085
3147,0.018005386
3148,0.01449584
3149,0.014465336
3150,0.01177977
3151,0.008850101
3152,0.0064697117
3153,0.0020446777
3154,-0.0007934831
3155,-0.0029296651
3156,-0.003814716
3157,-0.005279541
3158,-0.0057983473
3159,-0.005035393
3160,-0.004364025
3161,-0.0032958928
3162,-0.0020751953
3163,-0.0014953595
3164,0.0018920898
3165,0.0007324219
3166,0.0008544903
3167,0.0010681134
3168,0.0016479474
3169,0.0016479474
3170,0.0045166016
3171,3.052503e-05
3172,0.0030212365
3173,0.0031433217
3174,0.0059204027
3175,0.0012207031
3176,0.0045165904
3177,0.0014953576
3178,0.0014343113
3179,-0.0023193285
3180,0.00091552734
3181,-0.0010681264
3182,-0.000488285
3183,-0.0016174205
3184,-0.0039367788
3185,-0.003662115
3186,-0.0054016104
3187,-0.0076599065
3188,-0.007995612
3189,-0.008239744
3190,-0.008605955
3191,-0.0042419396
3192,-0.0057678204
3193,-0.003265379
3194,-0.0031433105
3195,-0.0025024414
3196,-0.0013122559
3197,-0.00024414062
3198,-0.00021362305
3199,0.00027465634
3200,-0.0004882794
3201,0.0024719238
3202,0.00469971
3203,0.004699709
3204,0.0064086905
3205,0.0066223126
3206,0.0056152362
3207,0.007995602
3208,0.0054931734
3209,0.00680542
3210,0.004455574
3211,0.0038452223
3212,0.0013427697
3213,0.0010986254
3214,0.0006408766
3215,0.0005187839
3216,-0.0027465709
3217,-0.0011901669
3218,-3.7252903e-09
3219,0.0014038123
3220,0.00296022
3221,0.001800552
3222,0.0011291355
3223,-0.0011596829
3224,-0.000335671
3225,-0.0039367676
3226,0.00042723864
3227,-0.00320434
3228,0.0003357008
3229,-0.0071411133
3230,-0.0025329506
3231,-0.0069885273
3232,-0.0022277823
3233,-0.005187987
3234,-0.0040588398
3235,-0.005493162
3236,-0.0027160663
3237,-0.004486084
3238,-0.002471922
3239,-9.15546e-05
3240,-0.0009765644
3241,-0.0004272461
3242,0.00042724516
3243,0.0023803688
3244,0.00091553084
3245,0.004669191
3246,0.0010986318
3247,0.003448484
3248,0.0014953623
3249,0.0024108875
3250,0.00024414202
3251,0.002502441
3252,0.0005493171
3253,0.0005798342
3254,-0.0028991704
3255,-0.0026550312
3256,-0.0024414072
3257,-0.0025024405
3258,-0.0027465802
3259,-0.0040283184
3260,-0.0028076135
3261,-0.003540039
3262,-0.002014162
3263,-0.004425034
3264,-0.0041198805
3265,-0.0021667331
3266,-0.0002136305
3267,0.0016174316
3268,0.0004272461
3269,0.0012512356
3270,0.0009155199
3271,0.0012512207
3272,-0.0014343262
3273,-0.00012207031
3274,-0.0015563965
3275,0.0036621094
3276,0.00036621094
3277,-0.0010681152
3278,-0.00039673038
3279,3.051944e-05
3280,0.0015563928
3281,0.003082279
3282,0.00024413876
3283,1.8626451e-09
3284,0.0038146973
3285,-0.0040283184
3286,0.0035705548
3287,-0.00061034784
3288,0.0017700177
3289,0.00033569522
3290,0.0022277813
3291,-0.004791258
3292,0.0040893503
3293,6.103562e-05
3294,0.003082273
3295,0.0050048814
3296,-0.0010070815
3297,0.0019226075
3298,0.002563477
3299,-0.00042724644
3300,0.0017089841
3301,0.0033874507
3302,-0.0038146968
3303,0.0020141597
3304,0.001556396
3305,-0.003784179
3306,0.003295898
3307,0.0004882817
3308,-0.0044555655
3309,0.0019836412
3310,-0.00021362235
3311,-0.0063781734
3312,0.0051574716
3313,-0.0014038086
3314,-0.0012207022
3315,0.0023803683
3316,0.0003356941
3317,-0.0025939932
3318,0.0065612793
3319,-0.0013122559
3320,0.0011291513
3321,0.0041503906
3322,6.1034225e-05
3323,-0.0025024433
3324,0.007019041
3325,-0.004547119
3326,-0.0016479508
3327,0.00097656157
3328,-9.155553e-05
3329,-0.0024719206
3330,0.008209227
3331,-0.004852291
3332,0.0031433087
3333,0.0061645545
3334,0.0010070801
3335,0.001373291
3336,0.0055847187
3337,-0.002166748
3338,0.0036315918
3339,0.0043640137
3340,-0.0038452148
3341,0.00024414062
3342,0.005126953
3343,-0.0063781757
3344,9.155087e-05
3345,0.0009460449
3346,-0.00390625
3347,-0.0005493127
3348,9.155646e-05
3349,-0.0055541983
3350,-9.155087e-05
3351,0.0006103525
3352,-0.0051269503
3353,0.0011901851
3354,-0.0050353995
3355,-0.0032653809
3356,-0.003204343
3357,-0.001586915
3358,-0.0035095208
3359,0.0033569322
3360,-0.0026855469
3361,0.000549317
3362,0.0006408695
3363,0.0012512194
3364,0.001159669
3365,0.0019226071
3366,0.00039672863
3367,-0.00018310541
3368,9.15525e-05
3369,-0.0026245113
3370,3.051781e-05
3371,-0.0025329595
3372,0.00021362258
3373,0.0011901846
3374,-0.00018310593
3375,-0.0026550284
3376,0.0021972656
3377,-0.0032043473
3378,0.0008544931
3379,0.0028991702
3380,0.0031738286
3381,-0.0008850107
3382,0.0066528334
3383,-0.0012817383
3384,6.1033294e-05
3385,0.00030517392
3386,0.0010681157
3387,-0.0043640137
3388,0.0030212388
3389,-0.001129149
3390,-6.103609e-05
3391,0.001739502
3392,0.0013122559
3393,-0.0046997075
3394,0.0002441392
3395,0.00045776495
3396,-0.003051757
3397,0.00045776367
3398,-0.00088500977
3399,-0.0029602055
3400,-0.0040588407
3401,0.0012512188
3402,-0.006835941
3403,0.00015258789
3404,0.0008239746
3405,0.0012207022
3406,-0.0021972656
3407,0.0065917945
3408,-0.004028323
3409,0.001647946
3410,0.0032043487
3411,-0.0008850114
3412,-0.002075195
3413,0.0061645526
3414,-0.0016784663
3415,0.001342772
3416,0.0056457534
3417,-0.001159668
3418,-0.0001525865
3419,0.0050964355
3420,-0.0005493164
3421,0.00039672852
3422,0.0043640146
3423,-0.00036620907
3424,-0.00085449405
3425,0.0031433124
3426,0.0016479474
3427,-0.002227785
3428,-0.0008850116
3429,-0.00091552734
3430,-0.0018920936
3431,0.0017395029
3432,0.001220705
3433,0.0010375967
3434,-0.0032348633
3435,0.0030212412
3436,-0.006958008
3437,-0.001708982
3438,-0.0031738267
3439,-0.00033569313
3440,-0.0060424814
3441,0.0035095226
3442,0.0004272448
3443,-0.003784179
3444,0.0048828125
3445,-0.0011901872
3446,0.0010070808
3447,0.00030517485
3448,0.007934573
3449,-0.009063723
3450,0.0077514667
3451,-0.0021362314
3452,0.003540039
3453,-0.0035095196
3454,0.009399415
3455,-0.009521483
3456,0.0030517583
3457,-0.0032043438
3458,-0.003143311
3459,-0.007080078
3460,0.0030822754
3461,-0.00823975
3462,-0.008331291
3463,0.0020141602
3464,-0.008148186
3465,-0.0024414044
3466,0.0032348614
3467,0.0052490234
3468,-0.00698852
3469,0.014495848
3470,-0.004791259
3471,0.0032653771
3472,0.00045776367
3473,0.008331297
3474,-0.008178708
3475,0.010131834
3476,-0.0039367652
3477,0.00076293806
3478,-0.0048828116
3479,0.008575438
3480,0.00064086914
3481,0.011260984
3482,0.012237547
3483,-0.0019226074
3484,-0.0031433105
3485,-1.8626451e-09
3486,-0.0019226065
3487,-0.009979247
3488,0.0073547354
3489,-0.011779785
3490,0.0012512207
3491,-0.008270265
3492,0.0013122559
3493,-0.013244629
3494,0.01208496
3495,-0.009674074
3496,0.008148195
3497,-0.0063781748
3498,0.009613041
3499,-0.009918212
3500,0.010803224
3501,-0.0061035156
3502,0.0037841797
3503,-0.0051879883
3504,0.0046081534
3505,-0.0042724637
3506,0.0008850107
3507,0.0004272489
3508,-0.001373291
3509,0.00021362305
3510,-0.00021362398
3511,0.008331297
3512,-0.0014038079
3513,0.0062866216
3514,-0.0014038095
3515,0.0063476562
3516,-0.0050964346
3517,0.008422851
3518,-0.0061645494
3519,0.0031127944
3520,-0.00079345703
3521,0.00018310489
3522,-0.005157471
3523,0.002929687
3524,-0.0034790034
3525,-0.0010070798
3526,0.003448486
3527,-0.003540039
3528,-0.0002746575
3529,0.0016479491
3530,-0.0017089837
3531,-0.0054016123
3532,0.0050048837
3533,-0.0028991709
3534,0.0010070809
3535,0.0036010754
3536,0.005767821
3537,-0.006011963
3538,0.0042724605
3539,-3.0518975e-05
3540,-0.0031433105
3541,-0.0013732905
3542,0.005249022
3543,-0.004211425
3544,-0.00070190465
3545,0.0045776363
3546,-0.001342773
3547,-0.0041503883
3548,0.0036010728
3549,-0.0018920891
3550,-0.006164552
3551,0.002136231
3552,0.0018920882
3553,-0.0047607417
3554,0.00061035156
3555,0.0018920884
3556,-0.0060424805
3557,0.0012817383
3558,0.0041503916
3559,-0.0013732931
3560,0.0010681157
3561,0.0069885273
3562,-0.0007019052
3563,0.001007081
3564,0.0066833505
3565,0.0012817355
3566,-0.00076293945
3567,0.0026245117
3568,0.00036621094
3569,-0.0024108896
3570,0.0013122605
3571,-0.0002441425
3572,-0.0022583005
3573,-0.0027770987
3574,-0.0005798328
3575,-0.004119874
3576,-0.0020141597
3577,0.00012207124
3578,-0.0014648447
3579,-0.0017700186
3580,0.00027466007
3581,-0.0033874502
3582,-0.002899169
3583,-0.0013732892
3584,-0.0023498554
3585,-0.0025939904
3586,0.0017395001
3587,-0.00051879557
3588,0.0035705562
3589,0.0037231478
3590,0.0008239723
3591,-3.0515948e-05
3592,0.0026245106
3593,-0.0004577632
3594,0.0008544917
3595,0.0060119643
3596,0.0016479511
3597,0.0039367676
3598,0.0048217773
3599,0.0024719238
3600,-0.002227785
3601,0.0030517615
3602,-0.0019836444
3603,0.0017089806
3604,-0.00079345703
3605,-0.0010681166
3606,-0.0049133324
3607,-0.0011596694
3608,-0.004028321
3609,-0.0028686537
3610,-0.0060729957
3611,-0.002593996
3612,0.0006408701
3613,0.00021362142
3614,0.000183105
3615,0.0019836435
3616,0.0008544922
3617,3.0516647e-05
3618,0.005615232
3619,0.0027771005
3620,0.0041809045
3621,0.00054932013
3622,0.003997801
3623,-0.0015869122
3624,0.0031738263
3625,-0.0027465783
3626,-0.0012512216
3627,0.0009155292
3628,0.0019226093
3629,-0.0038757352
3630,-0.0011901841
3631,-0.000946044
3632,-0.0019531236
3633,-0.00070190616
3634,-0.004089353
3635,-0.0012207036
3636,-0.0038452153
3637,0.00036621233
3638,-0.0027160672
3639,-0.0012512216
3640,-0.002685546
3641,0.001983643
3642,-0.0051574716
3643,0.0037536658
3644,0.0010375967
3645,0.0013427723
3646,0.0013122568
3647,0.004608155
3648,-0.002838136
3649,0.00054931734
3650,0.0019531236
3651,-0.0014038081
3652,-0.0030822782
3653,0.0016784668
3654,-0.0040283194
3655,-0.0027465802
3656,0.00076293945
3657,-0.0036010742
3658,-0.0026855469
3659,0.00021362677
3660,-0.00015258975
3661,-0.004425047
3662,0.00033568963
3663,-0.0041503906
3664,0.0018005352
3665,-0.00048828125
3666,0.0032348614
3667,-0.0026855506
3668,0.0005188007
3669,-0.004089348
3670,0.0004882924
3671,-0.0018920861
3672,0.0065612793
3673,-0.0046386793
3674,-0.011413589
3675,-0.024383508
3676,-0.028717056
3677,-0.023651108
3678,0.0009460002
3679,0.01190187
3680,0.022644011
3681,0.043182388
3682,0.021392806
3683,-0.00070188195
3684,-0.013977073
3685,-0.023345947
3686,-0.028442383
3687,0.013885476
3688,0.04553224
3689,0.04629515
3690,0.04315181
3691,0.05706793
3692,0.071289
3693,0.0791322
3694,0.052703768
3695,0.0026245713
3696,-0.033599928
3697,-0.04458618
3698,-0.056182913
3699,-0.06375116
3700,-0.05740363
3701,-0.04736328
3702,-0.02465819
3703,0.0005493127
3704,0.019042956
3705,0.013153087
3706,0.0064392015
3707,-0.0014953427
3708,-0.006652849
3709,-0.015594482
3710,-0.028442413
3711,-0.044311523
3712,-0.047973648
3713,-0.041442856
3714,-0.029571533
3715,-0.022949189
3716,-0.009979263
3717,0.0021972805
3718,0.016418427
3719,0.023407027
3720,0.031860337
3721,0.03515625
3722,0.04049681
3723,0.035675075
3724,0.030426022
3725,0.020172127
3726,0.0075378446
3727,-0.005218519
3728,-0.014434818
3729,-0.022186272
3730,-0.027770981
3731,-0.026733406
3732,-0.024536148
3733,-0.019714355
3734,-0.00857541
3735,-0.0025939941
3736,0.004425034
3737,0.0122375265
3738,0.020721419
3739,0.0154724335
3740,0.021972656
3741,0.021453843
3742,0.018005366
3743,0.011718757
3744,0.008666988
3745,0.00015258789
3746,0.0010681152
3747,0.004394524
3748,0.00015258417
3749,-0.00094604865
3750,0.005554203
3751,0.005065933
3752,0.01074218
3753,0.01663211
3754,0.022857636
3755,0.022033691
3756,0.026000962
3757,0.015594482
3758,0.0030212402
3759,-0.011779755
3760,-0.014617927
3761,-0.022583026
3762,-0.022277826
3763,-0.02389525
3764,-0.0239563
3765,-0.01760864
3766,-0.009368888
3767,-0.0043029804
3768,0.0029907152
3769,0.008239748
3770,0.007446289
3771,0.010528568
3772,0.0053710863
3773,0.0043640137
3774,-0.00039674714
3775,0.002502434
3776,-0.00247192
3777,-0.001647953
3778,-0.0013427585
3779,-0.0021362267
3780,-0.002655035
3781,-0.0018920954
3782,-0.004150383
3783,-0.006744394
3784,-0.0055847126
3785,-0.008148195
3786,-0.0071106013
3787,-0.006927483
3788,-0.007537842
3789,-0.008239742
3790,-0.0093994215
3791,-0.00927734
3792,-0.011291511
3793,-0.008117653
3794,-0.008209251
3795,-0.004302956
3796,-0.002166748
3797,-0.00076293945
3798,-0.00012208894
3799,0.005950913
3800,0.0067443773
3801,0.008117683
3802,0.008575458
3803,0.009887682
3804,0.0071105855
3805,0.009277338
3806,0.0051880004
3807,0.0055236765
3808,0.007293701
3809,0.0063171387
3810,0.004272461
3811,0.005126955
3812,0.0023498554
3813,0.0015258808
3814,-0.0017700186
3815,-0.0007324191
3816,-0.0039062523
3817,-0.0018615696
3818,-0.003204347
3819,-0.0007934555
3820,-0.0046386723
3821,-6.103376e-05
3822,-0.0030212412
3823,-0.0018920898
3824,-0.0055236816
3825,-0.0026855506
3826,-0.002746582
3827,0.00030517392
3828,-0.0026245136
3829,0.0018615723
3830,-0.0014648438
3831,-0.0007629413
3832,-0.0008239709
3833,0.0014953595
3834,-0.0016174316
3835,0.0026550274
3836,0.0016174354
3837,0.0017700167
3838,0.00085449684
3839,0.0020446787
3840,6.103702e-05
3841,0.002502439
3842,-0.000671383
3843,0.002288817
3844,0.0007934589
3845,0.0046691885
3846,0.003265381
3847,-0.00027465774
3848,-0.0041503906
3849,-0.0037536626
3850,-0.0013732929
3851,0.00045776088
3852,-0.0008544931
3853,-0.0015563965
3854,0.00073242
3855,0.0002441397
3856,-0.0010070791
3857,-0.00094604306
3858,-0.0029907208
3859,-0.0008544922
3860,-0.00018310454
3861,0.002624509
3862,0.0020751944
3863,0.0034484875
3864,0.0025024433
3865,0.0038757303
3866,0.0008544936
3867,0.003967286
3868,-0.0013427716
3869,0.0047912598
3870,0.0026550293
3871,0.003051756
3872,-3.0515715e-05
3873,0.002227787
3874,-0.0049743652
3875,0.00015258882
3876,-0.0023498526
3877,-0.00097656157
3878,-0.0036010733
3879,0.00051880046
3880,-0.004394532
3881,0.0003662116
3882,-0.00057983375
3883,-0.0002441411
3884,-0.00051879836
3885,0.0034179692
3886,-0.001098631
3887,0.002960205
3888,0.00030517764
3889,0.0018005371
3890,-0.0016174293
3891,0.0005493178
3892,-0.0015869138
3893,-0.0011596702
3894,-0.0011596682
3895,0.0005493169
3896,-0.0025939941
3897,-0.0010681154
3898,0.0010986327
3899,-3.0518044e-05
3900,0.00051879906
3901,0.0024719238
3902,-0.0015869131
3903,0.0008544922
3904,0.0015869141
3905,0.0012207017
3906,-0.000579834
3907,0.0017700172
3908,-0.0009460421
3909,-0.000640871
3910,-0.0005187965
3911,-0.000274661
3912,-0.001800536
3913,0.001892088
3914,-0.0008544903
3915,-0.00073242025
3916,0.001556397
3917,0.00057983305
3918,-0.0020141602
3919,0.0024719257
3920,0.0016784687
3921,-0.0010986337
3922,0.0025634766
3923,0.0020751934
3924,-0.0011596698
3925,0.00079345517
3926,0.0024414025
3927,-0.0023803758
3928,0.00024414202
3929,0.0002441411
3930,-0.0040588384
3931,-0.0032348651
3932,-0.0014648451
3933,-0.003784182
3934,-0.0015869113
3935,0.0006713858
3936,-0.0027160626
3937,-0.001800538
3938,0.0025634784
3939,-0.0026550307
3940,-3.0516647e-05
3941,0.00091552595
3942,0.0017395043
3943,-0.0039062481
3944,0.0039062495
3945,-0.0015869141
3946,0.0019531255
3947,0.0015258775
3948,0.00027465913
3949,-0.0036315913
3950,0.0009765662
3951,-0.0021362314
3952,-0.002380371
3953,-0.0007324228
3954,-0.00061035156
3955,-0.001220704
3956,0.002380374
3957,0.0020751937
3958,0.00015258696
3959,0.0027160645
3960,0.0007019043
3961,0.00012206985
3962,0.003204347
3963,0.003936767
3964,0.00036621094
3965,0.0011291504
3966,0.0017700177
3967,-0.00015258417
3968,0.00057983305
3969,0.0017089853
3970,-0.00021362491
3971,-0.00051879603
3972,0.001739501
3973,-3.0517578e-05
3974,0.0024719276
3975,0.0004272433
3976,-0.0011291495
3977,0.00073242
3978,-0.0019226065
3979,-0.0023193394
3980,-0.0009460433
3981,-0.0011596697
3982,-0.0028991702
3983,6.103498e-05
3984,-0.0004577632
3985,-0.0014648438
3986,-0.0029907217
3987,-0.0039367676
3988,-0.003845214
3989,0.0006408673
3990,0.0011901881
3991,0.00012206915
3992,0.0021972673
3993,0.003967284
3994,0.00045776484
3995,0.003417969
3996,0.0001831071
3997,-0.0010681162
3998,-0.0014953613
3999,0.004272458
4000,0.0018615732
4001,0.0043945294
4002,0.0035705585
4003,0.0026550274
4004,-0.00354004
4005,0.0007324191
4006,-0.0031738272
4007,-0.0029296866
4008,-0.002166747
4009,0.0005493136
4010,-0.0006713858
4011,0.0007629397
4012,-0.0030517573
4013,-0.0033874519
4014,-0.0033874493
4015,0.00012206845
4016,-0.0023498517
4017,-0.0024414053
4018,0.001373292
4019,0.0006408682
4020,0.00030517578
4021,-0.001220705
4022,-0.0016784668
4023,-0.0039367657
4024,-0.0017089825
4025,-0.0038146973
4026,-0.00051879697
4027,-0.0014038086
4028,0.00070190243
4029,0.00021362491
4030,-0.00039672852
4031,-0.0010070782
4032,0.0015563983
4033,0.0014038105
4034,0.0001831036
4035,0.0025024423
4036,0.003906252
4037,-0.0001525865
4038,0.0004272461
4039,0.0023803702
4040,0.0013732908
4041,0.0018920911
4042,0.0013122557
4043,0.0032043443
4044,-0.00036621036
4045,0.00012207066
4046,-0.0006713874
4047,0.001800537
4048,-0.00015258742
4049,0.00085449405
4050,0.0035705566
4051,0.0038452158
4052,0.005126953
4053,0.0027160645
4054,0.0032348633
4055,-0.0010375995
4056,-0.0019226093
4057,-0.00021362677
4058,0.00030517392
4059,-0.00045776367
4060,0.0021972656
4061,0.00094604865
4062,-0.0015258752
4063,0.0008850116
4064,-0.0008850079
4065,-0.0022277832
4066,-0.00057983026
4067,-3.051944e-05
4068,-0.001159667
4069,-0.0009765644
4070,-0.002136229
4071,-0.0030212419
4072,-0.0013732905
4073,-0.0017089859
4074,-0.0015563966
4075,-0.0010375977
4076,-0.00048828137
4077,-0.0029602046
4078,0.00015258742
4079,-0.0002441397
4080,0.0010681147
4081,0.0018310542
4082,0.00082397414
4083,-0.0029907222
4084,0.00094604434
4085,0.0009765625
4086,-0.0016174311
4087,-0.0019836435
4088,0.00030517636
4089,0.00024413972
4090,0.0010070812
4091,0.0010375977
4092,-0.00097656087
4093,-0.0026245127
4094,0.0006408701
4095,-0.0020446777
4096,-0.0018615695
4097,-0.004058839
4098,0.0030517578
4099,0.0015869113
4100,-0.0010681152
4101,-0.004272461
4102,0.0034179678
4103,-0.0015563937
4104,-0.0010681152
4105,0.00051879976
4106,0.0025329618
4107,-0.0024719238
4108,-0.0017089853
4109,-0.0011291523
4110,-0.0016784668
4111,0.0016479474
4112,0.0009155236
4113,-9.155553e-05
4114,-0.0002441425
4115,0.0029907236
4116,-0.00015258836
4117,0.0026855469
4118,0.0014038079
4119,0.003570559
4120,0.0040283203
4121,0.0026550293
4122,0.00024413993
4123,0.00030517485
4124,-0.0013122559
4125,0.00030517927
4126,0.000701905
4127,-0.0006408687
4128,-0.0007019043
4129,0.0011291516
4130,6.103562e-05
4131,-0.0006103497
4132,-0.0010375986
4133,0.0006713881
4134,0.00082397414
4135,-0.0016479492
4136,0.00027465733
4137,-0.0009155267
4138,-0.001190186
4139,-0.001922607
4140,-0.0017089841
4141,-0.0010070791
4142,0.00024414016
4143,6.103562e-05
4144,-0.001556396
4145,-0.00033569196
4146,-0.00012207031
4147,0.0019531231
4148,-0.002014161
4149,-0.0022583008
4150,-2.3283064e-10
4151,0.0019836416
4152,0.0019836423
4153,0.00073242
4154,0.002105713
4155,0.0043640137
4156,0.004119875
4157,0.0016479511
4158,0.002868656
4159,-0.0003662128
4160,-0.00036621094
4161,0.0008239746
4162,0.0019531231
4163,0.0006713886
4164,3.0515715e-05
4165,0.0016784687
4166,-0.0010986347
4167,-0.0003356915
4168,-0.00085449405
4169,0.0005188007
4170,-0.002227786
4171,0.0012817387
4172,-0.0029907185
4173,-0.0043029813
4174,-0.0010375995
4175,0.0007629376
4176,-0.000183105
4177,-0.00030517858
4178,0.0021057157
4179,-0.00012206938
4180,0.004577633
4181,-0.0013122545
4182,-0.0016174328
4183,-0.0042114244
4184,-0.0016174333
4185,-0.0043334956
4186,-0.0015563983
4187,-0.0021972647
4188,0.0029907217
4189,0.0037841802
4190,0.00054931734
4191,0.0010681143
4192,0.0036621103
4193,-1.3969839e-09
4194,-0.0023498528
4195,-0.0027160626
4196,-0.0019226078
4197,-0.004058839
4198,0.0021057138
4199,0.0014038081
4200,0.0006103511
4201,-0.0012512198
4202,0.0013427725
4203,-0.001281738
4204,-0.003326416
4205,-0.00088500883
4206,0.0010070812
4207,9.15518e-05
4208,-0.00042724656
4209,0.00027465727
4210,-0.001708983
4211,-0.00024414016
4212,0.0021972656
4213,-0.0008239746
4214,-0.004211422
4215,-0.00354004
4216,0.0005798349
4217,0.0013427734
4218,0.0015563956
4219,0.002075196
4220,0.0036926274
4221,0.0034790032
4222,0.002532958
4223,0.0011596694
4224,0.0004272475
4225,0.00018310454
4226,-0.0015869152
4227,1.2805685e-09
4228,0.0008544938
4229,-0.002014161
4230,-0.0024719224
4231,-0.0037536626
4232,-0.0012817373
4233,-0.00079345703
4234,0.0012512202
4235,-0.00036621047
4236,-0.00054931594
4237,-0.00021362538
4238,0.00024414062
4239,-0.0001831064
4240,-0.0014648428
4241,0.0004272461
4242,-0.0016174335
4243,-9.1553666e-05
4244,-0.0011901846
4245,-0.0010986328
4246,-0.0017700214
4247,-0.00070190243
4248,0.00027465634
4249,-0.00018310547
4250,-0.001068119
4251,0.00042725075
4252,-0.00045776553
4253,0.0022888184
4254,0.0010070764
4255,0.0021057124
4256,-0.001129149
4257,0.003082275
4258,-0.00070190476
4259,0.0034484854
4260,0.0018310533
4261,0.0014953599
4262,0.0028076172
4263,0.0028076167
4264,-0.0014648424
4265,-0.0014343259
4266,0.0015258784
4267,0.0013427732
4268,-0.0018615713
4269,0.0009460468
4270,0.0016784677
4271,-0.00054931664
4272,-0.001464844
4273,0.0013427734
4274,-0.0018615723
4275,0.0022277841
4276,0.0010986314
4277,-0.00067138486
4278,-0.0009155278
4279,0.00079345633
4280,0.001800538
4281,-3.0515715e-05
4282,-0.0025939979
4283,-0.0049438477
4284,-0.0070495643
4285,-0.0105590895
4286,-0.014190678
4287,-0.017150879
4288,-0.015411377
4289,-0.0052490123
4290,0.008636475
4291,0.013916012
4292,0.007446289
4293,-0.0035400316
4294,0.00054930523
4295,0.021026626
4296,0.047882073
4297,0.048522964
4298,0.023895279
4299,0.0014343113
4300,-0.00491333
4301,0.001739502
4302,0.011932373
4303,0.013488755
4304,-0.0028381199
4305,-0.012023944
4306,-0.015625013
4307,-0.01989745
4308,-0.027740454
4309,-0.027526878
4310,-0.025451653
4311,-0.025360115
4312,-0.019012436
4313,-0.014862053
4314,-0.012207016
4315,-0.00994876
4316,-0.0052490234
4317,-0.002441436
4318,-0.00088500977
4319,0.0038757175
4320,0.0059814304
4321,0.0042419285
4322,0.011169404
4323,0.010681156
4324,0.011138914
4325,0.010528551
4326,0.011138914
4327,0.010070823
4328,0.00790404
4329,0.011199953
4330,0.00933837
4331,0.010192871
4332,0.01077269
4333,0.010467522
4334,0.005065903
4335,0.0076293983
4336,0.00442503
4337,0.0025940202
4338,0.00036619976
4339,0.0031128041
4340,-0.0003356859
4341,-0.0026855133
4342,-0.0033569597
4343,-0.006195061
4344,-0.0071411245
4345,-0.003662113
4346,-0.006256097
4347,-0.007995596
4348,-0.009399419
4349,-0.006683352
4350,-0.004577635
4351,-0.0018615741
4352,-0.0016174326
4353,-0.0044555655
4354,-0.004028322
4355,-3.0514784e-05
4356,-0.0036315955
4357,-0.0046081543
4358,-0.001739502
4359,0.00024413876
4360,-0.0019531231
4361,0.002532959
4362,0.004791259
4363,-0.0009460449
4364,-0.0005187979
4365,0.0030212365
4366,-0.0022277813
4367,-0.0023193378
4368,-0.0009460449
4369,0.00030517578
4370,-0.002838133
4371,-1.8626451e-09
4372,0.0024719257
4373,0.0
4374,0.00042724703
4375,0.0035400423
4376,0.0019226093
4377,0.0011596673
4378,0.0014953603
4379,0.0028991718
4380,0.0025939937
4381,0.0017700207
4382,0.0015869145
4383,0.0010986319
4384,0.001953126
4385,0.004638672
4386,0.0028686523
4387,0.00048828125
4388,0.0006713867
4389,0.0019531269
4390,0.0007324219
4391,-0.0022277809
4392,-0.0014953613
4393,-0.004669189
4394,-0.0031433108
4395,-0.00073242
4396,-0.0037231438
4397,-0.0022277834
4398,-0.00079345563
4399,0.0019836416
4400,-0.0015258793
4401,-6.103562e-05
4402,0.0010070805
4403,0.0014953609
4404,0.001556397
4405,0.0026245127
4406,-0.0023193364
4407,0.0011291495
4408,0.0016784659
4409,0.004058835
4410,0.0016479502
4411,0.0011596661
4412,0.0028381366
4413,0.00061035156
4414,-0.00045776507
4415,-0.0014038095
4416,-0.004730224
4417,-0.002105711
4418,-0.001159668
4419,0.00015258894
4420,-0.0020141625
4421,-0.0036621075
4422,-0.0017089862
4423,-0.0033874512
4424,-0.00030517764
4425,6.1035156e-05
4426,-0.0028076163
4427,-0.002380371
4428,-0.0010986328
4429,-0.00024414435
4430,0.0005493136
4431,0.0007019043
4432,0.002227785
4433,-0.0018005394
4434,0.0008544936
4435,0.0034484877
4436,0.00076293875
4437,0.0017395001
4438,0.0012512215
4439,0.0037841797
4440,0.0002441412
4441,0.002349853
4442,-0.0006408688
4443,-0.00314331
4444,-0.0040893555
4445,0.0012512202
4446,-0.0040588393
4447,0.0042114276
4448,0.0060424795
4449,0.008026125
4450,0.0041503906
4451,0.0007629376
4452,-0.0008239746
4453,-0.0015563965
4454,0.0040283203
4455,0.0018615723
4456,-0.0034484863
4457,-0.0039367685
4458,-0.0043640137
4459,-0.001953124
4460,-0.00088500977
4461,-0.0026245127
4462,-0.0036010752
4463,-0.0064086905
4464,-0.0033569336
4465,-0.002258299
4466,-0.0064392053
4467,-0.004425049
4468,-0.003845213
4469,0.0028991709
4470,0.007873531
4471,0.007659914
4472,-0.002532959
4473,-0.009460449
4474,-0.0024719257
4475,0.004333498
4476,0.0011901855
4477,0.0054626483
4478,0.0022583
4479,0.004852293
4480,0.0013732905
4481,0.002532959
4482,0.0023193378
4483,0.0017089855
4484,0.0006103497
4485,0.0035705585
4486,-0.001617433
4487,0.001892088
4488,-0.0012512198
4489,0.002899169
4490,-0.00015258882
4491,0.0029296875
4492,0.0005187988
4493,0.0009460449
4494,-0.00036621
4495,0.002746583
4496,-0.0038452176
4497,0.0016174344
4498,-0.002838132
4499,0.0023193392
4500,-0.0037841792
4501,-0.0011291495
4502,-0.00015258789
4503,-0.00036621047
4504,-0.0015563958
4505,0.0005798333
4506,-0.0041809073
4507,0.0012512187
4508,-0.0025939925
4509,-0.0001220706
4510,-0.00048828096
4511,0.0007324213
4512,0.0005187993
4513,0.0010681157
4514,-0.0012512214
4515,0.001037599
4516,-0.005279544
4517,6.103702e-05
4518,-0.0029907255
4519,0.00021362398
4520,-0.002990726
4521,0.002502441
4522,0.00033568987
4523,0.0007019064
4524,0.00088500866
4525,0.0032653809
4526,-0.00024414062
4527,0.0045165997
4528,-0.00033569243
4529,0.00027465727
4530,-0.0008544917
4531,0.00033569313
4532,0.0011291513
4533,-0.0023498542
4534,0.00021362351
4535,-0.00030517578
4536,-0.002502441
4537,-0.0009155285
4538,-0.002532959
4539,0.0005493162
4540,-3.0517112e-05
4541,0.008514404
4542,0.002319335
4543,-0.0019836416
4544,-0.0054321284
4545,-0.0067443848
4546,-0.001373291
4547,0.0056152344
4548,-0.0038146935
4549,-0.004364008
4550,-0.00753784
4551,0.0036621094
4552,0.009979252
4553,0.00543213
4554,-0.0011291495
4555,-0.0021667464
4556,-0.007720948
4557,0.00897217
4558,0.008178709
4559,-0.002838133
4560,-0.002471922
4561,0.008605955
4562,0.0057983417
4563,0.0001831036
4564,-3.0515715e-05
4565,0.0023498498
4566,-0.0042419406
4567,0.0014038058
4568,-0.004577636
4569,-0.0036315927
4570,-0.0032043452
4571,-0.0006713886
4572,-0.0040588393
4573,-0.002471921
4574,-0.000183105
4575,-0.0021057124
4576,-0.0007629432
4577,0.0015869141
4578,-0.0007629418
4579,-0.0011596656
4580,0.0007324191
4581,-0.0010681162
4582,-0.0016479502
4583,0.0009155283
4584,0.0023193345
4585,0.0029907227
4586,-0.0003662114
4587,0.006500246
4588,0.0018615713
4589,0.001800539
4590,-0.0010375993
4591,0.0010070805
4592,-0.0029296898
4593,0.0009765627
4594,0.0029602014
4595,-0.0013732882
4596,-0.0023193364
4597,0.0011596683
4598,-0.0013732905
4599,-0.0034790034
4600,0.00042724516
4601,0.0002136234
4602,-0.0032653806
4603,0.0020141602
4604,-0.0012207031
4605,0.0018615719
4606,-0.0040283212
4607,0.005340576
4608,-0.003723144
4609,0.0021362295
4610,-0.0022277832
4611,0.00024414062
4612,-0.005706787
4613,0.003234866
4614,-0.0024719238
4615,-0.0010375949
4616,-0.0030212412
4617,0.0025939965
4618,-0.00079345796
4619,0.0022888226
4620,-0.00042724633
4621,0.0038146991
4622,-0.0009155286
4623,0.0034179697
4624,-6.103609e-05
4625,0.0021057134
4626,0.00064086914
4627,0.0016174321
4628,0.002105712
4629,-0.00070190476
4630,0.0042114253
4631,-0.0049438477
4632,-0.00070190383
4633,-0.0047912593
4634,0.0038452153
4635,-0.003570558
4636,0.0075378446
4637,-0.0032653823
4638,0.005340578
4639,-0.003692626
4640,0.005126955
4641,-0.003723146
4642,0.001373291
4643,-0.0046386723
4644,0.0014343271
4645,-0.0028686512
4646,0.0019531241
4647,0.00024414132
4648,0.00015258742
4649,-0.008605958
4650,0.0020751953
4651,-0.006073001
4652,0.0032348623
4653,-0.002166749
4654,-0.0003967313
4655,-0.00326538
4656,0.0039062481
4657,-0.0018005408
4658,0.0018310524
4659,-0.0013732882
4660,0.0028381327
4661,-0.0005493155
4662,0.0032958966
4663,-0.0011596666
4664,0.0008544908
4665,-0.00015258463
4666,-0.000762939
4667,-0.0011901837
4668,-0.0011291537
4669,0.0002441411
4670,-0.0004577646
4671,0.00030517625
4672,-0.0012207062
4673,0.004180911
4674,-0.0038452167
4675,0.007904051
4676,-0.0008239737
4677,0.00665283
4678,0.0040893555
4679,0.0057678223
4680,-0.0012512207
4681,0.0046081543
4682,-0.0024108887
4683,-0.001800539
4684,0.004119871
4685,-0.006042477
4686,-0.00064086914
4687,-0.0030822717
4688,0.0050964374
4689,-0.0039977995
4690,0.0013122549
4691,-0.006469723
4692,0.003692628
4693,0.0038757343
4694,0.004791256
4695,-0.002044675
4696,-0.0028686551
4697,-0.00079345517
4698,-0.0015258831
4699,2.8230716e-09
4700,-0.002258304
4701,-0.0037231422
4702,-0.00692749
4703,0.0009460449
4704,-0.005065919
4705,-0.00076294225
4706,-0.0011291523
4707,0.00012207031
4708,-0.005004883
4709,-0.003967287
4710,0.0011901874
4711,-0.0065918006
4712,0.004974366
4713,-0.0012817401
4714,0.0050964383
4715,0.0029296856
4716,0.0030822754
4717,0.00222778
4718,0.0036010752
4719,0.0025939927
4720,0.0017089848
4721,0.0008544936
4722,0.0002441425
4723,0.0025634742
4724,0.0006103511
4725,0.0016174302
4726,-0.0003662128
4727,0.00021362072
4728,-0.0033569338
4729,0.0030822754
4730,-0.0044860826
4731,0.002197266
4732,-0.0064697266
4733,0.0004272461
4734,-0.005767824
4735,-0.0004882831
4736,-0.0046386747
4737,0.0026550293
4738,-0.0039978027
4739,-0.0010986291
4740,0.0022277804
4741,-0.0024719276
4742,0.0030822726
4743,-0.003265379
4744,0.0024108877
4745,-0.0016784677
4746,0.00469971
4747,0.0011596689
4748,-0.0014038067
4749,0.0045166016
4750,0.00094604515
4751,3.051816e-05
4752,0.00033569452
4753,0.0027160654
4754,-0.00067138765
4755,-0.0037231436
4756,-0.0011901865
4757,-0.00024414062
4758,0.0007324228
4759,-0.0022583008
4760,0.00073242094
4761,0.0017089837
4762,-9.155157e-05
4763,0.0039062498
4764,0.0025329608
4765,0.0048828106
4766,0.0014343262
4767,0.0063476562
4768,0.0002441369
4769,0.0021972656
4770,0.00146484
4771,0.0018615685
4772,-0.0007324256
4773,0.0020141583
4774,-0.0017395038
4775,0.00030517764
4776,-0.0035095215
4777,0.0014953595
4778,-0.0024719276
4779,0.0015869122
4780,-0.0010070819
4781,0.0010986328
4782,-0.0020446768
4783,-0.0019836472
4784,-0.0016479492
4785,0.0012512198
4786,-0.00039673038
4787,-0.0035095196
4788,-0.004852306
4789,-0.011169422
4790,-0.015197769
4791,-0.013732899
4792,-0.016479492
4793,-0.011962883
4794,-0.010986343
4795,-0.0074462667
4796,-0.00787355
4797,-0.0022583157
4798,0.00088499486
4799,0.0052795336
4800,0.0039367788
4801,0.01257325
4802,0.013732906
4803,0.018096909
4804,0.020507816
4805,0.024017334
4806,0.024841309
4807,0.028015107
4808,0.02792357
4809,0.025604248
4810,0.023406968
4811,0.01876831
4812,0.013214096
4813,0.007171616
4814,-0.0007324368
4815,-0.004547134
4816,-0.010620117
4817,-0.011474624
4818,-0.015380882
4819,-0.014923073
4820,-0.01632692
4821,-0.014556885
4822,-0.013397232
4823,-0.008972134
4824,-0.007598888
4825,-0.0029907115
4826,-0.0028991774
4827,-0.001556389
4828,-0.0018310696
4829,0.0025940128
4830,-0.00042725727
4831,-0.0005798377
4832,-0.0017394945
4833,-0.0068969578
4834,-0.006500256
4835,-0.0125427265
4836,-0.009948732
4837,-0.018310532
4838,-0.010559097
4839,-0.019409172
4840,-0.016357437
4841,-0.018188462
4842,-0.016082779
4843,-0.014984101
4844,-0.013397202
4845,-0.011657685
4846,-0.013946518
4847,-0.006164536
4848,-0.009490967
4849,-0.0036926419
4850,-0.008300796
4851,-0.001007095
4852,-0.0025939941
4853,0.006286636
4854,0.006439209
4855,0.012237564
4856,0.009338357
4857,0.016937241
4858,0.018280052
4859,0.018676747
4860,0.018096909
4861,0.014617911
4862,0.018096931
4863,0.015289295
4864,0.013916024
4865,0.011413565
4866,0.009857181
4867,0.0025634728
4868,0.005432129
4869,0.0009460449
4870,-0.0013427716
4871,-0.0029602107
4872,-0.0013732892
4873,-0.0066833533
4874,-0.0011291523
4875,0.0024414025
4876,-0.00061035156
4877,0.0017700195
4878,-0.0017089844
4879,0.0010375902
4880,0.0026550218
4881,0.013336174
4882,0.0072326623
4883,0.0058288723
4884,0.0019531213
4885,0.012268096
4886,0.008148171
4887,0.010253895
4888,0.0025939904
4889,-0.008209217
4890,-0.011779819
4891,-0.00061033014
4892,-0.008148207
4893,-0.02389526
4894,-0.019897468
4895,-0.008605933
4896,-0.007232677
4897,-0.016143788
4898,-0.01260376
4899,-0.009063713
4900,-0.0021972656
4901,-0.0034179576
4902,0.0076904204
4903,0.013122555
4904,0.013122554
4905,0.011169437
4906,0.008880623
4907,0.008605953
4908,0.0061035194
4909,0.0069885105
4910,0.0054626465
4911,0.011596665
4912,0.014312752
4913,0.020446792
4914,0.01727295
4915,0.014892593
4916,0.010101318
4917,0.008148208
4918,0.0025634766
4919,-0.001159668
4920,-0.0018921047
4921,-0.0062866285
4922,-0.0061035305
4923,-0.00881958
4924,-0.0126037635
4925,-0.015808113
4926,-0.015289326
4927,-0.0154113835
4928,-0.0159912
4929,-0.020111077
4930,-0.021148693
4931,-0.020812966
4932,-0.019012474
4933,-0.015991211
4934,-0.013122544
4935,-0.010589629
4936,-0.00781247
4937,-0.0024719387
4938,-0.0019226223
4939,0.0023498088
4940,0.00088500977
4941,0.00088499486
4942,-0.00045773387
4943,0.00036621094
4944,-0.00012205541
4945,-0.0017089844
4946,-0.0015563667
4947,-0.0019531101
4948,-0.0010375828
4949,9.152293e-05
4950,-0.00045776367
4951,0.0016174689
4952,0.0013122484
4953,0.0061950684
4954,0.0073547177
4955,0.01168824
4956,0.010681123
4957,0.013366691
4958,0.015991213
4959,0.016540542
4960,0.015991202
4961,0.017944336
4962,0.017852765
4963,0.013244644
4964,0.013366699
4965,0.0125427395
4966,0.011596695
4967,0.012420639
4968,0.0077819675
4969,0.007293701
4970,0.003967285
4971,0.005645737
4972,0.0058898926
4973,0.003936738
4974,0.0032348782
4975,-0.0017395169
4976,-0.0057373345
4977,-0.008453384
4978,-0.0071106106
4979,-0.011932366
4980,-0.010345474
4981,-0.013458282
4982,-0.014282227
4983,-0.0128173735
4984,-0.011413589
4985,-0.01260376
4986,-0.01184082
4987,-0.009674082
4988,-0.007751461
4989,-0.0060729943
4990,-0.00689698
4991,-0.0039062425
4992,-0.0038147047
4993,-0.0031127706
4994,-0.0025634915
4995,-0.001525864
4996,-0.0014038458
4997,-0.002746556
4998,-0.0003662221
4999,-0.00033568218
5000,-1.8626451e-08
5001,0.00024414062
5002,0.0030212253
5003,0.0009765811
5004,0.0045166053
5005,0.003936764
5006,0.0034179594
5007,0.0015869159
5008,0.0021667518
5009,0.0024414025
5010,0.0036010728
5011,0.003112791
5012,0.0063781706
5013,0.0057067852
5014,0.006591793
5015,0.006164549
5016,0.005981451
5017,0.0035400353
5018,0.0058593787
5019,0.0017394945
5020,0.0032043457
5021,0.0015869178
5022,0.001770027
5023,-0.0005187802
5024,-0.0016479567
5025,-0.0032959003
5026,-0.0028991643
5027,-0.0030822568
5028,-0.0015564077
5029,-0.0025939876
5030,-0.0020141634
5031,-0.004516599
5032,-0.0049743652
5033,-0.005371091
5034,-0.0041503925
5035,-0.0051879873
5036,-0.0025329608
5037,-0.0039367657
5038,-0.0035705548
5039,-0.00363159
5040,-0.002319336
5041,-0.0010986328
5042,-0.001739502
5043,0.00015258603
5044,0.00048828125
5045,0.003845213
5046,0.0040283217
5047,0.005706787
5048,0.002563478
5049,0.0036621077
5050,0.0024414058
5051,0.0026245124
5052,0.0026550298
5053,0.0031738286
5054,0.0009155283
5055,0.0011596684
5056,-0.00036620954
5057,-0.0004882815
5058,-0.00125122
5059,-0.0012207015
5060,-0.0032958984
5061,-0.002899168
5062,-0.0028991709
5063,-0.0020751916
5064,-0.004119875
5065,-0.0037231427
5066,-0.0020446796
5067,-0.002532959
5068,-0.00039673224
5069,0.0
5070,-0.0009155292
5071,6.103702e-05
5072,3.0515715e-05
5073,0.0010681171
5074,0.00088500604
5075,-0.00033569336
5076,-0.0009460468
5077,0.0020751934
5078,0.0009460421
5079,0.002685545
5080,0.0014953595
5081,0.0020446763
5082,0.0010375972
5083,0.0025634733
5084,0.0024108882
5085,0.0022583026
5086,0.0033264179
5087,0.00076293945
5088,0.0008850107
5089,0.0018615723
5090,0.001739502
5091,0.00021362072
5092,0.0003356929
5093,0.0007019066
5094,-0.0009460435
5095,-0.00057983445
5096,-0.0007019052
5097,-0.0019531262
5098,-0.0007324212
5099,-9.15518e-05
5100,0.00061035086
5101,-0.00039672945
5102,0.0010681148
5103,0.001312254
5104,-0.00021362305
5105,-0.00082397554
5106,-0.00030517252
5107,-0.0002746582
5108,-0.00039672852
5109,0.0027771
5110,-0.00030517345
5111,-0.00088501256
5112,0.0006408701
5113,0.001037599
5114,0.001434328
5115,0.0010376014
5116,0.00036621373
5117,-0.0006713886
5118,0.001220705
5119,-0.0007324228
5120,-0.00045776367
5121,0.0015258817
5122,-0.00033569243
5123,0.0005493127
5124,-0.00061035156
5125,0.0015869113
5126,-0.0020751953
5127,0.00073242094
5128,-0.0004577618
5129,-0.0017089867
5130,-0.0009460468
5131,0.00024414016
5132,-0.00088500977
5133,-0.0014343259
5134,0.00018310687
5135,-0.000335695
5136,9.15525e-05
5137,-0.0006408689
5138,0.0002441397
5139,-0.0009765635
5140,-0.00067138555
5141,-0.0006408699
5142,-0.0007324221
5143,-0.0012207029
5144,0.000335693
5145,-0.00018310541
5146,-0.00045776385
5147,0.00051879894
5148,-0.0005493164
5149,-0.00076293934
5150,-0.0020751953
5151,0.00039672852
5152,0.0019836416
5153,0.0024414072
5154,0.0021972647
5155,0.0034790048
5156,0.0030212402
5157,0.003540039
5158,0.0019226084
5159,-0.00048828125
5160,-0.0020751941
5161,-0.004364013
5162,-0.004486085
5163,-0.004241944
5164,-0.0038452148
5165,-0.0021972666
5166,-0.0028686542
5167,-0.002746582
5168,-0.0011596698
5169,0.0012512198
5170,-0.0017089881
5171,0.00064086635
5172,0.00033569336
5173,0.0030517583
5174,0.00030517438
5175,0.0033874507
5176,0.00079345657
5177,0.0022888188
5178,0.004028319
5179,0.0019226088
5180,0.0018005362
5181,0.0021362323
5182,0.0017700186
5183,9.1552734e-05
5184,-0.00030517625
5185,-0.0032043464
5186,0.001342773
5187,-0.0019531248
5188,-0.0009765634
5189,-0.0026550293
5190,-0.0006408682
5191,-0.0018310548
5192,0.0011596677
5193,-0.0003356929
5194,0.00088500977
5195,-0.000122070225
5196,-0.00042724618
5197,0.0005493164
5198,-0.0005187988
5199,0.00082397414
5200,-0.00039672782
5201,-0.0015869141
5202,-0.001098631
5203,-0.0025939932
5204,-0.002746583
5205,-0.0012512179
5206,-0.0007019043
5207,-0.00061035156
5208,-0.00012206845
5209,-0.00085449405
5210,-0.0015563965
5211,-0.002838131
5212,0.000701908
5213,0.0022888193
5214,-0.00079345796
5215,0.0002441425
5216,0.0012207055
5217,0.0011596708
5218,0.0007629399
5219,0.0047607413
5220,0.00076293957
5221,0.0010986339
5222,0.0013122564
5223,0.0007629385
5224,0.0014343264
5225,0.0009155262
5226,0.00088500883
5227,0.001007081
5228,0.0032348623
5229,0.0012512216
5230,0.0012512207
5231,0.00051879976
5232,0.0022277841
5233,-0.00042724377
5234,-0.001068118
5235,-0.0021667518
5236,-0.00079345517
5237,-0.0017395015
5238,-0.0017089844
5239,-0.0016784682
5240,-0.0005187973
5241,-0.00064087054
5242,-0.0015258783
5243,-0.0011291504
5244,-0.0001831055
5245,0.0009765625
5246,0.00039672854
5247,-0.00012206985
5248,0.00045776344
5249,0.0011596675
5250,0.0024108882
5251,0.00039672852
5252,-0.00039672805
5253,0.0008850114
5254,-0.00079345796
5255,-0.0007934572
5256,-0.00039672857
5257,-0.00091552734
5258,-0.002716065
5259,0.0022277837
5260,-0.0010375977
5261,0.0008850099
5262,-0.0006408694
5263,0.0016479493
5264,-0.0016174315
5265,0.0011596681
5266,0.0001831057
5267,-0.0004577636
5268,-0.00048828125
5269,3.0517695e-05
5270,-3.0517695e-05
5271,0.00097656244
5272,-0.00033569324
5273,-0.0010375977
5274,0.0002136228
5275,-0.00048828102
5276,0.0010070801
5277,-0.0010986328
5278,-0.0026550293
5279,-0.0024414062
5280,-0.00289917
5281,-0.0016784677
5282,9.15518e-05
5283,0.0014953613
5284,0.0007629376
5285,0.0009765637
5286,0.0005493155
5287,0.002563477
5288,0.0014343254
5289,0.00115967
5290,0.0007324207
5291,0.00085449265
5292,-0.0022277827
5293,-0.00048828055
5294,-0.0009460449
5295,0.0010070796
5296,-0.0021057138
5297,-0.00030517532
5298,-0.0032043466
5299,0.0003051781
5300,-0.0014038105
5301,0.0028381334
5302,-0.00024414156
5303,-0.0001831064
5304,-0.00042724842
5305,-0.0013427734
5306,-0.00067138765
5307,0.0005187979
5308,-0.0004882794
5309,-0.00326538
5310,0.002044674
5311,0.002258299
5312,0.0013122559
5313,0.002716066
5314,0.0012512207
5315,-0.0017395015
5316,-0.00061035133
5317,0.0013122567
5318,-0.00015258824
5319,0.0029296866
5320,9.1552734e-05
5321,0.0014038088
5322,-0.0005493162
5323,0.0010986328
5324,-0.0008239746
5325,0.0007934569
5326,-0.00015258777
5327,6.103539e-05
5328,-0.0005798342
5329,0.0015563972
5330,0.0007629392
5331,-0.0006408689
5332,-6.103609e-05
5333,-0.0007629399
5334,0.0003356915
5335,0.0021362323
5336,0.0019531231
5337,0.0038146973
5338,0.0019226065
5339,0.00033569336
5340,-0.0017089858
5341,-0.0008850056
5342,-0.0020141595
5343,-0.00091552874
5344,-0.0032043476
5345,9.155553e-05
5346,-0.001739502
5347,0.0018310556
5348,0.0005493141
5349,0.0021972656
5350,-0.0005798335
5351,0.0011291504
5352,-0.00082397275
5353,0.00039672852
5354,-0.0007019052
5355,0.00030517578
5356,0.0024414053
5357,-0.0014038095
5358,0.0016479492
5359,-0.00054931827
5360,0.001739502
5361,-0.0007324256
5362,0.0035095196
5363,0.0015563965
5364,0.002502447
5365,0.00048828125
5366,-0.001373292
5367,-0.0028991727
5368,-0.0011901832
5369,-0.002258299
5370,-0.0010070777
5371,-0.0017089834
5372,-0.002380373
5373,-0.0011901865
5374,0.0016784668
5375,-0.0012817373
5376,0.00030517345
5377,-0.000122069265
5378,-0.0016174312
5379,-0.00042724493
5380,-0.00036621257
5381,-0.0014953599
5382,-0.0011596689
5383,-0.0032043434
5384,-0.00012207124
5385,-0.0016479483
5386,0.00079345657
5387,0.0004272483
5388,0.0024108875
5389,0.0010986342
5390,0.0036926263
5391,6.103702e-05
5392,0.004486082
5393,-0.0012817373
5394,0.0010070791
5395,-0.003326415
5396,0.00045776367
5397,-0.003448486
5398,-0.00067138765
5399,-0.0014343266
5400,-0.00012206938
5401,-0.0013732896
5402,0.0006103511
5403,-0.0009155264
5404,-0.002014162
5405,-0.001159667
5406,-0.0030822754
5407,-0.00094604306
5408,-0.0029907227
5409,-0.0030212402
5410,-0.0012207031
5411,-0.0009765625
5412,0.0016784687
5413,0.0010070782
5414,0.0011291523
5415,-0.0008850107
5416,0.0013122573
5417,0.001037599
5418,0.005004886
5419,0.0027770982
5420,0.003112793
5421,0.0027771
5422,0.0005798349
5423,0.000762939
5424,0.001159668
5425,0.002380372
5426,0.0020141574
5427,0.0020446768
5428,0.0020446759
5429,0.0016784631
5430,-0.0014343262
5431,-0.0017089872
5432,-0.0016479511
5433,0.00027465867
5434,0.00012207218
5435,0.00054931454
5436,-0.001525878
5437,0.001342772
5438,-0.0025024405
5439,0.0016174344
5440,-0.0035095217
5441,0.00045776297
5442,-0.0018005364
5443,0.0021667485
5444,-0.0022277832
5445,0.00064086885
5446,-9.155256e-05
5447,-0.00027465774
5448,-0.0017395029
5449,-0.002319336
5450,-0.0050354013
5451,-0.003692627
5452,-0.00045776553
5453,-0.0006713867
5454,-0.0017089844
5455,-0.0019531269
5456,-0.002624508
5457,-0.0010070819
5458,0.00045776553
5459,0.0032653809
5460,-0.0013427734
5461,0.00021362305
5462,-0.0038452148
5463,-0.0028686523
5464,-0.0003356915
5465,0.002197262
5466,0.00027466007
5467,-0.00067139044
5468,-0.0018005446
5469,-0.009582508
5470,-0.011138916
5471,-0.009918194
5472,-0.013061523
5473,-0.008178711
5474,0.0055541806
5475,0.009613044
5476,0.024963383
5477,0.0270691
5478,0.013488762
5479,-0.0049133375
5480,-0.03109742
5481,-0.041198723
5482,-0.024383549
5483,0.00979615
5484,0.056823734
5485,0.064147934
5486,0.03692627
5487,0.058898926
5488,0.082336396
5489,0.05380249
5490,0.0007934272
5491,-0.035186768
5492,-0.04458618
5493,-0.031616226
5494,-0.028289825
5495,-0.033905044
5496,-0.03216552
5497,-0.02081298
5498,0.0028076172
5499,0.025482185
5500,0.019195564
5501,-0.0030822605
5502,-0.014801018
5503,-0.0195923
5504,-0.028808624
5505,-0.035522453
5506,-0.049804688
5507,-0.0546875
5508,-0.046722412
5509,-0.036956787
5510,-0.023040742
5511,-0.008819595
5512,0.008789077
5513,0.023040771
5514,0.034637436
5515,0.038024917
5516,0.039154083
5517,0.038482644
5518,0.0396118
5519,0.03643798
5520,0.028900161
5521,0.020019509
5522,0.0029602274
5523,-0.009094253
5524,-0.020965558
5525,-0.027008079
5526,-0.030853253
5527,-0.026519798
5528,-0.021606416
5529,-0.013397209
5530,-0.0061340407
5531,-0.0017090291
5532,0.0053710863
5533,0.006256096
5534,0.009582534
5535,0.010894747
5536,0.012359619
5537,0.010223391
5538,0.009094246
5539,0.006774891
5540,0.005523687
5541,0.005767824
5542,0.004455572
5543,0.004455555
5544,0.0042724647
5545,0.009338368
5546,0.012786865
5547,0.013824478
5548,0.015167251
5549,0.012878418
5550,0.011169434
5551,0.0074157566
5552,0.006164521
5553,0.0011291504
5554,-0.00015257299
5555,-0.004394524
5556,-0.0035094991
5557,-0.006713882
5558,-0.0075378194
5559,-0.0062255897
5560,-0.0068359077
5561,-0.0052185357
5562,-0.0072936825
5563,-0.005920399
5564,-0.0047301985
5565,-0.0045471303
5566,-0.005584717
5567,-0.006988522
5568,-0.0072021363
5569,-0.0087585505
5570,-0.00836182
5571,-0.0113830585
5572,-0.0092773475
5573,-0.011077892
5574,-0.0083007775
5575,-0.0069274865
5576,-0.004516598
5577,-0.0027160458
5578,0.00027463958
5579,-0.00045775622
5580,0.0028991774
5581,0.0014648475
5582,0.0032348596
5583,0.0007934496
5584,0.0030212551
5585,0.0010070689
5586,0.00021363795
5587,-0.0016174465
5588,-0.0021667257
5589,-0.001159694
5590,-0.0007934272
5591,0.00073240325
5592,-0.00082396716
5593,0.0019836407
5594,0.0025329888
5595,0.0032653753
5596,0.005950926
5597,0.006225579
5598,0.0070800837
5599,0.0049133333
5600,0.0070495578
5601,0.0046691922
5602,0.005584714
5603,0.0022583026
5604,0.003112791
5605,-0.00027465634
5606,0.0014648438
5607,0.0008850116
5608,0.00036621466
5609,0.0010070782
5610,0.00076293945
5611,0.0016479492
5612,-0.00036620907
5613,0.0005493164
5614,-0.0018920852
5615,-0.0019531238
5616,-0.0035095222
5617,-0.0039062505
5618,-0.002593991
5619,-0.0028991688
5620,-0.0021667476
5621,-0.0028686547
5622,-0.00033569522
5623,-0.002899169
5624,0.00027465634
5625,-0.004028322
5626,-0.0009460468
5627,-0.0017700233
5628,0.0010375995
5629,0.0016784673
5630,0.0027465792
5631,0.0023193355
5632,0.0018920908
5633,-0.0010375986
5634,0.0013427732
5635,0.0013427739
5636,-0.00036621207
5637,0.0017089853
5638,0.0009155269
5639,0.00100708
5640,9.1552574e-05
5641,-0.0007934569
5642,-9.155285e-05
5643,-0.0008850094
5644,-3.0517695e-05
5645,-0.00021362295
5646,-0.0003662109
5647,0.0010070803
5648,0.00061035133
5649,0.0006713872
5650,0.001800538
5651,0.00036621047
5652,0.00042724656
5653,0.00094604446
5654,0.00033569196
5655,-0.000488278
5656,0.00021362305
5657,0.001129149
5658,0.0014648424
5659,3.0517578e-05
5660,0.00048827846
5661,-0.0021362286
5662,0.00057983445
5663,-0.0021362314
5664,0.0012817397
5665,-0.0009155271
5666,3.0517098e-05
5667,-0.0018310543
5668,-0.0011901865
5669,-0.00088501023
5670,-0.0031433096
5671,-0.00030517578
5672,-0.0037231436
5673,0.00061035156
5674,-0.0029907236
5675,0.0010681143
5676,-0.002319335
5677,0.0008544922
5678,-3.051944e-05
5679,0.0021667504
5680,0.00042724703
5681,0.00018310687
5682,9.155413e-05
5683,-0.00042724377
5684,0.002410888
5685,0.0011901862
5686,0.001068114
5687,3.0517229e-05
5688,0.00073242246
5689,0.0013732914
5690,0.0017395013
5691,0.0007629404
5692,0.0007019043
5693,0.0015869141
5694,-0.00036620907
5695,0.0014038086
5696,0.001220705
5697,0.0025634756
5698,-0.0010681143
5699,0.0025329571
5700,-0.00036621094
5701,0.00094604306
5702,0.0010070801
5703,0.0006408673
5704,0.0008239746
5705,-0.00042724423
5706,3.051944e-05
5707,-0.0020141639
5708,0.0013427762
5709,-0.0014343271
5710,0.001373291
5711,-0.0022888207
5712,-0.0007629399
5713,-0.0010070829
5714,-0.0002746568
5715,0.0001525865
5716,-0.0010986335
5717,-0.0010681178
5718,-0.0031433105
5719,0.0008544938
5720,-0.0009460448
5721,-0.0014953632
5722,-0.0021667483
5723,-0.0010681148
5724,-0.0010986333
5725,-0.0018615695
5726,-0.00051879697
5727,-0.0018920903
5728,-0.00015258789
5729,-6.1037485e-05
5730,0.0007629385
5731,0.00085449405
5732,-0.0004272447
5733,-0.0010070805
5734,0.00039672898
5735,0.0008239709
5736,0.0014953609
5737,-0.0004577618
5738,-0.0008544889
5739,0.0
5740,0.00082397554
5741,3.0516647e-05
5742,0.0017700199
5743,0.00033569417
5744,0.00082397484
5745,-0.00045776297
5746,0.0015563956
5747,0.0021362302
5748,0.0019531245
5749,0.0016174316
5750,0.00051879976
5751,0.001647952
5752,0.002044674
5753,0.0004882831
5754,0.0021972656
5755,6.1035156e-05
5756,0.001159668
5757,1.8626451e-09
5758,0.0015869178
5759,-0.0014038086
5760,0.001434328
5761,-0.0011901837
5762,0.0003967313
5763,-0.0012207022
5764,-0.0019531213
5765,-0.0018615737
5766,-0.0018005376
5767,-0.00097656064
5768,-0.0008239751
5769,-6.103562e-05
5770,-0.0013427726
5771,-0.0015258794
5772,-0.00057983445
5773,-0.0012512202
5774,-0.0005187993
5775,-0.0018920889
5776,-0.00067138765
5777,-0.0030517569
5778,-0.0002746596
5779,9.155087e-05
5780,0.0002441411
5781,0.0020446787
5782,-0.0006713867
5783,-0.0005187998
5784,0.0006408682
5785,0.0042724614
5786,9.15532e-05
5787,0.0018615718
5788,0.00030517532
5789,0.0016784663
5790,-0.0012512204
5791,0.0002441406
5792,-0.00085449277
5793,-0.0015869141
5794,-0.0012207032
5795,-0.0006408695
5796,0.0006713865
5797,0.0012512208
5798,0.0014038087
5799,0.00030517555
5800,-0.002105713
5801,0.0006103518
5802,0.0013427734
5803,0.00030517578
5804,0.0012512212
5805,-0.0002746582
5806,0.0010681148
5807,-0.0005187988
5808,0.0014343262
5809,-0.001708984
5810,-0.0016479488
5811,-0.002532959
5812,-0.0010681157
5813,-0.0014343262
5814,-0.00091552595
5815,-0.00085449126
5816,-0.00070190337
5817,-0.0019836454
5818,-0.0015869131
5819,-0.0008544922
5820,-0.0010070819
5821,-0.0011291485
5822,-0.0013427772
5823,-0.00057983585
5824,-0.0021362323
5825,-0.0019836444
5826,-0.0025329553
5827,-0.0012206994
5828,-0.0022888146
5829,0.0008850135
5830,-0.0014343262
5831,0.0012207013
5832,0.00036621653
5833,0.001373291
5834,-0.00054931454
5835,-0.0008239746
5836,-0.0008239746
5837,0.0010986347
5838,0.00012207031
5839,0.0027465802
5840,0.001434328
5841,0.00091552734
5842,0.000640871
5843,0.0025024423
5844,0.0015258775
5845,0.00213623
5846,0.0024719238
5847,0.0005187993
5848,0.002197265
5849,-0.0012817373
5850,0.0027465804
5851,0.001983643
5852,0.0013732901
5853,0.00012207078
5854,0.0015869145
5855,0.0008239751
5856,0.0014038091
5857,0.0003356915
5858,0.0018005371
5859,0.00021362398
5860,0.00091553107
5861,-0.0006103511
5862,0.00091552734
5863,0.00073242094
5864,0.00057983585
5865,-0.0011901879
5866,-0.00027465727
5867,-0.00039672852
5868,0.0011291509
5869,-0.0004272489
5870,-0.00088500767
5871,-0.0016479513
5872,-0.0013427746
5873,-0.0005188002
5874,0.00039673015
5875,-0.0010681158
5876,0.000152588
5877,-0.00076293957
5878,-0.0005187986
5879,0.00030517532
5880,0.0009155276
5881,0.00015258859
5882,0.0014953618
5883,-0.00048828102
5884,0.00039672852
5885,-0.0007629399
5886,-0.00030517485
5887,3.0517112e-05
5888,0.00042724703
5889,0.0009460454
5890,0.0020751953
5891,0.0001220731
5892,0.0018920917
5893,0.0010070829
5894,-9.15518e-05
5895,0.0005493192
5896,0.002593996
5897,-0.0013122521
5898,-0.0007019043
5899,-9.155087e-05
5900,0.0005798312
5901,-0.00030517206
5902,0.001098631
5903,-0.00018310733
5904,0.0006408673
5905,0.0020446796
5906,0.0012817327
5907,3.051944e-05
5908,0.00012206845
5909,0.00085449405
5910,-0.00067138486
5911,0.0020751972
5912,-0.00036621094
5913,0.0014038086
5914,-0.0011291523
5915,0.0011291504
5916,-0.0016784687
5917,-0.00045776367
5918,-0.001129156
5919,-0.0007629413
5920,-0.0020751953
5921,-0.0004882822
5922,-0.0015563956
5923,-0.0015258789
5924,-0.00027465913
5925,-0.0015258831
5926,-0.0010375953
5927,-0.00030517578
5928,-0.0012207013
5929,0.00073242234
5930,-0.00039672712
5931,0.0014038081
5932,-0.0019836412
5933,-6.103568e-05
5934,-0.0032348633
5935,-0.00051879976
5936,-0.0016479478
5937,-0.0017700219
5938,-0.0036315913
5939,-0.00076294225
5940,-0.0008850107
5941,-0.0017089853
5942,0.0014648447
5943,0.00045776088
5944,0.0008544922
5945,0.00021362398
5946,-0.0002746582
5947,-0.0012207022
5948,-0.0011901846
5949,0.0013122545
5950,-0.0011596661
5951,0.00012206938
5952,0.0010375981
5953,-6.1033294e-05
5954,0.0003051767
5955,0.0024108877
5956,0.0013427748
5957,0.0012817383
5958,0.0024719224
5959,0.0012207036
5960,-0.0014343263
5961,0.00021362289
5962,-0.00024414074
5963,0.0014953613
5964,0.00054931594
5965,0.0001831057
5966,-0.002319335
5967,-0.002105713
5968,-0.0016784659
5969,-0.0026245136
5970,-0.0016479492
5971,-0.00082397554
5972,0.00012207031
5973,-0.00073242374
5974,0.00036621094
5975,-0.0014953613
5976,-0.00067139044
5977,-0.0024414044
5978,-0.0008239765
5979,-0.0008850116
5980,0.00027465634
5981,0.0007934589
5982,0.0020446768
5983,0.00070190243
5984,0.0012512226
5985,0.0019836416
5986,0.0014648456
5987,0.00057983445
5988,0.0008239766
5989,0.001007078
5990,0.0021057143
5991,0.0034790027
5992,0.0018005385
5993,-0.0003051767
5994,0.0027160659
5995,0.0016479525
5996,0.0019836426
5997,0.0005187988
5998,0.0003051767
5999,-0.0008544931
6000,-0.00012207264
6001,-0.00042724377
6002,0.0007324214
6003,0.0001831078
6004,-0.00073242094
6005,9.15525e-05
6006,-0.0018005376
6007,-0.002502441
6008,-0.0016784667
6009,-0.0007019042
6010,-0.0006103505
6011,-0.00015258882
6012,-0.0010070801
6013,-0.0026550293
6014,-0.0026550284
6015,-0.0018615732
6016,-0.0012207013
6017,-0.00073242374
6018,-0.002441408
6019,-0.0013122577
6020,-0.0030212384
6021,-6.103888e-05
6022,0.0009460468
6023,0.0012817392
6024,0.0028686505
6025,0.002532958
6026,0.00582886
6027,0.0020446759
6028,0.0047302274
6029,0.0016479483
6030,0.002075198
6031,0.0008239737
6032,0.0012817373
6033,0.00039672572
6034,-0.0007934589
6035,0.0011596708
6036,-0.00024414156
6037,0.0013427716
6038,-0.0005798368
6039,-0.00021362305
6040,-0.00024414435
6041,0.00061035715
6042,0.0010681171
6043,0.00036621094
6044,-0.00033569243
6045,-0.00036620907
6046,-0.0005187979
6047,3.259629e-09
6048,-0.0012512198
6049,-0.0010986321
6050,-0.0024108859
6051,-0.0016784677
6052,-0.0010070796
6053,-0.00015258696
6054,-0.0003662114
6055,0.00030517532
6056,0.0009765625
6057,0.00061035063
6058,0.0014343224
6059,0.00088501256
6060,-3.0518626e-05
6061,-0.0011596677
6062,-0.0030517597
6063,-0.0038452158
6064,-0.0033569364
6065,-0.004730222
6066,-0.0023498572
6067,-0.004852297
6068,-0.0020751972
6069,-0.0016784687
6070,0.0002746582
6071,-0.00024413876
6072,0.0022888184
6073,0.0003356915
6074,0.002532958
6075,0.0017089825
6076,0.0034790032
6077,0.0024719257
6078,0.002685547
6079,0.0010375958
6080,0.0024719252
6081,0.0012817373
6082,0.0043334975
6083,0.0032043438
6084,0.0014648447
6085,0.0005187979
6086,-0.00085448846
6087,-0.0004882836
6088,-0.0010986323
6089,0.0006713853
6090,-0.0025024407
6091,-0.00030517462
6092,-0.0032043445
6093,0.0010375965
6094,-0.0022277837
6095,-0.00036621
6096,-0.0024414067
6097,-0.00012207031
6098,-0.0016784668
6099,0.00018310407
6100,-0.0013732901
6101,-0.00051880116
6102,0.00064087054
6103,-0.0004272461
6104,-0.00039672758
6105,-0.001953125
6106,0.00012207171
6107,0.0012512212
6108,0.0013427759
6109,-0.0005187985
6110,0.0028076153
6111,0.001983643
6112,0.0024108896
6113,0.00054931594
6114,0.0013427716
6115,0.0025634756
6116,0.0020751916
6117,0.0019226093
6118,0.0019531231
6119,0.0018920917
6120,-0.0017700223
6121,0.0010070773
6122,-0.0032959022
6123,-0.00088500977
6124,-0.0021057138
6125,-0.0006103526
6126,-0.0050354013
6127,-0.0009765625
6128,-0.0015563979
6129,-0.00012206845
6130,-0.0032959003
6131,9.15546e-05
6132,-0.0014343262
6133,-0.0006103497
6134,-0.0011291495
6135,6.103795e-05
6136,0.00015258556
6137,0.00073242513
6138,0.0010070796
6139,0.0003051767
6140,0.0014648447
6141,-0.0026245136
6142,-0.0019226102
6143,-0.0045471173
6144,-0.00216675
6145,-0.00021362305
6146,-0.0012207013
6147,0.0006408673
6148,0.0013122559
6149,0.0022888165
6150,0.002166749
6151,0.0006103497
6152,0.00015259162
6153,-0.0001220731
6154,-0.00018310454
6155,-0.0011291485
6156,-0.0011901865
6157,0.00021362212
6158,0.0006408696
6159,0.0010375986
6160,0.0017700208
6161,0.0032043466
6162,0.0015869136
6163,0.0020141602
6164,0.0029296884
6165,0.0043945312
6166,0.002746583
6167,0.0030517597
6168,0.0014953632
6169,0.0029907227
6170,-0.00018310174
6171,-0.0004882822
6172,-0.0022277823
6173,-0.00018310267
6174,-0.0030517578
6175,-0.0011596698
6176,-0.0012817364
6177,-0.001068115
6178,-0.001983643
6179,-0.000976563
6180,-0.00033569615
6181,0.00012207078
6182,0.0015869159
6183,0.0016174298
6184,0.0020446796
6185,0.0034790002
6186,0.00247192
6187,-3.7252903e-09
6188,-0.00057983585
6189,0.0005187951
6190,-0.0005798377
6191,-0.00076293945
6192,3.0515715e-05
6193,0.002227785
6194,-0.00045776553
6195,-0.00021362025
6196,-0.0010070847
6197,-0.0020141588
6198,-0.0029296875
6199,0.00018310454
6200,-0.0019226107
6201,-0.00015258789
6202,-0.0009155278
6203,0.0007324205
6204,0.00015259068
6205,0.0014343252
6206,-0.00042724516
6207,0.0015869099
6208,-0.0018310526
6209,-0.00033569464
6210,-0.002746581
6211,-0.00289917
6212,-0.0019531248
6213,-0.0030822754
6214,-0.0013122535
6215,0.0012207017
6216,-0.00073242025
6217,-3.051944e-05
6218,0.0011291513
6219,0.0007019052
6220,-0.00070190383
6221,-1.3387762e-09
6222,0.0008850107
6223,0.0016174314
6224,0.0014953609
6225,0.000579834
6226,0.0006713865
6227,0.00079345703
6228,0.0010375984
6229,0.00015258786
6230,-0.0011901861
6231,-0.0018920898
6232,-0.001983643
6233,0.0009460449
6234,-0.0017089848
6235,-0.00054931734
6236,-0.0018310556
6237,-0.0019226102
6238,-0.0021057148
6239,0.0013122559
6240,-0.0017089844
6241,-0.0021972638
6242,-0.0015564002
6243,-0.0010681152
6244,-0.0012512226
6245,-0.00048828125
6246,-0.00012207031
6247,0.0014038105
6248,-0.00091553107
6249,-0.00027465634
6250,0.00021362305
6251,0.0013122563
6252,0.0009155283
6253,0.0039672838
6254,0.0025634728
6255,0.005859376
6256,0.0027771
6257,0.003875731
6258,-0.0007324233
6259,0.0010986347
6260,-0.001739502
6261,0.0012817407
6262,-0.0028991713
6263,-0.0032653818
6264,-0.0030517597
6265,-0.00051879697
6266,-0.00033569452
6267,0.0003051772
6268,0.0015563959
6269,0.00088500953
6270,0.0010070793
6271,0.0010375988
6272,0.0006103511
6273,0.0009460448
6274,-0.00024414051
6275,-0.001220703
6276,-0.0004577632
6277,-0.0010681166
6278,-0.0011596661
6279,-0.0011291518
6280,-0.0006713853
6281,-0.0020751944
6282,0.00048828125
6283,-0.00015258789
6284,-0.0005187942
6285,0.00039672758
6286,-0.002380372
6287,-0.0019836463
6288,-0.001953126
6289,0.00091552455
6290,-0.00061035156
6291,0.0021362286
6292,-0.00079345657
6293,0.0010681152
6294,0.00088501186
6295,0.0019836407
6296,0.002075194
6297,0.0017700202
6298,0.0002136234
6299,-0.0002441418
6300,-0.00033569313
6301,0.0012207031
6302,-0.00088500977
6303,0.0010070798
6304,9.155297e-05
6305,0.0002746582
6306,0.0014343259
6307,0.0018615732
6308,-0.0013122573
6309,0.0014343257
6310,0.0017395006
6311,-9.155506e-05
6312,0.0021972666
6313,0.00082397554
6314,6.1034225e-05
6315,-0.00039673084
6316,0.00039672805
6317,-0.00292969
6318,0.00048828195
6319,-0.0019531243
6320,-0.0009155248
6321,0.00012206705
6322,0.0015563958
6323,0.00027465727
6324,0.00039672852
6325,0.0005798349
6326,0.00027466007
6327,0.001739501
6328,-0.00018310617
6329,-0.00067138765
6330,-0.002929686
6331,-0.0020446773
6332,-0.0012817386
6333,-0.0003051763
6334,0.0011596682
6335,0.0005187988
6336,0.00051879906
6337,-0.0010681154
6338,-0.0011291504
6339,-0.0025024405
6340,0.00054931594
6341,-0.0015258789
6342,-0.00012207031
6343,-0.0010070801
6344,-0.0006408696
6345,-0.000579832
6346,0.0016784659
6347,0.00326538
6348,0.00216675
6349,0.0018310542
6350,0.0021972666
6351,-0.0014038095
6352,0.00085449405
6353,0.0008239732
6354,-0.0004577618
6355,-0.0010681165
6356,0.0011291509
6357,-0.0040588384
6358,-0.00015258742
6359,-0.0020141606
6360,-0.0008850093
6361,-0.001190187
6362,-0.00036621
6363,-0.0012207027
6364,6.1035855e-05
6365,0.001647948
6366,0.0014648454
6367,-0.00036621094
6368,-0.00045776274
6369,-0.0022277823
6370,-0.0029907236
6371,-0.0030517569
6372,-0.00030517438
6373,-0.00048827846
6374,0.003936768
6375,0.0027771005
6376,0.0022583008
6377,0.00091552804
6378,-0.0016784666
6379,-0.0006103518
6380,0.0011596676
6381,0.0032043457
6382,0.00021362305
6383,0.00061035156
6384,-0.00076293945
6385,0.00027465797
6386,0.0011901848
6387,0.00094604585
6388,0.00018310454
6389,0.0018310547
6390,0.0019836416
6391,-0.0013122577
6392,-0.00042724935
6393,0.0011596694
6394,-0.0007019057
6395,0.00036621047
6396,0.0010375958
6397,-0.0001831064
6398,-0.002197269
6399,9.155832e-05
6400,0.0007629362
6401,-0.00051879743
6402,0.0017089839
6403,0.002349855
6404,-0.0012817373
6405,0.000305173
6406,-0.0001831057
6407,-0.0025939946
6408,-0.0015563957
6409,-0.0015563974
6410,-0.0029602027
6411,-0.0005187995
6412,0.0012207034
6413,0.0019226067
6414,-0.00024413923
6415,0.0013732887
6416,0.00082397554
6417,0.0015869113
6418,0.004211425
6419,0.0013122549
6420,-0.0007629404
6421,0.00012206938
6422,-0.0016174307
6423,-0.003601074
6424,0.0012512193
6425,-0.0022583017
6426,0.001617431
6427,-0.0005798347
6428,-0.00048827985
6429,-0.0032043448
6430,0.0020751946
6431,-0.0014038088
6432,-0.0010070789
6433,0.0023803713
6434,-0.0005493164
6435,0.0016174323
6436,0.00064086914
6437,0.00012207034
6438,-0.001922607
6439,-0.0008544903
6440,-0.0031433115
6441,-0.0035400372
6442,-0.0014648438
6443,-0.0025024395
6444,-0.0013732938
6445,-0.001159668
6446,0.0010681115
6447,-0.0010070801
6448,-0.0021667518
6449,-0.0033874493
6450,-0.0028991736
6451,-0.0024719238
6452,0.0003356915
6453,9.155087e-05
6454,-0.0007324219
6455,-0.0019836463
6456,0.0022888202
6457,0.0016174298
6458,0.0019836444
6459,0.0034484826
6460,0.0005188002
6461,0.00018310081
6462,0.0035705613
6463,0.0042419424
6464,0.00033569476
6465,0.0022582992
6466,0.0037841816
6467,0.001342772
6468,0.0008850113
6469,-0.000946046
6470,-0.000122069614
6471,-0.0011901855
6472,0.0024108891
6473,0.00085449126
6474,-0.0007019043
6475,-0.00030517532
6476,0.0017700205
6477,-0.0007324214
6478,-0.00018310547
6479,-0.0006713858
6480,0.0009765653
6481,0.00057983445
6482,0.00045776227
6483,-0.0006713867
6484,0.0019531241
6485,0.0018310566
6486,0.0021362295
6487,0.0014953641
6488,0.00030517206
6489,-0.0006713867
6490,-0.0006713867
6491,-0.0003967262
6492,-0.00012206938
6493,-0.001525878
6494,-0.0015563995
6495,-0.0019531273
6496,-0.002105711
6497,-0.0009460449
6498,0.0002441411
6499,0.0011596661
6500,0.0005493192
6501,0.00079345796
6502,0.0015258808
6503,0.0053100577
6504,-0.0018005334
6505,0.0006408682
6506,-0.0008239746
6507,-0.0030822763
6508,-0.0010986319
6509,0.0027160635
6510,-0.0019531236
6511,0.0019531269
6512,0.0020141606
6513,-0.0012512184
6514,-0.00057983445
6515,-0.0008850093
6516,-0.0024414049
6517,-0.0007324212
6518,0.0011901837
6519,-0.0021057127
6520,-0.0012207022
6521,-0.0023803706
6522,0.00027465768
6523,-0.0011596677
6524,0.0025939944
6525,0.000946045
6526,0.00027465727
6527,-0.00027465727
6528,-0.0042419434
6529,-0.0045166006
6530,-0.0011291495
6531,-0.0014953632
6532,-0.0005187988
6533,0.0006408673
6534,-0.0006103497
6535,-0.002532959
6536,0.00015258789
6537,-0.002746582
6538,-0.002441408
6539,-0.00057983026
6540,0.0017089844
6541,-0.00030517392
6542,0.0034789997
6543,0.0024719257
6544,0.0028991695
6545,0.0033264188
6546,0.0038146954
6547,0.0044250516
6548,0.0040283203
6549,0.0061645526
6550,0.0011901893
6551,0.0027770996
6552,-9.154901e-05
6553,0.00067138486
6554,-0.0001525823
6555,-0.0011901855
6556,-0.0035095168
6557,-0.0033569303
6558,-0.0008544894
6559,-0.00094604585
6560,-0.00064086716
6561,-0.0020751958
6562,-0.002960206
6563,-0.0005493158
6564,-0.0010070805
6565,0.00033569406
6566,-0.004638673
6567,0.0004882831
6568,-0.0029602065
6569,-0.00070190243
6570,-0.0006408701
6571,-0.0014648447
6572,-6.103795e-05
6573,3.051944e-05
6574,-0.0019836444
6575,-0.0025329608
6576,0.0019531231
6577,-0.0029907245
6578,0.0011901874
6579,-0.000640871
6580,0.0002441425
6581,-0.0028686542
6582,0.0011291523
6583,-0.002227785
6584,0.001281742
6585,0.0023193373
6586,0.0016174354
6587,0.0014953632
6588,0.0029296873
6589,0.0023193362
6590,0.0011901879
6591,0.0014648447
6592,-0.0009765625
6593,-0.0014648438
6594,0.00039672852
6595,0.0
6596,-0.0010681143
6597,-0.00042724516
6598,-0.0005493169
6599,-0.00061035017
6600,0.0007324219
6601,0.0009460454
6602,0.0020751958
6603,0.00082397374
6604,0.0005798335
6605,-0.00015258702
6606,0.0025634763
6607,0.00039672852
6608,0.0009155276
6609,0.00021362316
6610,0.00012207055
6611,-0.0018005371
6612,-0.00012207078
6613,0.0029907227
6614,0.001586915
6615,0.0019836426
6616,-0.0007019028
6617,-0.0032653809
6618,-0.002777101
6619,-0.0011901862
6620,0.0015258817
6621,0.001892087
6622,0.0036926307
6623,0.0019836407
6624,0.0040893573
6625,0.003692625
6626,0.0031127948
6627,0.00030517392
6628,0.0010986328
6629,-0.0003356915
6630,-0.0028991725
6631,-0.0040283203
6632,-0.0069885245
6633,-0.005920411
6634,-0.0039062514
6635,-0.000549315
6636,0.0027160645
6637,0.0008850116
6638,-0.001739502
6639,-0.0050659124
6640,-0.0045776516
6641,-0.009429924
6642,-0.010955825
6643,-0.015960693
6644,-0.009735107
6645,-0.0062866285
6646,-0.002227798
6647,-0.0043945387
6648,-0.0023193508
6649,-0.0027465895
6650,0.0016479455
6651,0.005187992
6652,0.008758558
6653,0.011260983
6654,0.012908924
6655,0.019073486
6656,0.017822273
6657,0.023834229
6658,0.02365113
6659,0.027557403
6660,0.02670288
6661,0.023956299
6662,0.017913803
6663,0.012542725
6664,0.009094253
6665,0.0010070801
6666,-0.0033569187
6667,-0.011047393
6668,-0.014495857
6669,-0.019012459
6670,-0.015289284
6671,-0.015502952
6672,-0.012512192
6673,-0.010101326
6674,-0.008667007
6675,-0.005157478
6676,-0.0022583082
6677,-0.0021972582
6678,-0.0018310696
6679,-0.0016174242
6680,-0.0021362156
6681,-0.0025940016
6682,-0.001312254
6683,-0.003387427
6684,-0.0068664523
6685,-0.010345476
6686,-0.010467518
6687,-0.01498412
6688,-0.012908939
6689,-0.009979241
6690,-0.012481689
6691,-0.004516609
6692,-0.008911088
6693,-0.004211448
6694,-0.0012512133
6695,-0.004211448
6696,-0.008636452
6697,-0.004089378
6698,-0.0053710938
6699,-0.0065307617
6700,-0.005859375
6701,-0.007751465
6702,-0.005584702
6703,-0.0048217475
6704,-0.0024719536
6705,-0.006652802
6706,-0.0020752102
6707,-0.0022888035
6708,-3.0517578e-05
6709,0.0029297173
6710,0.0053100586
6711,0.004608169
6712,0.008544944
6713,0.012756322
6714,0.013031002
6715,0.016662601
6716,0.015747074
6717,0.016571028
6718,0.017150886
6719,0.016174303
6720,0.012298584
6721,0.007354744
6722,0.006164547
6723,0.011627197
6724,0.012908921
6725,-0.0024719164
6726,-0.009735122
6727,-0.002319321
6728,0.0016479269
6729,-0.005340576
6730,-0.011779785
6731,-0.015228257
6732,-0.004394546
6733,-0.0013427695
6734,0.0044555683
6735,0.0023498521
6736,0.0027465858
6737,-0.0014343271
6738,-0.014160156
6739,-0.016174316
6740,-0.0018615732
6741,0.0038146973
6742,0.01116943
6743,0.025604244
6744,0.023590095
6745,0.0010681041
6746,-0.0028686337
6747,0.0024414025
6748,0.0035095178
6749,0.0009765774
6750,0.003173843
6751,0.007751465
6752,0.004669197
6753,0.0069274977
6754,0.011779763
6755,0.012084961
6756,0.011932373
6757,0.008483887
6758,0.00775145
6759,0.0018920898
6760,-0.002532974
6761,-0.0052795485
6762,-0.007171653
6763,-0.010833759
6764,-0.010833725
6765,-0.010101322
6766,-0.01095582
6767,-0.016113283
6768,-0.015838617
6769,-0.022460943
6770,-0.019958496
6771,-0.019805893
6772,-0.01947023
6773,-0.019134507
6774,-0.016754165
6775,-0.015289277
6776,-0.015502945
6777,-0.010101303
6778,-0.006561309
6779,-0.002258271
6780,0.001739502
6781,0.0051574707
6782,0.00686644
6783,0.012908943
6784,0.009674042
6785,0.012207054
6786,0.010162361
6787,0.011932369
6788,0.0068969615
6789,0.010009779
6790,0.009246811
6791,0.004364008
6792,0.005157482
6793,0.0029907264
6794,-0.00012207404
6795,0.00045776367
6796,-0.0018310584
6797,0.0016784668
6798,-0.002716072
6799,0.000610346
6800,-0.0012817271
6801,-0.0044250563
6802,0.0035705548
6803,0.0037841778
6804,0.008453378
6805,0.008056629
6806,0.014495853
6807,0.014251716
6808,0.014221184
6809,0.015319839
6810,0.011505112
6811,0.014678955
6812,0.01361087
6813,0.009338424
6814,0.0088806
6815,0.0077514797
6816,0.005493179
6817,0.0017090142
6818,0.00036622584
6819,-0.0004272014
6820,-0.0052490383
6821,-0.0046081394
6822,-0.009582497
6823,-0.010406479
6824,-0.009491
6825,-0.011108395
6826,-0.010314938
6827,-0.015838634
6828,-0.009155264
6829,-0.012969971
6830,-0.0106506385
6831,-0.007720951
6832,-0.010894777
6833,-0.009002676
6834,-0.008209232
6835,-0.0071105845
6836,-0.00836182
6837,-0.0064086914
6838,-0.003753662
6839,-0.004150387
6840,-0.0023193248
6841,0.0010680966
6842,-0.0026550442
6843,0.0030517578
6844,0.0
6845,0.0036621243
6846,0.0010070913
6847,0.0010986328
6848,0.0021667443
6849,-0.0010681003
6850,0.005126979
6851,0.0044555925
6852,0.004363997
6853,0.0056457417
6854,0.0050964435
6855,0.006195073
6856,0.005767818
6857,0.007446289
6858,0.0034790048
6859,0.00390625
6860,0.0051574726
6861,0.0036010724
6862,0.004699709
6863,0.0039367657
6864,0.001220705
6865,0.0005187988
6866,-0.0013122559
6867,0.0014648438
6868,-0.00051880255
6869,3.0517578e-05
6870,0.0011901837
6871,-0.0015563983
6872,0.00048828125
6873,-0.00030517764
6874,0.00018310547
6875,0.0007019043
6876,-0.0003357008
6877,0.0034790114
6878,-0.0009460449
6879,0.0022277907
6880,0.0010376051
6881,-0.0003662184
6882,0.0015869252
6883,-0.0024108812
6884,-0.00045776553
6885,-0.0038757343
6886,-0.0014037965
6887,-0.004425058
6888,-0.004150388
6889,-0.0021972656
6890,-0.003479003
6891,-0.00454712
6892,-0.0034484882
6893,-0.0045166025
6894,-0.0030212393
6895,-0.0026855487
6896,-0.002044674
6897,-0.0032043457
6898,-0.0026550274
6899,-0.0014648438
6900,-0.0046081543
6901,-0.0005493164
6902,-0.0022888184
6903,0.00021362305
6904,-0.0004272461
6905,0.0004272461
6906,0.0013732929
6907,0.0014953632
6908,0.001495365
6909,0.0023498572
6910,-0.0021362286
6911,0.0032959003
6912,-0.00088500977
6913,0.0026855487
6914,0.0011291523
6915,0.0026245117
6916,0.0019226065
6917,-0.0012512226
6918,0.0013427744
6919,-0.0028686505
6920,0.0006713886
6921,-0.00054931827
6922,-0.0004272461
6923,-0.0014953632
6924,0.0017395057
6925,0.001434328
6926,-0.00039672665
6927,-3.0521303e-05
6928,0.00036621094
6929,-0.0011596698
6930,0.0005187988
6931,-0.0020751953
6932,-0.0010070801
6933,-0.0036315918
6934,0.0009460449
6935,-0.0009460449
6936,0.0008239746
6937,0.0017089862
6938,-0.00039673038
6939,-0.0009460412
6940,0.0010070782
6941,0.0006103534
6942,0.0015869131
6943,0.0016784688
6944,0.005371091
6945,0.0065917987
6946,0.0068969727
6947,0.0072631855
6948,0.0025024395
6949,0.0022888202
6950,0.0010986291
6951,0.0005188007
6952,-0.0013122577
6953,0.00057983864
6954,-0.003326417
6955,-0.0015869131
6956,-0.0006408701
6957,-0.003997801
6958,-0.0014953618
6959,-0.001342773
6960,-0.0011596682
6961,0.001892088
6962,-0.002197268
6963,0.002288818
6964,0.0016479497
6965,0.0010376
6966,0.00042724563
6967,0.0002441397
6968,-0.0018615737
6969,-0.0022277855
6970,-0.003479004
6971,-0.0039367657
6972,-0.0024719252
6973,0.00015258905
6974,3.0516647e-05
6975,0.00079345703
6976,0.0039367666
6977,0.003753664
6978,0.0036621066
6979,0.003082279
6980,0.0031433087
6981,0.0012207087
6982,0.0001831036
6983,0.00039673224
6984,-0.0019836426
6985,-0.00039672665
6986,0.00027465634
6987,0.0006713886
6988,-0.00097656064
6989,0.00012206938
6990,-0.0020751953
6991,-0.0020446777
6992,-0.00067138113
6993,-0.00024413876
6994,0.0011291504
6995,0.0020446768
6996,0.0016174298
6997,0.0012817364
6998,-0.0004577646
6999,-0.00015258696
7000,-0.00088501256
7001,-0.0018920889
7002,0.00030517485
7003,-0.0011901851
7004,0.00042724516
7005,-0.0022583012
7006,-0.00012207101
7007,-0.003723144
7008,-0.0035400372
7009,-0.0053710965
7010,-0.0029907208
7011,-0.0029296894
7012,-6.103702e-05
7013,-0.000701908
7014,-0.0006408682
7015,0.0017700186
7016,-0.00079345517
7017,0.0002441411
7018,0.0013122549
7019,0.0007019036
7020,0.0017700205
7021,0.0032653825
7022,0.002471923
7023,0.0026550293
7024,0.0038757324
7025,0.0023498526
7026,0.0012817401
7027,0.00054931734
7028,0.0014343266
7029,-0.0015258789
7030,-0.0018920865
7031,-0.002380371
7032,-0.0022583008
7033,-0.0030822745
7034,0.001586915
7035,0.0017700195
7036,0.0025329604
7037,0.0017395015
7038,0.00070190476
7039,-0.0013427739
7040,-0.0009460432
7041,-0.0011901837
7042,-0.0017089843
7043,-0.00241089
7044,0.0009155279
7045,0.0004882816
7046,-0.00042724668
7047,-0.0012207031
7048,0.0007324219
7049,-0.0013732909
7050,-0.00018310559
7051,-0.0005493163
7052,-0.0010681152
7053,0.00076293957
7054,0.0007324219
7055,0.00088500977
7056,-0.0003662107
7057,0.0014038091
7058,-0.002410889
7059,-3.0517578e-05
7060,-0.0015258789
7061,-0.0024719248
7062,-0.0011291476
7063,-0.0016174344
7064,-0.0014648419
7065,-0.0011291541
7066,-0.002166748
7067,-0.00033569522
7068,-6.1033294e-05
7069,-0.00033569336
7070,0.0004577646
7071,0.0004882822
7072,0.0019531257
7073,0.0034790046
7074,0.0030822754
7075,0.0008239762
7076,0.0013427737
7077,0.00030517625
7078,0.00097656203
7079,0.0018310549
7080,0.0004577632
7081,0.0004882817
7082,0.0020751953
7083,-0.00024414062
7084,0.0010681157
7085,0.0005187979
7086,0.00061035063
7087,-0.0008239739
7088,0.0011596663
7089,-0.00161743
7090,-0.0012207017
7091,-0.0034484882
7092,-0.0043029767
7093,-0.0028686533
7094,-0.0010070791
7095,0.0014343262
7096,-0.0007934589
7097,-0.0013122549
7098,-0.003021242
7099,-0.0014038077
7100,0.00021362398
7101,0.0012512226
7102,0.0010375953
7103,0.0008239746
7104,0.00250244
7105,0.0030517576
7106,0.0037841806
7107,0.0019531255
7108,0.0007324207
7109,-0.0031433105
7110,-0.0013732912
7111,-0.0009460454
7112,-0.00021362328
7113,0.00027465867
7114,0.00039672886
7115,0.0008544922
7116,0.00018310524
7117,0.0014343269
7118,0.00021362351
7119,0.001953125
7120,-0.00036621082
7121,-0.00024414074
7122,-0.0009460448
7123,-0.0009460448
7124,-1.1641532e-10
7125,-3.0517578e-05
7126,-0.0008850099
7127,-0.0006103516
7128,-0.00091552746
7129,0.0016174316
7130,0.0011291499
7131,0.0010681155
7132,0.0009155271
7133,0.0008239747
7134,-0.0010681154
7135,-0.0014953614
7136,0.0010986325
7137,-0.0007324214
7138,0.0011596682
7139,0.00079345703
7140,-0.0002746581
7141,-0.0004882815
7142,0.00067138637
7143,-0.0015258788
7144,0.00073242164
7145,0.00018310547
7146,0.0012817373
7147,0.00033569383
7148,0.00079345657
7149,-0.00051879836
7150,-0.0013732917
7151,-0.00048827892
7152,0.0019226074
7153,0.001739501
7154,0.0031433115
7155,0.0043945294
7156,0.0015258808
7157,-0.001159668
7158,0.000854495
7159,-0.0035705585
7160,-0.0020446782
7161,-0.004974367
7162,-0.0055541997
7163,-0.0060119657
7164,-0.00091552455
7165,0.0011291504
7166,-0.0010681155
7167,0.0033874514
7168,0.0027465823
7169,0.0029296863
7170,0.0024414062
7171,0.0014343262
7172,0.00057983445
7173,0.00067138625
7174,0.001983642
7175,-0.0023803725
7176,-0.0021362302
7177,-0.0015258782
7178,-0.0012207029
7179,-0.00076293986
7180,0.0010375979
7181,0.00030517578
7182,-0.0011596682
7183,-0.00015258812
7184,-0.0005187987
7185,-0.00024414086
7186,0.000579834
7187,-3.0517578e-05
7188,-0.00042724586
7189,-0.0008544922
7190,0.0010681159
7191,-0.0005493162
7192,-3.0518044e-05
7193,-0.0010986323
7194,-0.0013427744
7195,0.001434328
7196,-0.00033569336
7197,0.0011901859
7198,-0.0014343264
7199,0.0025329597
7200,-0.0014343273
7201,0.0019531248
7202,0.00015258836
7203,0.0006713858
7204,0.0009765634
7205,0.001739502
7206,0.00021362212
7207,-0.0013732901
7208,0.0018310547
7209,0.0024414053
7210,0.0006713886
7211,6.1035156e-05
7212,-0.00088501116
7213,-0.0024108877
7214,-0.0003662114
7215,0.00033569126
7216,-0.00094604306
7217,-0.0004882822
7218,0.00033569383
7219,0.00097656157
7220,0.00042724656
7221,0.0022277813
7222,3.0518975e-05
7223,0.0002746574
7224,-0.0023193352
7225,-0.0016479506
7226,-0.0020446777
7227,-0.0029602065
7228,-0.0024719248
7229,-0.0032043438
7230,-0.0031738281
7231,-0.0032348614
7232,-0.0006713867
7233,0.00048828125
7234,0.00030517578
7235,0.00039672852
7236,0.0012512221
7237,0.0023498554
7238,0.00430298
7239,0.0043029767
7240,0.0018920898
7241,-0.0008544929
7242,-0.000854491
7243,-0.0007629398
7244,-0.000122070065
7245,0.00061035133
7246,0.0024719238
7247,3.0518044e-05
7248,0.0009765625
7249,-0.0016784669
7250,0.0019836426
7251,-0.001647949
7252,0.0016784669
7253,-0.0022583005
7254,-0.0010986327
7255,-0.0018920898
7256,0.00036621117
7257,0.0014038091
7258,0.0030517566
7259,0.002349855
7260,0.0012817378
7261,0.0003356957
7262,0.0019531269
7263,0.0011291527
7264,0.0009155257
7265,-0.0026245103
7266,-0.0020141609
7267,-0.0030212393
7268,-0.00012207008
7269,-0.0018005366
7270,-0.0020751962
7271,-0.0007019042
7272,0.0004272462
7273,0.0011901851
7274,0.001586915
7275,0.0016174321
7276,0.0015869136
7277,0.0011291513
7278,0.0012207017
7279,0.0027770977
7280,0.00067138625
7281,-0.0024719238
7282,-3.7252903e-09
7283,-0.0016784635
7284,0.00018310593
7285,-0.0007324233
7286,0.00012207218
7287,-0.0020141588
7288,0.0017089839
7289,0.002563478
7290,-0.0016479498
7291,-0.00088500883
7292,-0.0022582998
7293,-0.0006408696
7294,-0.00085449347
7295,0.0012817392
7296,-0.0003051759
7297,9.155227e-05
7298,-0.0018615718
7299,-0.0030822777
7300,-0.002319334
7301,-0.0020446796
7302,-0.00039672758
7303,-0.0013427753
7304,0.0014953623
7305,-0.0009460468
7306,-0.001098631
7307,-0.0010375977
7308,-0.001617441
7309,-0.004882807
7310,-0.0038757287
7311,-0.0050354004
7312,-0.0034789927
7313,-0.0054626763
7314,-0.0073852427
7315,-0.01480104
7316,-0.009796146
7317,0.013885476
7318,0.005645754
7319,0.029327378
7320,0.043090835
7321,0.013153067
7322,-0.026763938
7323,-0.034912094
7324,-0.048736587
7325,-0.03570555
7326,0.015045144
7327,0.050170906
7328,0.06060791
7329,0.07077028
7330,0.08367923
7331,0.0852052
7332,0.056610137
7333,0.002258435
7334,-0.04846199
7335,-0.07247929
7336,-0.07751461
7337,-0.06579584
7338,-0.048065245
7339,-0.036651604
7340,-0.02731321
7341,-0.008117691
7342,0.01724243
7343,0.02468872
7344,0.025817877
7345,0.022552479
7346,0.018371593
7347,-7.450581e-09
7348,-0.01638794
7349,-0.038818367
7350,-0.04803466
7351,-0.047729492
7352,-0.03863524
7353,-0.026824951
7354,-0.01379393
7355,3.053248e-05
7356,0.015014648
7357,0.026214607
7358,0.032257065
7359,0.039001457
7360,0.037811294
7361,0.035217285
7362,0.029968262
7363,0.01565551
7364,9.156577e-05
7365,-0.012878418
7366,-0.028137222
7367,-0.03558348
7368,-0.03457643
7369,-0.027252167
7370,-0.019744888
7371,-0.0054321215
7372,0.0053710863
7373,0.014251716
7374,0.023559563
7375,0.0293274
7376,0.035980232
7377,0.03713987
7378,0.030364998
7379,0.020446777
7380,0.007873535
7381,-0.0067138616
7382,-0.019165024
7383,-0.024780283
7384,-0.02664186
7385,-0.0206909
7386,-0.014282233
7387,-0.0009765588
7388,0.009735111
7389,0.022399902
7390,0.029998757
7391,0.032623276
7392,0.032623306
7393,0.026855454
7394,0.021423355
7395,0.012908936
7396,0.004699707
7397,-0.0052490234
7398,-0.013214096
7399,-0.017913818
7400,-0.022491455
7401,-0.022338867
7402,-0.020874025
7403,-0.017120361
7404,-0.016967775
7405,-0.010742188
7406,-0.007446288
7407,-0.005493167
7408,-0.0027770977
7409,-0.003814701
7410,-0.002410885
7411,-0.004394533
7412,-0.004394537
7413,-0.0044860765
7414,-0.0055847317
7415,-0.0059509166
7416,-0.0049438328
7417,-0.0037841797
7418,-0.0021057092
7419,0.00054930523
7420,-0.0004577674
7421,0.00088500977
7422,-0.0007629469
7423,0.0029907264
7424,0.0004577674
7425,0.00033569336
7426,0.000671383
7427,-0.0012817122
7428,-0.0006103553
7429,0.0012817308
7430,0.0011901893
7431,0.0007934682
7432,0.0022888184
7433,0.0016479511
7434,0.004119875
7435,0.0035400447
7436,0.00637818
7437,0.0058288574
7438,0.0036010756
7439,0.0058898916
7440,0.0034790048
7441,0.0072021475
7442,0.0025024433
7443,0.0040893536
7444,0.0034179706
7445,0.0008544922
7446,-0.0014953595
7447,-0.0011291504
7448,-0.0025329553
7449,-0.0022583008
7450,-3.0517578e-05
7451,-0.0003051767
7452,-0.00030517392
7453,-0.0012207013
7454,0.00061035063
7455,-0.0025634794
7456,-0.0020446768
7457,-0.002227782
7458,0.0006713867
7459,-0.0016784674
7460,0.0016479488
7461,-0.0027160645
7462,0.0010681154
7463,-0.0006103512
7464,-0.00015258766
7465,-0.000335693
7466,-0.000122070196
7467,-0.0009460446
7468,-9.313226e-10
7469,-0.0016479483
7470,-0.00079345703
7471,-0.0044555655
7472,-0.00109863
7473,-0.0010986347
7474,-0.0026550274
7475,-0.0013122559
7476,-0.0006103534
7477,-0.0023498498
7478,0.00054931827
7479,0.0010986328
7480,-0.0018005352
7481,0.00036621466
7482,0.0014343262
7483,0.0020141648
7484,0.00042724842
7485,0.004608155
7486,0.0024719243
7487,0.0019531262
7488,0.0028076177
7489,0.004333495
7490,-0.001556397
7491,0.0011291504
7492,-0.00033569243
7493,0.0006713867
7494,0.0013427734
7495,0.0017700186
7496,-0.0022888202
7497,0.0012512212
7498,-0.000885007
7499,0.00027465867
7500,-0.0011291495
7501,0.00033569383
7502,-3.0516647e-05
7503,0.0008239765
7504,0.0013427725
7505,0.0011291523
7506,0.0027770996
7507,0.0008239746
7508,0.001800539
7509,0.0010681171
7510,0.0010681152
7511,-0.0012207003
7512,-0.0002441425
7513,-0.0006713844
7514,-0.00250244
7515,-0.0022582994
7516,-0.0021057152
7517,-0.003967285
7518,-0.002197266
7519,-0.0030212402
7520,-0.0005493171
7521,-0.00030517532
7522,0.00094604515
7523,3.0516414e-05
7524,0.00070190383
7525,-0.0009765632
7526,0.0021057127
7527,-0.0006713867
7528,0.00061035145
7529,-0.00036621117
7530,0.00067138625
7531,-0.0016479488
7532,0.0008544917
7533,-0.0019531245
7534,0.0005798342
7535,0.000671386
7536,-0.00033569266
7537,0.00021362281
7538,-9.15518e-05
7539,-0.0010681162
7540,-0.0001831036
7541,-0.00036621187
7542,-3.0514318e-05
7543,-0.00088500977
7544,-0.0020751934
7545,-0.0016479483
7546,-0.0024719248
7547,-0.0007629385
7548,-0.0023498535
7549,0.0025634766
7550,6.1035156e-05
7551,0.002166747
7552,9.155227e-05
7553,0.0005187993
7554,0.0025329592
7555,0.0001525865
7556,0.00064086984
7557,0.00051879894
7558,0.0017089845
7559,0.0023803702
7560,0.0013122563
7561,0.0020751944
7562,0.0020751948
7563,0.0019836435
7564,0.0002441397
7565,0.0010070773
7566,0.0
7567,0.0026245099
7568,0.0030822828
7569,0.0004882794
7570,0.00088500977
7571,-5.5879354e-09
7572,-3.0517578e-05
7573,0.0007629385
7574,-0.0006713858
7575,-0.0030517578
7576,-0.0015869145
7577,-0.001220705
7578,-0.0007934612
7579,-0.0010375981
7580,0.00021362305
7581,-0.0028686519
7582,-0.000976563
7583,-0.0037841797
7584,0.002105713
7585,-0.00088501023
7586,0.0020751958
7587,-0.0015563967
7588,0.0010986328
7589,-0.0011596689
7590,0.0016784684
7591,-0.00024414156
7592,0.00030517648
7593,0.00015258789
7594,-0.0018005371
7595,9.1552036e-05
7596,-0.0017395013
7597,-0.0015258789
7598,-6.1034923e-05
7599,-0.00033569336
7600,3.4924597e-10
7601,-0.0014648438
7602,0.0017089848
7603,0.0007324228
7604,-0.0018615737
7605,-0.0028381348
7606,-0.0021057148
7607,-0.0026245108
7608,-0.0025024433
7609,0.00079345703
7610,-0.0016174354
7611,0.0006408673
7612,-0.0004272475
7613,0.0018920922
7614,0.0026855427
7615,0.0021667492
7616,0.0022582998
7617,0.0005798347
7618,0.0015563944
7619,-0.0007324205
7620,-0.00085449265
7621,-0.0012512184
7622,-0.001556397
7623,0.0020446782
7624,0.000610349
7625,0.0005493164
7626,3.0517578e-05
7627,-0.00018310407
7628,-9.155343e-05
7629,0.0003356943
7630,0.00097656186
7631,-0.0005798341
7632,0.0017089843
7633,-0.00024414016
7634,0.00067138625
7635,0.0022583003
7636,0.0014953627
7637,0.0027465806
7638,-0.0007934561
7639,0.0010681138
7640,-0.0017089848
7641,-0.002166748
7642,0.0016784682
7643,-0.0033569345
7644,0.0014343258
7645,-0.0014953613
7646,-0.001159667
7647,-0.0005493178
7648,-0.0030212374
7649,-0.0021972675
7650,-0.0044860803
7651,0.0036010742
7652,-0.00637817
7653,0.00317383
7654,-0.0024414025
7655,-0.0004272461
7656,0.0017089872
7657,0.0004882831
7658,0.0035705576
7659,-0.00018310541
7660,0.0062866206
7661,-0.0014953616
7662,0.00479126
7663,-0.00042724703
7664,0.0011596698
7665,0.003967285
7666,-0.0028381348
7667,0.0057373047
7668,-0.0024414062
7669,0.005645752
7670,-0.0018615713
7671,-0.00048828032
7672,0.0026855487
7673,-0.0011291476
7674,0.0023498563
7675,-0.0019226065
7676,-0.0001831043
7677,-0.0052490234
7678,-0.00012206985
7679,-0.004455563
7680,-0.0056457543
7681,-0.00076293945
7682,-0.0059814462
7683,0.0007934575
7684,-0.0014343262
7685,0.004180909
7686,-0.00045776647
7687,0.0020446745
7688,0.0020446787
7689,-0.001922606
7690,0.003112792
7691,-0.0002136227
7692,0.0014343266
7693,-0.00015258859
7694,-0.00021362305
7695,-0.0016784666
7696,-0.0013427748
7697,0.0020446782
7698,-0.003295899
7699,0.0011901865
7700,-0.0021057157
7701,-0.0022888174
7702,0.00045776367
7703,3.0521303e-05
7704,-0.0030517578
7705,0.0018920898
7706,-0.0006713895
7707,-0.0017089834
7708,-0.0011291513
7709,0.0026550307
7710,-0.00039672852
7711,0.0012206999
7712,0.0032348633
7713,0.0004882815
7714,0.0021057138
7715,6.1033177e-05
7716,0.00036621187
7717,-0.0009460447
7718,0.0050048823
7719,-3.0517578e-05
7720,0.00033569313
7721,0.0004882817
7722,0.0004882822
7723,0.001037599
7724,0.0009765634
7725,0.0054626474
7726,-0.0034484863
7727,0.005126953
7728,0.00067138765
7729,-0.0009155269
7730,-9.154994e-05
7731,-0.0025024407
7732,-0.002746582
7733,-0.0009155269
7734,-0.0015869122
7735,-0.0013732905
7736,0.0011901855
7737,-0.0008850086
7738,0.00042724423
7739,-0.0001525865
7740,0.0005798321
7741,0.0023498577
7742,0.0019836435
7743,0.0011291532
7744,0.00054931734
7745,-0.00045775995
7746,0.0025634756
7747,-0.0011901855
7748,-6.1034225e-05
7749,-0.0018615704
7750,-0.0037841788
7751,-0.0011291505
7752,-0.0010375986
7753,-0.0010070801
7754,-0.00079345633
7755,3.0516414e-05
7756,0.001495363
7757,0.0005493155
7758,0.0018310561
7759,0.00024413993
7760,-0.0009155274
7761,-0.00045776367
7762,-0.0029907222
7763,-0.0013427737
7764,-0.004486085
7765,0.0028381352
7766,-0.0028686523
7767,0.0061645512
7768,-0.0041503916
7769,0.007385254
7770,0.0011901855
7771,0.005279541
7772,0.0033569355
7773,0.005004883
7774,-0.0029296875
7775,0.004974367
7776,-0.0035095233
7777,0.0049438495
7778,-0.004211426
7779,0.004425047
7780,-0.009307863
7781,0.002197266
7782,-0.006042482
7783,-0.0013732904
7784,-0.0018615738
7785,-0.0015563979
7786,-0.0043334966
7787,-0.0011901862
7788,-0.0018005376
7789,-0.0022888172
7790,0.0022888198
7791,-0.00018310559
7792,-0.0012817394
7793,0.0042724595
7794,-0.0031433105
7795,0.0036621091
7796,-0.00012206938
7797,0.0032958966
7798,0.0010986347
7799,-0.0009155278
7800,0.0048828153
7801,-0.0012817387
7802,-0.0006713844
7803,0.0029907203
7804,-0.0049133287
7805,0.002471923
7806,-0.005737303
7807,0.0053100553
7808,-0.0074768057
7809,0.0065002446
7810,-0.0073242188
7811,0.0036621094
7812,-0.0032348628
7813,0.0035400384
7814,-0.0038146963
7815,-0.00033569452
7816,-0.0020751944
7817,0.0007324214
7818,-0.00048827892
7819,-0.0008239746
7820,-0.0021362305
7821,-0.0010070801
7822,-0.00094604585
7823,-0.0014038086
7824,0.0016479502
7825,-0.0016174326
7826,-0.0022583026
7827,0.0011901883
7828,-0.0009460468
7829,0.0011901837
7830,0.0005493155
7831,-0.0008239746
7832,0.0016174316
7833,-0.0027770987
7834,0.005859372
7835,-0.0018310547
7836,0.005706788
7837,-0.00036621199
7838,0.0032348628
7839,-0.0036315895
7840,0.0022277813
7841,-0.0048828116
7842,0.0027160642
7843,-0.0016479488
7844,0.0018920877
7845,-0.0021362277
7846,0.0014953604
7847,-0.0026855473
7848,0.0009460435
7849,-9.155227e-05
7850,0.0019531283
7851,-0.0022888202
7852,0.00076294015
7853,-0.0015869174
7854,0.003845217
7855,0.00015258684
7856,0.005645753
7857,-0.0029907236
7858,0.003479002
7859,-0.004058838
7860,0.005249024
7861,-0.003692627
7862,0.00161743
7863,-0.0024108882
7864,-0.0015258794
7865,0.0014343265
7866,-0.0016479492
7867,0.0015563964
7868,-0.0048217764
7869,0.0055847163
7870,-0.0055541983
7871,0.0057373038
7872,-0.0051574707
7873,0.0047302237
7874,-0.003387451
7875,0.0027770991
7876,-0.0028991695
7877,0.004882812
7878,-0.005523681
7879,0.0054626465
7880,-0.005401612
7881,0.0038757324
7882,-0.0072021484
7883,0.0053100577
7884,-0.004974363
7885,0.0035705557
7886,-0.004760741
7887,0.00253296
7888,-0.00436401
7889,0.0020446777
7890,-0.0008850051
7891,0.00091552315
7892,-0.00076293666
7893,0.0017089806
7894,0.0012207052
7895,-0.00061035296
7896,0.002319337
7897,-0.0013122564
7898,0.0019836444
7899,0.0023193345
7900,-0.0009765632
7901,3.051851e-05
7902,0.002563476
7903,0.0006103525
7904,0.002899169
7905,-3.0516647e-05
7906,0.0033569327
7907,-0.00018310454
7908,0.0044555683
7909,-0.0010681134
7910,0.0031433115
7911,-0.003692626
7912,0.0026550293
7913,-0.0060424795
7914,0.002655032
7915,-0.0064697256
7916,0.0012207024
7917,-0.007232665
7918,0.002349854
7919,-0.0054321284
7920,0.0016174312
7921,-0.0014953623
7922,0.002410888
7923,-0.0010681138
7924,0.0018920905
7925,0.0011901855
7926,-0.00045776484
7927,0.003112793
7928,-0.002380372
7929,-0.00033569266
7930,-0.003021242
7931,0.0010986333
7932,-0.001342773
7933,-0.0004577646
7934,0.00018310454
7935,-0.0019836435
7936,-0.0015258798
7937,-0.0035705548
7938,-0.000885007
7939,-0.001251217
7940,0.0011596675
7941,0.0045166034
7942,-0.0015563983
7943,0.0071411156
7944,-0.00430298
7945,0.0097961435
7946,-0.0050354013
7947,0.0067443848
7948,-0.006713867
7949,0.002563477
7950,-0.002746582
7951,-0.0016784677
7952,0.0035095222
7953,-0.0043945303
7954,0.00579834
7955,-0.003479005
7956,0.0063781757
7957,-0.0010986328
7958,0.0019531252
7959,0.00024414062
7960,-0.0029602046
7961,-0.00024414156
7962,-0.0030212398
7963,0.003479004
7964,-0.0022583008
7965,3.0517229e-05
7966,0.0003356943
7967,-0.0023193364
7968,0.0048522954
7969,-0.0032958975
7970,0.006286619
7971,-0.00079345703
7972,0.004486083
7973,-0.0025939937
7974,-0.0010986337
7975,-0.0019531224
7976,-0.0022583024
7977,0.0002441397
7978,-0.0013427737
7979,-0.0022888184
7980,0.0016174314
7981,-0.0036315923
7982,0.0054626465
7983,-0.007537841
7984,0.004699707
7985,-0.0045471205
7986,0.0010375977
7987,0.0020446796
7988,0.00039672898
7989,0.0032043457
7990,-0.00018310593
7991,0.0018005366
7992,0.0011596661
7993,0.0008850121
7994,0.006591797
7995,-0.003417967
7996,0.005432129
7997,-0.0028686495
7998,0.0013122503
7999,-0.00045776274
8000,-0.0012512226
8001,0.0032348633
8002,-0.0036315965
8003,0.005645752
8004,-0.003906252
8005,0.006225584
8006,-0.003997802
8007,0.00024414156
8008,-0.0016784668
8009,-0.004577636
8010,-0.00030517497
8011,-0.005279541
8012,0.0005493171
8013,-0.0021667476
8014,-0.00030517578
8015,-0.0007324219
8016,-0.0035705566
8017,-0.0009765634
8018,-0.0022277823
8019,0.0014343276
8020,-0.002685544
8021,0.0027770987
8022,-0.0007019052
8023,0.0022277813
8024,-0.0015869131
8025,-0.0026550293
8026,-0.000640871
8027,-0.0024414072
8028,0.004974366
8029,-0.001953125
8030,0.0050964355
8031,-0.0026855473
8032,0.0025024414
8033,-0.0026245122
8034,0.0033569334
8035,0.0012512214
8036,-0.0014953616
8037,0.0047302237
8038,0.00024414062
8039,0.0024414058
8040,0.0015258784
8041,-0.0012512193
8042,-1.1641532e-09
8043,-0.0027770996
8044,0.0025939934
8045,-0.0033569334
8046,0.00021362351
8047,-0.0029602046
8048,-0.00067138765
8049,-0.0045166006
8050,0.0014038058
8051,-0.0038146963
8052,0.0014343229
8053,-0.0045166025
8054,0.0041503888
8055,-0.0026550274
8056,0.0031433082
8057,0.0001220695
8058,0.0014038063
8059,0.0037841806
8060,-0.00070190406
8061,0.0054016104
8062,-0.00018310547
8063,0.0037536616
8064,0.0015563956
8065,-0.0010375981
8066,-0.00021362444
8067,-0.00027465867
8068,-0.0007934538
8069,0.0016479488
8070,-0.0032348633
8071,0.0023803702
8072,-0.0034484859
8073,0.0031738281
8074,-0.0011291509
8075,0.00051879976
8076,0.0011596666
8077,-0.0024414062
8078,0.0036315927
8079,-0.006835936
8080,0.00415039
8081,-0.006134033
8082,0.0028686519
8083,-0.003173829
8084,0.0014343266
8085,-0.0017395021
8086,0.002532959
8087,-0.0022583012
8088,0.0026855476
8089,-0.0025634775
8090,0.0036315918
8091,-0.0043640137
8092,0.0019836435
8093,-0.004608154
8094,0.0
8095,-0.00070190756
8096,0.0007934561
8097,0.00070190476
8098,0.00073242304
8099,0.0033874502
8100,-0.0034484859
8101,0.0019531245
8102,0.0011596683
8103,-0.00036621126
8104,0.002807618
8105,-0.0018920898
8106,0.0032653813
8107,-0.0011901865
8108,0.0021057117
8109,0.0016174312
8110,-0.0026855462
8111,0.001953126
8112,-0.0033569331
8113,-0.00039673015
8114,-0.00262451
8115,-0.00024414295
8116,-0.0026245106
8117,0.0016479478
8118,-0.0010681134
8119,9.313226e-10
8120,-0.0005798326
8121,0.00012207055
8122,-0.00027465727
8123,0.00073242234
8124,-0.0016784677
8125,-0.0010375958
8126,-0.0017395043
8127,0.0049743676
8128,-0.0035400398
8129,0.007904055
8130,-0.0030212412
8131,0.006591798
8132,-0.0024108891
8133,0.0037231455
8134,-0.004028324
8135,0.009277344
8136,0.00057983026
8137,0.0030517578
8138,-0.004119875
8139,0.004760744
8140,-0.0034179706
8141,0.0073242188
8142,-0.0056152362
8143,0.010742189
8144,-0.011199951
8145,0.009765621
8146,-0.010162354
8147,0.00015258789
8148,-0.006530762
8149,-0.0004272461
8150,-0.0017700209
8151,-0.001800538
8152,-0.002716063
8153,-0.0049743657
8154,0.0018005366
8155,-0.002899169
8156,0.004211426
8157,-0.004852294
8158,0.0051879864
8159,-0.0076599075
8160,0.0041198735
8161,-0.008117675
8162,0.007446289
8163,-0.0036315885
8164,0.0067443857
8165,-0.0011291485
8166,-0.0054626465
8167,-0.0007019066
8168,0.0020446777
8169,0.0023803748
8170,-0.0028076144
8171,0.006103515
8172,-0.004333498
8173,0.0032043448
8174,-0.0055236835
8175,0.0020141592
8176,-0.0087280255
8177,0.004028322
8178,-0.0057373047
8179,0.004699709
8180,-0.0043640137
8181,0.004119873
8182,-0.0018615695
8183,0.0052795443
8184,-0.0034484845
8185,0.007659914
8186,-0.0072326637
8187,0.010040283
8188,-0.007568357
8189,0.013946533
8190,-0.007751466
8191,0.010192871
8192,-0.0065002427
8193,0.0065917945
8194,-0.0027770977
8195,0.002685545
8196,6.103795e-05
8197,-0.0010986356
8198,0.0019531245
8199,-0.0032653837
8200,0.0042419448
8201,-0.002807619
8202,0.0010986337
8203,0.0007629376
8204,-0.0022888165
8205,0.007110593
8206,-0.005035401
8207,0.005798338
8208,-0.003051754
8209,0.0029907227
8210,-0.0032043443
8211,-0.0012512216
8212,-0.0032043476
8213,-0.0027771005
8214,-0.0015869131
8215,-0.006286624
8216,-0.0006713858
8217,-0.0056762695
8218,0.0033569355
8219,-0.0016479511
8220,0.00021362351
8221,0.0028686495
8222,0.0022277865
8223,0.0014343269
8224,0.0027160635
8225,0.0010681162
8226,0.004943847
8227,0.0007324219
8228,0.0043640127
8229,-0.0018005357
8230,0.0024414035
8231,-0.0039062472
8232,0.0002746554
8233,-0.001159668
8234,-0.0007019052
8235,0.00051879906
8236,-0.0034790048
8237,6.103702e-05
8238,-0.0023193369
8239,0.0030212398
8240,-0.0020141597
8241,0.0012817383
8242,-0.0031433115
8243,0.001800538
8244,-0.00918579
8245,0.004913333
8246,-0.0088806115
8247,0.0050964355
8248,-0.007659912
8249,0.0072021475
8250,-0.007507326
8251,0.004058839
8252,-0.0030212393
8253,0.0029602
8254,0.0008850107
8255,0.000183105
8256,0.0053710924
8257,-0.00036621164
8258,0.005676272
8259,0.0014953576
8260,0.002960207
8261,0.0010986337
8262,0.0016174316
8263,0.0005493192
8264,0.0001831036
8265,0.0017089853
8266,-0.001434329
8267,0.0033569373
8268,-0.0015258817
8269,0.0013732929
8270,-0.0022277841
8271,0.0006408701
8272,0.0008239718
8273,-0.0013427706
8274,0.00018310267
8275,-0.0036315918
8276,0.0005493154
8277,-0.0064697256
8278,0.001525877
8279,-0.006225585
8280,-0.00030517392
8281,-0.0043945312
8282,-0.0025024414
8283,0.00030517206
8284,-0.002014162
8285,0.0018615704
8286,-0.0032043457
8287,0.0009460412
8288,-0.002227787
8289,-0.0010070819
8290,-0.00030517764
8291,-0.0042114276
8292,0.00289917
8293,-0.0061645526
8294,0.00564575
8295,-0.0052490216
8296,0.006652832
8297,-0.00021362165
8298,0.0058593783
8299,-0.0011901841
8300,0.006896972
8301,-0.00036620884
8302,0.005065918
8303,-3.0517578e-05
8304,0.006134033
8305,-0.0009765625
8306,0.0040283203
8307,0.0006713867
8308,-1.8626451e-09
8309,0.0038146954
8310,-0.0007324256
8311,0.0035400372
8312,-0.0026855469
8313,0.004760742
8314,-0.0039062463
8315,0.0035705548
8316,-0.004486084
8317,0.0032653809
8318,-0.0036926288
8319,0.0046691913
8320,-0.0022583008
8321,0.0031433124
8322,-0.0039062537
8323,0.002899168
8324,-0.0034179688
8325,0.0010986319
8326,-0.0018005352
8327,0.00024414062
8328,-0.001007081
8329,0.0009155255
8330,-0.003051755
8331,-0.00018310943
8332,-0.008880615
8333,-0.0018005364
8334,-0.0066223135
8335,0.0025939932
8336,-0.0011901851
8337,0.0041809077
8338,0.0022888184
8339,0.004516601
8340,0.0037536612
8341,0.0018615723
8342,0.0027465802
8343,0.001129156
8344,-0.00018310687
8345,-0.00039672712
8346,-0.0032348668
8347,-0.0017394973
8348,-0.005798341
8349,-0.00711059
8350,-0.003234867
8351,-0.0043334924
8352,-0.0025939941
8353,-0.0028076172
8354,-0.00048828125
8355,0.0024719266
8356,-0.0015258826
8357,0.0036621098
8358,-0.00036621047
8359,0.0047607417
8360,0.0032348614
8361,0.0032653809
8362,0.001983644
8363,0.0014343252
8364,0.0049743652
8365,0.0009155255
8366,0.0050964374
8367,0.0008239709
8368,0.0032043438
8369,0.0011596642
8370,0.0027770977
8371,0.0020446759
8372,0.0004882794
8373,0.00064086914
8374,-0.0026855483
8375,-0.0045776386
8376,-0.0061340374
8377,-0.005432128
8378,-0.0078430185
8379,-0.0023498535
8380,-0.0069274902
8381,-0.0036926307
8382,-0.006652821
8383,-0.0025024526
8384,-0.0046081394
8385,0.0010070689
8386,-0.0024414025
8387,0.0043945294
8388,-0.001220692
8389,0.006134022
8390,-0.0033569299
8391,0.0037231464
8392,-0.004180908
8393,0.0012512319
8394,-0.0048828237
8395,0.0014648624
8396,-0.0057983473
8397,-0.00061033666
8398,0.001251217
8399,0.0039062724
8400,0.0028381236
8401,-0.0008850023
8402,-0.00015259162
8403,-0.010437012
8404,-0.004730232
8405,-0.012237556
8406,-0.0075683743
8407,-0.008056641
8408,0.0026244968
8409,-0.004577644
8410,0.0019531101
8411,-0.0069274753
8412,0.0035400316
8413,-0.0016479343
8414,0.010436997
8415,0.0044555683
8416,0.01382447
8417,0.012084972
8418,0.018981934
8419,0.015869137
8420,0.019439712
8421,0.020507783
8422,0.018127441
8423,0.023590073
8424,0.01651001
8425,0.014678925
8426,0.009674087
8427,0.006957993
8428,0.0035705864
8429,0.0016174167
8430,-0.0059203953
8431,-0.0105896145
8432,-0.009002686
8433,-0.011291474
8434,-0.006408684
8435,-0.0073242188
8436,-0.00494384
8437,-0.0014648363
8438,0.002655007
8439,0.0026245192
8440,0.003478989
8441,0.0022888184
8442,0.0030517653
8443,0.0024719387
8444,0.002136238
8445,-0.0018615723
8446,-0.005493164
8447,-0.0055847242
8448,-0.011016816
8449,-0.008544914
8450,-0.015014648
8451,-0.013336189
8452,-0.02264405
8453,-0.017028797
8454,-0.017791763
8455,-0.01174926
8456,-0.011413567
8457,-0.008117676
8458,-0.008941665
8459,-0.008331314
8460,-0.010772735
8461,-0.010711685
8462,-0.009887695
8463,-0.010681167
8464,-0.009124741
8465,-0.005767852
8466,-0.0048827976
8467,0.0016479343
8468,0.0021057278
8469,-0.002960205
8470,0.0044555813
8471,0.00875853
8472,0.0053100586
8473,0.003540039
8474,0.0077514946
8475,0.008544937
8476,0.0058593675
8477,-0.0002746582
8478,-0.0013427362
8479,-0.004425019
8480,-0.009094238
8481,-0.003387414
8482,0.005432099
8483,0.0065612756
8484,0.015258789
8485,0.018402103
8486,0.019134505
8487,0.017395042
8488,0.021820057
8489,0.016387932
8490,0.019165039
8491,0.018676765
8492,0.022796646
8493,0.022949234
8494,0.017517075
8495,0.008728042
8496,0.0032958835
8497,-0.0007324219
8498,-0.0012207329
8499,0.00012205541
8500,-0.0007324219
8501,0.00048828125
8502,-0.0017700046
8503,-0.0031433403
8504,0.00018312037
8505,0.0035705566
8506,0.006134048
8507,0.0027770996
8508,0.002532974
8509,-0.0014648736
8510,-0.003326416
8511,-0.006988503
8512,-0.0065307543
8513,-0.0117492825
8514,-0.013214111
8515,-0.015930183
8516,-0.015563957
8517,-0.018615715
8518,-0.01812746
8519,-0.020935055
8520,-0.02108765
8521,-0.019470215
8522,-0.01931762
8523,-0.020507812
8524,-0.019500732
8525,-0.01876828
8526,-0.017730728
8527,-0.012634262
8528,-0.015106231
8529,-0.0066223145
8530,-0.005554229
8531,0.00091554224
8532,0.001892075
8533,0.0076294094
8534,0.012695298
8535,0.013977051
8536,0.018463127
8537,0.01950074
8538,0.021789558
8539,0.020202627
8540,0.0234375
8541,0.018890383
8542,0.022918724
8543,0.02014159
8544,0.016479507
8545,0.014312737
8546,0.008514427
8547,0.003112778
8548,0.0021362305
8549,0.0002136007
8550,-0.0041503906
8551,-0.0062866434
8552,-0.008605946
8553,-0.007141128
8554,-0.010223398
8555,-0.006530756
8556,-0.008056623
8557,-0.0051269643
8558,-0.0057983426
8559,-0.0006103483
8560,-0.0036926265
8561,-0.000976563
8562,-0.0017700223
8563,0.0011291495
8564,0.002471923
8565,0.002227786
8566,-0.0012207059
8567,-0.0019836426
8568,-0.00021362491
8569,-0.0020751944
8570,-0.0017089843
8571,-0.0030212402
8572,-0.00012207124
8573,-0.0025024414
8574,0.0021667476
8575,0.0007324219
8576,0.000793457
8577,0.0017700199
8578,-0.0010681166
8579,-0.0020751944
8580,-0.004852295
8581,-0.0046691913
8582,-0.004577635
8583,-0.0034790095
8584,-0.0031738281
8585,-0.0027465727
8586,-0.0023498684
8587,-0.0038451944
8588,-0.0018615797
8589,-0.0036010817
8590,-0.0010375939
8591,-0.0006408952
8592,0.0007934533
8593,0.00244141
8594,0.0024108961
8595,0.0036621
8596,0.005645762
8597,0.0049438346
8598,0.00521851
8599,0.0053100595
8600,0.0062561035
8601,0.0070495596
8602,0.0049743652
8603,0.0036926288
8604,0.0010986328
8605,0.0005798377
8606,-0.00027466752
8607,0.0024108943
8608,0.0033569448
8609,0.0056762695
8610,0.0017394982
8611,0.0020446815
8612,0.0028075986
8613,0.004608184
8614,0.0032348558
8615,0.0039978027
8616,-3.0517578e-05
8617,-0.0018615536
8618,-0.0032959096
8619,-0.004913334
8620,-0.006073002
8621,-0.004699694
8622,-0.0041809054
8623,-0.006439213
8624,-0.004638673
8625,-0.004028319
8626,-0.0032043455
8627,-0.0024108905
8628,-0.001007081
8629,-0.001403807
8630,-0.0006408701
8631,-0.0010070801
8632,-0.0022888184
8633,-0.0013427753
8634,-0.0007324219
8635,0.0016174316
8636,0.00030517392
8637,0.00201416
8638,0.0010681171
8639,0.0021057124
8640,0.0012817392
8641,0.004028321
8642,0.0027160635
8643,0.0024719234
8644,-0.0007324219
8645,-0.0023498521
8646,-0.0006713858
8647,-0.0018310566
8648,-0.0017700214
8649,-0.003417967
8650,-0.0034484854
8651,-0.0037841806
8652,-0.001373291
8653,-0.0025939941
8654,-0.0013427772
8655,-0.0011901837
8656,-0.0013732929
8657,-0.002960207
8658,-0.0015869141
8659,0.00015258417
8660,0.00027465634
8661,-0.0013732929
8662,-0.0009765644
8663,-0.0021972656
8664,-0.0013122447
8665,-0.001495365
8666,-0.0028381236
8667,-0.002349861
8668,-0.0025634654
8669,0.0005493127
8670,-0.0024108924
8671,0.0002746731
8672,-0.00021362677
8673,0.0020751916
8674,0.0018005297
8675,0.0014648475
8676,0.00097655505
8677,0.0020446852
8678,0.0012512188
8679,0.0012512244
8680,0.0044555683
8681,0.002014162
8682,0.0002441425
8683,0.00015259162
8684,-9.154715e-05
8685,0.0024719238
8686,0.0010376014
8687,0.0012207017
8688,0.0011291555
8689,0.0024719217
8690,0.002838138
8691,0.0021972628
8692,0.002258304
8693,0.001922606
8694,0.004089357
8695,0.0006103534
8696,0.003997799
8697,0.0030822773
8698,0.0035095215
8699,0.0018615741
8700,0.00030517578
8701,-0.00012207218
8702,0.00018310547
8703,0.0017395001
8704,6.103702e-05
8705,-0.00015258603
8706,-0.0025024414
8707,-0.0018310566
8708,-0.0015258808
8709,-0.0017089862
8710,-0.0026245099
8711,-0.0034484845
8712,-0.0030822759
8713,-0.0026855483
8714,-0.0010681148
8715,-0.0012207031
8716,-0.001373291
8717,-0.0006408696
8718,-0.001983638
8719,0.00012206659
8720,0.00012207171
8721,-0.0016174312
8722,0.0016784682
8723,0.0005493141
8724,0.0019531287
8725,0.005523678
8726,0.0064697266
8727,0.0057678223
8728,0.0063781645
8729,0.003967289
8730,0.0035400465
8731,0.002349846
8732,0.0032653995
8733,-0.00012209266
8734,-0.0005798377
8735,-0.0020446684
8736,-0.0028686468
8737,-0.003662128
8738,-0.0021972544
8739,-0.0015258808
8740,-0.0023498517
8741,-0.0011596661
8742,-0.0022888184
8743,-0.0010681152
8744,-0.0014648447
8745,0.0008239718
8746,-0.0005188007
8747,-0.0018310538
8748,-0.0003356943
8749,-0.00021361932
8750,-0.0001525851
8751,-0.0003356915
8752,-0.00085449126
8753,-0.00094604446
8754,-0.00061035156
8755,0.00064086774
8756,6.1034225e-05
8757,0.0008544931
8758,-0.0006713867
8759,0.0029907199
8760,0.001373291
8761,0.0024414025
8762,0.0011901855
8763,6.1033294e-05
8764,0.00061035156
8765,-0.0023498554
8766,-0.00048828125
8767,-0.0010681171
8768,0.00036621
8769,-0.0018615732
8770,-0.0015563972
8771,-0.0022888193
8772,-0.0031127927
8773,-0.002044677
8774,-0.0014953623
8775,-0.0005798349
8776,-0.0020446768
8777,-0.0019226084
8778,-0.003112792
8779,-0.003112793
8780,-0.0018920898
8781,-0.00021362305
8782,-0.0007934589
8783,-0.00015258789
8784,0.0029296847
8785,0.00015258882
8786,0.0007934575
8787,0.0015258798
8788,0.00097656203
8789,3.0516181e-05
8790,0.0006713858
8791,0.00012207078
8792,1.3969839e-09
8793,0.00018310733
8794,0.00048827985
8795,0.0007019043
8796,0.0016479483
8797,-0.0012207013
8798,0.0007324214
8799,-0.0021362286
8800,-0.00064086774
8801,-0.00094604446
8802,0.0013427734
8803,-0.0007019071
8804,0.00039672945
8805,-0.0012817373
8806,-0.004119873
8807,-6.1034225e-05
8808,-9.1552734e-05
8809,0.002441408
8810,-0.00073242374
8811,0.00018311013
8812,-0.00054932013
8813,-0.0019226056
8814,-0.0015563983
8815,-0.00033569522
8816,0.0007629357
8817,-0.00045776274
8818,0.0019226037
8819,0.000640871
8820,0.0018920898
8821,-1.0477379e-09
8822,0.0043945294
8823,0.0026855469
8824,0.0031433087
8825,0.0022888184
8826,0.005432127
8827,0.0037231464
8828,0.0010986347
8829,0.0016479474
8830,0.00067138765
8831,-0.0024414035
8832,-0.00402832
8833,-0.0011291499
8834,-0.0030212386
8835,-0.00015258812
8836,6.103632e-05
8837,-0.002227783
8838,-0.0005187993
8839,-0.0010070805
8840,-0.0010375973
8841,-0.00057983375
8842,0.0024414062
8843,-0.00036621047
8844,0.002532959
8845,0.00039672852
8846,9.15518e-05
8847,-0.00033569406
8848,-0.0005493185
8849,-0.0013732896
8850,0.0018615706
8851,0.00036621233
8852,0.00088500744
8853,0.0014343271
8854,0.0008239718
8855,-0.0008544903
8856,-0.00082397606
8857,-0.002319335
8858,-0.0012207043
8859,-0.0034179674
8860,-2.3283064e-10
8861,-0.00045776367
8862,0.00015258696
8863,-0.0016479492
8864,-0.0026550284
8865,-0.0029296838
8866,-0.0029602014
8867,-0.0017089881
8868,-0.0018615723
8869,-0.00042724423
8870,0.0005187988
8871,-0.0008239709
8872,0.0013427767
8873,0.0031127934
8874,0.003051758
8875,0.0015258812
8876,0.0017395031
8877,0.0003662128
8878,3.0518393e-05
8879,0.003631591
8880,0.0014343262
8881,0.0029907227
8882,0.0010375977
8883,0.0029907236
8884,2.7939677e-09
8885,0.0023498535
8886,0.0017700214
8887,-0.0003662128
8888,0.0026550274
8889,0.0006408673
8890,0.0011291485
8891,0.002868656
8892,0.007019043
8893,0.010009769
8894,0.0076293945
8895,-0.0023498489
8896,-0.0112915
8897,-0.02029417
8898,-0.030242942
8899,-0.028320312
8900,-0.020965584
8901,-0.004608147
8902,0.009124756
8903,0.017303474
8904,0.018066391
8905,0.018829346
8906,0.019256592
8907,0.018920917
8908,0.013275139
8909,0.009002689
8910,0.003570564
8911,0.00061035156
8912,-0.0051879864
8913,-0.0075378465
8914,-0.010162343
8915,-0.014068606
8916,-0.013030995
8917,-0.013763441
8918,-0.010559067
8919,-0.009765632
8920,-0.0045776293
8921,-0.0051269643
8922,-0.00027465075
8923,-0.0025329515
8924,0.0029602088
8925,0.0022583045
8926,0.004119862
8927,0.0031433087
8928,0.0051879976
8929,0.004516613
8930,0.004608145
8931,0.0057067904
8932,0.0046081534
8933,0.006134038
8934,0.0043945275
8935,0.002105713
8936,0.00436401
8937,0.0016479474
8938,0.0020751953
8939,0.0019531213
8940,0.0010986347
8941,0.00039672665
8942,0.0035095196
8943,-0.0015258808
8944,-0.0008239765
8945,-0.0013122577
8946,0.00012207031
8947,-0.0009155255
8948,0.0008850079
8949,-0.0010681143
8950,-0.0017700205
8951,-0.0018615699
8952,-0.0015869141
8953,-0.0023803676
8954,-0.0036010733
8955,-0.001953126
8956,-0.0012207043
8957,-0.0020446777
8958,-0.0007934568
8959,-0.002380372
8960,0.00045776367
8961,0.0014038098
8962,0.0020141592
8963,0.0019531241
8964,0.0027160645
8965,6.1033294e-05
8966,-0.00021362165
8967,0.0007019052
8968,-0.0014038081
8969,0.00015258777
8970,-0.00027465832
8971,-0.002380373
8972,-0.0026245103
8973,-0.0005493164
8974,-0.0011901855
8975,0.00036621117
8976,-0.00012207101
8977,-0.0005798328
8978,0.0004272461
8979,0.00027465867
8980,-0.0012207031
8981,-0.0007324214
8982,-0.0015563974
8983,-0.0006713858
8984,-0.001312254
8985,0.0010986337
8986,-0.0020751916
8987,0.0005493155
8988,-0.00030517392
8989,0.0019836416
8990,-0.0003356929
8991,0.001098631
8992,-0.0020446759
8993,-0.0007629432
8994,-0.0025634756
8995,0.0013122531
8996,0.0019226056
8997,-0.0011901851
8998,0.003112794
8999,0.00027465785
9000,0.0036010726
9001,0.0008544916
9002,0.0031738263
9003,-0.000823973
9004,-0.00073242234
9005,-0.0012817383
9006,0.0022277837
9007,0.0015563956
9008,0.00054931827
9009,0.0006408668
9010,-0.0020446768
9011,0.002441404
9012,0.0008544931
9013,0.0004577604
9014,-4.656613e-10
9015,-6.103725e-05
9016,-0.001983642
9017,-0.0017089858
9018,-0.00039672875
9019,-0.0019226082
9020,-0.0013732911
9021,0.00045776414
9022,0.0016174307
9023,0.0004577646
9024,0.0028381334
9025,0.0010070824
9026,0.00048828125
9027,0.0010070824
9028,0.00085448986
9029,-0.0011596661
9030,-1.6298145e-09
9031,-0.0022277818
9032,-0.001678468
9033,-0.0015869131
9034,-0.0013732915
9035,0.00015258812
9036,0.0008239745
9037,0.0006713866
9038,-0.0014953612
9039,-0.0003051759
9040,0.0006713867
9041,0.0007324215
9042,0.0012207031
9043,0.0002746581
9044,3.0517564e-05
9045,0.0013122555
9046,-0.0013732905
9047,-0.00091552734
9048,-0.0038146954
9049,-0.0036621094
9050,-0.005981447
9051,-0.0025634784
9052,-0.0031127948
9053,-0.00054931827
9054,0.00033569522
9055,-0.0011901855
9056,-0.0029296745
9057,-0.0028076172
9058,-0.00247192
9059,0.0009765662
9060,0.00018309802
9061,-0.0056762695
9062,-0.01168821
9063,-0.009063721
9064,0.0043945573
9065,0.008880619
9066,-0.0067443848
9067,-0.011199996
9068,-0.036895737
9069,-0.0071105957
9070,0.038085967
9071,0.019134492
9072,-0.014892586
9073,-0.0015869476
9074,-0.01138306
9075,-0.0052184947
9076,0.013000485
9077,0.006958008
9078,0.034149177
9079,0.06179814
9080,0.04333493
9081,0.06466675
9082,0.119262666
9083,0.11053461
9084,0.041534483
9085,-0.022979766
9086,-0.070800826
9087,-0.07785036
9088,-0.07098384
9089,-0.06689459
9090,-0.07669063
9091,-0.062316924
9092,-0.035339355
9093,0.0006103666
9094,0.022338856
9095,0.036041263
9096,0.031372104
9097,0.020904545
9098,0.007934568
9099,-0.010772727
9100,-0.02618406
9101,-0.04153444
9102,-0.04629515
9103,-0.04641722
9104,-0.037109345
9105,-0.029022157
9106,-0.01632689
9107,-0.00024418533
9108,0.01083374
9109,0.021057159
9110,0.027435344
9111,0.035003677
9112,0.039276104
9113,0.044189446
9114,0.03649904
9115,0.029174812
9116,0.011474602
9117,-0.004302971
9118,-0.021240246
9119,-0.033111572
9120,-0.037902847
9121,-0.03460695
9122,-0.026672363
9123,-0.015838623
9124,-0.0044555515
9125,0.005279511
9126,0.013824429
9127,0.01934813
9128,0.024017345
9129,0.02539061
9130,0.025268547
9131,0.020690914
9132,0.014404289
9133,0.007995598
9134,0.0031433217
9135,-0.0018310547
9136,-0.0038452
9137,-0.0032043457
9138,-0.002563469
9139,0.0005493015
9140,0.0020447187
9141,0.008605931
9142,0.008422874
9143,0.010620102
9144,0.010070831
9145,0.009704575
9146,0.007537864
9147,0.0061340258
9148,3.052503e-05
9149,-0.004791267
9150,-0.0068054274
9151,-0.0072936863
9152,-0.010162342
9153,-0.006896943
9154,-0.0081176795
9155,-0.005279541
9156,-0.006011987
9157,-0.0030517504
9158,-0.004089361
9159,-0.0045166006
9160,-0.003448491
9161,-0.003814695
9162,-0.0015563993
9163,-0.0023193345
9164,-0.0032043457
9165,-0.00543213
9166,0.00030517578
9167,0.0049743652
9168,0.010009758
9169,0.009063728
9170,0.0047607347
9171,0.001190193
9172,-0.0030517606
9173,-0.0071716346
9174,-0.010742192
9175,-0.010253897
9176,-0.007141115
9177,-0.007019041
9178,-0.0078125
9179,-0.0031738263
9180,-0.003479004
9181,0.0017089872
9182,0.006500244
9183,0.006225588
9184,0.005645752
9185,0.006774905
9186,0.008148193
9187,0.006134033
9188,0.0071105957
9189,0.003692627
9190,0.004119873
9191,-3.0515715e-05
9192,0.0015869159
9193,-0.0018920889
9194,-0.003723143
9195,-0.008972171
9196,-0.010223389
9197,-0.010131838
9198,-0.0072631836
9199,-0.004821779
9200,-0.0027770996
9201,-0.0020141602
9202,-0.0016174316
9203,-0.00021362305
9204,-0.00076293945
9205,-0.0013427734
9206,-0.0007324219
9207,-0.0013427734
9208,-0.0011291541
9209,-0.0012512207
9210,-0.0008850135
9211,0.002532959
9212,0.0022583008
9213,0.0014343262
9214,3.0513853e-05
9215,-0.00045776367
9216,0.00094604306
9217,0.0042724595
9218,0.005371092
9219,0.0066528316
9220,0.006134034
9221,0.0045166034
9222,0.0030212384
9223,0.0012512202
9224,0.0018310538
9225,-0.00067138724
9226,-0.0015869134
9227,-0.0040893555
9228,-0.0014648447
9229,-0.0039978046
9230,-0.0040893545
9231,-0.0015869141
9232,-0.001800538
9233,0.0009460449
9234,-0.000640871
9235,0.0030822735
9236,0.00042724423
9237,0.003967286
9238,-0.0010375986
9239,0.0028686519
9240,-0.002258299
9241,0.0005798321
9242,-0.0031433105
9243,-0.00073242
9244,-0.004333498
9245,-0.0018310547
9246,-0.003112793
9247,-0.0023498554
9248,-0.0028076172
9249,-0.0016784687
9250,0.0012207013
9251,0.0020751916
9252,0.0032959012
9253,0.0031127913
9254,0.0037841788
9255,0.004791257
9256,0.0030212393
9257,0.0038757287
9258,0.0020751962
9259,0.0033874493
9260,0.0022582998
9261,0.004119873
9262,0.0011291504
9263,0.0025634766
9264,-0.0024108859
9265,-0.00085449405
9266,-0.0036926265
9267,-0.0022277813
9268,-0.0008850065
9269,-0.0006713867
9270,-0.0029296863
9271,-0.00039672852
9272,-0.00018310478
9273,-0.0011901859
9274,-0.0014648438
9275,0.00061035156
9276,6.103533e-05
9277,-0.0016174315
9278,0.00039672875
9279,0.0019531244
9280,0.0004882822
9281,0.0005493155
9282,0.0014648438
9283,0.001373291
9284,-0.0002441411
9285,-0.0006713867
9286,0.00030517648
9287,-0.0017700205
9288,-0.00012207057
9289,-0.00054931536
9290,-0.0012817389
9291,-0.0018920894
9292,-0.0008239746
9293,-0.0022277837
9294,-0.0004882817
9295,0.001007079
9296,0.0008850107
9297,0.00048828195
9298,0.00082397414
9299,0.0010375967
9300,0.0013427739
9301,0.0025939932
9302,0.0016174316
9303,0.0015258798
9304,0.0025024414
9305,0.001586915
9306,-0.0004272461
9307,-0.0004272489
9308,-0.00079345796
9309,-0.0003051767
9310,0.0015869141
9311,-0.00018310547
9312,-0.001220704
9313,0.0013427706
9314,9.155087e-05
9315,-0.00039673224
9316,0.001373291
9317,0.0012512198
9318,-0.00070190756
9319,-0.0013732896
9320,-0.0012512235
9321,-0.0027465837
9322,0.00012206903
9323,-0.0014953605
9324,-0.0033569355
9325,-0.0016174306
9326,-0.0019531262
9327,-0.0011596684
9328,-0.0006103518
9329,0.00070190546
9330,-0.00021362491
9331,-0.00033569243
9332,-0.00073242094
9333,-0.0019836454
9334,-0.00061034877
9335,-0.00057983305
9336,-0.0017395001
9337,0.00051879976
9338,0.00070190337
9339,-0.000946044
9340,-0.0014953585
9341,-0.0011291448
9342,-0.0038757306
9343,0.00061035436
9344,0.0011901846
9345,0.002868656
9346,0.0010681143
9347,0.0019531278
9348,0.002258301
9349,0.0026550302
9350,0.0023803704
9351,0.001220704
9352,0.00070190383
9353,-0.0010070797
9354,0.0017089837
9355,-0.0007324228
9356,0.0005493171
9357,0.00039672852
9358,0.0021972656
9359,-0.0022583008
9360,0.0020751953
9361,-0.001525879
9362,-0.0007629381
9363,-9.155355e-05
9364,-0.0014953625
9365,-0.00024414086
9366,0.00039672945
9367,-0.002563477
9368,-0.0008850098
9369,0.0011901858
9370,0.00070190424
9371,-0.00012207027
9372,0.00018310524
9373,-0.00036621
9374,0.00070190383
9375,0.0024719243
9376,0.0013427739
9377,0.00088500837
9378,0.00067139044
9379,0.0011901837
9380,0.0036315937
9381,0.0018310528
9382,-0.0001831064
9383,-0.00012207124
9384,-0.00015258556
9385,-0.0028076163
9386,-0.0007324205
9387,-0.003326416
9388,-0.0028076184
9389,-0.00021362246
9390,-0.0013427723
9391,-0.001434328
9392,-0.0004882794
9393,-0.0018310566
9394,-0.0032653809
9395,-0.0008544922
9396,-0.0024719266
9397,-0.000305173
9398,0.0002441397
9399,0.0012817415
9400,-0.00054932106
9401,0.0027160659
9402,0.00057982886
9403,0.0014343285
9404,-0.0010070824
9405,-0.000488278
9406,-0.0014953623
9407,-6.103702e-05
9408,0.0012817369
9409,-0.0014038077
9410,-0.001281735
9411,0.00057983224
9412,0.0033874514
9413,-0.0009765635
9414,0.004913331
9415,0.0016479502
9416,0.0026550293
9417,0.00881958
9418,-0.00033569336
9419,-0.008178713
9420,-0.0019836416
9421,0.004821779
9422,-0.0030822763
9423,-0.00030517648
9424,-0.00048828055
9425,0.0014038081
9426,-0.00079345773
9427,0.00088501035
9428,-0.002136231
9429,-0.00012207078
9430,-0.0026550298
9431,0.001342774
9432,-9.1552734e-05
9433,0.0018310549
9434,-0.0007324215
9435,0.0024719238
9436,-0.0027771
9437,-0.0002136234
9438,-0.0021362305
9439,-0.00091552734
9440,0.00039672846
9441,6.1035156e-05
9442,0.00024414045
9443,0.00082397455
9444,0.00015258798
9445,0.00024414057
9446,0.001434326
9447,-0.0016174316
9448,-0.0009765626
9449,-0.00036621117
9450,0.0005187992
9451,0.0013122553
9452,0.0025939944
9453,-0.00012207124
9454,0.0020446787
9455,0.0017089834
9456,-0.0020141597
9457,0.00051879743
9458,0.00067138765
9459,-0.0004577632
9460,-9.15518e-05
9461,0.002471923
9462,-0.00018310733
9463,0.0020446805
9464,0.0012817364
9465,-0.0021362281
9466,0.0009460449
9467,-0.0006408659
9468,-0.002258303
9469,-0.00015258696
9470,0.00051879697
9471,-0.00091552455
9472,0.0032958975
9473,6.103702e-05
9474,-0.00097656157
9475,0.0014343271
9476,-0.00045776274
9477,-0.0010986314
9478,0.0005187988
9479,-0.00051879743
9480,-0.0023498526
9481,0.0015258789
9482,-0.0013732924
9483,2.561137e-09
9484,-0.00021362444
9485,-0.0008544923
9486,-0.003326416
9487,0.0010070816
9488,-0.0006408701
9489,-0.0019226081
9490,0.0010681155
9491,-0.002014161
9492,-0.0018310538
9493,-0.000610352
9494,-0.0022277841
9495,-0.0025024442
9496,-0.00021362398
9497,-9.15518e-05
9498,-0.0018920889
9499,0.0023193355
9500,-0.00042724842
9501,0.000946044
9502,0.00073242374
9503,0.0016174335
9504,0.00094604644
9505,6.103469e-05
9506,0.0020141597
9507,-0.0007324214
9508,0.0012512209
9509,-0.0006408686
9510,0.0034179678
9511,-0.00097656157
9512,0.0022277823
9513,0.002746583
9514,0.00024414062
9515,-0.00039672945
9516,0.0017395001
9517,0.00088500977
9518,0.0010986347
9519,0.0029296894
9520,-0.0021362272
9521,0.0013732882
9522,-0.00064086635
9523,-0.0012207027
9524,-6.1032362e-05
9525,0.00012207124
9526,-0.004364012
9527,0.0014953618
9528,-9.1552036e-05
9529,-0.003356934
9530,-0.00067138765
9531,-0.00045776274
9532,-0.003082276
9533,-0.00051879906
9534,0.0021362305
9535,-0.0015258796
9536,0.0012512221
9537,0.00085449126
9538,-0.003204342
9539,-0.0024719248
9540,-0.0021362286
9541,-0.0052490234
9542,-0.0051879883
9543,-0.002990719
9544,-0.0044860914
9545,-0.0035095215
9546,-0.0008850135
9547,-0.0038757361
9548,-0.00073241815
9549,0.00091553107
9550,0.0007629283
9551,0.0014953688
9552,0.0015869215
9553,0.0002441369
9554,0.0014648382
9555,0.0027160663
9556,0.0024414044
9557,0.00289917
9558,0.0011596698
9559,0.0008544903
9560,0.0013122596
9561,0.0028686542
9562,0.00061035063
9563,0.0015563937
9564,0.0012207031
9565,0.0013122563
9566,0.0003356915
9567,0.0015869164
9568,-1.8626451e-09
9569,0.0007019043
9570,0.0011291495
9571,0.003265381
9572,0.0030517578
9573,0.002929686
9574,0.0038146973
9575,-0.00027465913
9576,0.00073242
9577,-3.051851e-05
9578,0.0014953604
9579,0.0007629376
9580,0.0024414044
9581,-0.00021362118
9582,0.0003662072
9583,0.00024414062
9584,-0.0006103553
9585,0.0006713867
9586,0.00027465634
9587,-3.0515715e-05
9588,0.00042724796
9589,-0.000488285
9590,-0.0002746582
9591,-0.00042724423
9592,0.00012207124
9593,-0.0012207059
9594,0.00039673038
9595,-0.0014648428
9596,-0.00018310547
9597,-0.001312254
9598,3.0515715e-05
9599,-0.001953125
9600,-3.0517345e-05
9601,-0.0018920861
9602,-0.0017700219
9603,-0.00027465727
9604,0.0010375972
9605,-0.0005493155
9606,0.0011291495
9607,-0.0003967277
9608,-0.0024719252
9609,-0.00085449277
9610,-0.0015869136
9611,-0.0005187999
9612,0.0007324228
9613,0.0014953599
9614,0.0008544936
9615,0.0019836412
9616,0.00085449265
9617,-0.0014343265
9618,-0.0016479474
9619,-0.0017089862
9620,-0.005340575
9621,-0.0022583026
9622,-0.0014648428
9623,-0.0016174335
9624,-0.0003662072
9625,0.0014953599
9626,0.00024414156
9627,0.00033569103
9628,0.0023498547
9629,-0.0008239732
9630,0.002349855
9631,0.0017395008
9632,-0.0014953618
9633,-0.00070190383
9634,0.00048828044
9635,0.0012817383
9636,0.0019226084
9637,0.0054626465
9638,0.0032653827
9639,0.0026550274
9640,0.0025939941
9641,0.0017395001
9642,0.00015258603
9643,-0.002075194
9644,-0.00045776088
9645,-0.0038146977
9646,-0.002746583
9647,-0.0023498535
9648,-0.00057983375
9649,-0.0024108882
9650,0.0009460449
9651,0.00079345657
9652,0.0023498535
9653,0.002441409
9654,0.0024414062
9655,0.00073242467
9656,0.0010070782
9657,-0.0008544894
9658,0.00064086635
9659,0.0005493164
9660,0.00039672852
9661,-0.00027465727
9662,-0.0014038086
9663,-0.0024719227
9664,-0.002532959
9665,-0.0019531257
9666,-0.0010681145
9667,-0.00027465844
9668,0.00048828125
9669,0.00048828125
9670,-0.0003356936
9671,-0.0002746582
9672,-0.00067138695
9673,0.0011291502
9674,-0.0015563966
9675,6.103504e-05
9676,0.0012512207
9677,0.0009460448
9678,-0.002075195
9679,-0.0006408701
9680,-0.0028381324
9681,-0.0019531269
9682,-0.0009460449
9683,-0.0025024433
9684,-0.0005493192
9685,-0.0030212393
9686,0.0039672847
9687,0.0012512207
9688,-0.004180914
9689,0.00314331
9690,-0.008575443
9691,0.004974369
9692,-0.0011596717
9693,0.0030212458
9694,-0.0032959017
9695,0.0064392076
9696,-0.001251224
9697,0.003997805
9698,0.001068115
9699,0.002746583
9700,0.0014648429
9701,-0.0010070798
9702,-0.0015258775
9703,-0.003540041
9704,0.00054931827
9705,-0.0015869155
9706,0.0016784684
9707,-0.0013427748
9708,0.0020141618
9709,-0.00036621233
9710,0.0031127944
9711,-0.0012512212
9712,0.0026855469
9713,0.0005187988
9714,0.001556396
9715,-0.0016174312
9716,0.0012817389
9717,-0.0017089839
9718,0.00039672828
9719,-0.0030822745
9720,-0.0006713867
9721,-0.00070190406
9722,0.0017395017
9723,3.0517112e-05
9724,-0.00039672712
9725,-0.0020446777
9726,-0.0013427744
9727,0.00070190476
9728,0.00045776227
9729,0.00070190453
9730,-0.0003356922
9731,0.00027465867
9732,-0.0010986316
9733,-6.103562e-05
9734,-0.0015258789
9735,0.00064086926
9736,0.0015258796
9737,0.0010070793
9738,0.0022277846
9739,0.00088500883
9740,0.0020446796
9741,0.0007324191
9742,0.0024719257
9743,0.00070190337
9744,0.0026245099
9745,0.0028991736
9746,0.0039367657
9747,0.0043029822
9748,-0.0007324256
9749,-0.0012817383
9750,-0.0017700214
9751,-0.0011291495
9752,-0.0045776377
9753,-0.0024719224
9754,-0.0018005399
9755,0.00082396995
9756,0.00027466007
9757,0.0015258798
9758,1.8626451e-09
9759,0.0011901837
9760,0.0018310528
9761,-3.0520372e-05
9762,0.00033569383
9763,-0.003112792
9764,-0.0014343285
9765,-0.004272461
9766,0.0014038075
9767,-0.0025634747
9768,-0.0012207031
9769,-0.0036010724
9770,-0.0019226046
9771,-0.0058898935
9772,-0.0011291504
9773,-0.0017395038
9774,-0.0003662128
9775,0.00091552734
9776,-0.00042724796
9777,-0.00048828125
9778,-0.0011291523
9779,0.0013427753
9780,0.00018310547
9781,0.0018310556
9782,-0.00018310454
9783,0.0008239774
9784,-0.0010070824
9785,0.0012512216
9786,0.0014343252
9787,0.0021057148
9788,-0.0005188002
9789,0.00015258603
9790,-0.0007934589
9791,-0.000579834
9792,-0.00091552734
9793,-0.0008850107
9794,0.0007019015
9795,-0.0011901832
9796,0.0028686537
9797,0.00033569196
9798,0.002777099
9799,-0.00012207078
9800,0.0007629399
9801,-0.0006713839
9802,-0.00030517578
9803,-0.0016174316
9804,0.0013732917
9805,-0.000305176
9806,0.001586915
9807,0.001800538
9808,-0.00088501116
9809,-0.0003967299
9810,-0.00085449126
9811,0.00018310454
9812,-0.00018310454
9813,0.00048828183
9814,0.0021057122
9815,0.0006103517
9816,0.0014648438
9817,0.00054931757
9818,0.0019226072
9819,-0.00097656203
9820,0.0028381366
9821,3.0515715e-05
9822,0.0020446782
9823,0.00042724703
9824,0.00033569522
9825,0.002441408
9826,-0.0008850051
9827,0.0020141555
9828,-0.0019531227
9829,0.00036621187
9830,-0.0032653776
9831,-0.0019226074
9832,-0.003509521
9833,-0.005706789
9834,-0.0044555655
9835,-0.0020446787
9836,0.0034790048
9837,0.0001220731
9838,0.0032043457
9839,0.0008239723
9840,-0.00045776227
9841,-0.003509522
9842,0.0009765634
9843,-0.0019836444
9844,-0.0019226084
9845,0.0001831036
9846,-0.001831051
9847,-0.0008544903
9848,-0.0012512198
9849,0.0014648419
9850,-0.00015259022
9851,0.004608155
9852,-0.0003356929
9853,0.0018615712
9854,-0.0002746574
9855,0.0045471177
9856,0.0020141602
9857,0.0039062495
9858,0.00045776507
9859,0.0003967299
9860,0.0005188016
9861,6.1033294e-05
9862,0.0036010752
9863,0.0002441369
9864,0.0012207059
9865,-3.0516647e-05
9866,0.001831057
9867,-0.0024719257
9868,-0.0011901832
9869,-0.0020751972
9870,-0.0009155264
9871,-0.00064087054
9872,0.0014648438
9873,0.0006713858
9874,0.0006408701
9875,-6.1034225e-05
9876,-0.0005493155
9877,0.0016479483
9878,-0.00082397275
9879,0.0016479502
9880,-0.0009155236
9881,0.0017394954
9882,-0.0021057092
9883,0.0021972638
9884,0.00082397833
9885,0.004425047
9886,9.155646e-05
9887,6.1034225e-05
9888,-0.0020141564
9889,-0.0015258808
9890,-0.002532959
9891,-0.0028076181
9892,-0.0018005352
9893,-0.0034484863
9894,-0.00073242176
9895,-0.0010070805
9896,0.00061035226
9897,-0.0005798341
9898,0.0024414062
9899,-0.0020751953
9900,0.0004577632
9901,-0.0024108882
9902,-0.00012207101
9903,-0.0013732905
9904,0.0018920891
9905,-0.00091552804
9906,0.0010986323
9907,-0.00097656203
9908,0.0015869136
9909,0.001983642
9910,0.0020751953
9911,0.0010681143
9912,-0.0008239737
9913,0.0010986319
9914,0.0005493164
9915,0.0018920917
9916,0.001312254
9917,0.0010986347
9918,0.00033569243
9919,-0.0010681152
9920,-0.00045776134
9921,4.656613e-10
9922,-0.0007934575
9923,-0.0012512235
9924,0.0009155297
9925,-0.00045776507
9926,0.00030517904
9927,0.00073242
9928,-6.1034225e-05
9929,-0.00012207194
9930,-0.002502439
9931,-0.0012512215
9932,-0.0029907227
9933,-0.00039672852
9934,-0.0022277818
9935,0.0003356929
9936,-0.0039672847
9937,0.001159668
9938,-0.0012817383
9939,0.0007019052
9940,-0.0010986319
9941,-0.0019226093
9942,-0.0044555664
9943,-0.0036621094
9944,-0.0029296856
9945,-0.0020751972
9946,-0.0014953613
9947,-0.0015869141
9948,-0.00091552734
9949,0.00012207218
9950,0.0022277832
9951,0.0013122596
9952,0.0022888184
9953,0.002105713
9954,0.0020141588
9955,0.0018615713
9956,0.00439453
9957,0.0024108896
9958,0.004913329
9959,0.00387573
9960,0.0013427725
9961,0.003112791
9962,-0.0004272447
9963,0.0011596694
9964,-0.0024719234
9965,0.00051879743
9966,-0.0048828125
9967,0.002319336
9968,-0.0012817378
9969,0.0016174316
9970,-0.001800537
9971,-0.0017089839
9972,-0.0007019044
9973,-0.0011596675
9974,-0.0013427739
9975,0.00064086914
9976,-0.00051879976
9977,-0.0011596684
9978,0.00045776408
9979,0.00024414028
9980,0.0016479492
9981,0.0028076181
9982,0.00027465797
9983,0.00036621
9984,0.0010375972
9985,0.0018310547
9986,-0.00015258766
9987,-0.0010681141
9988,-0.0025939937
9989,0.00039672854
9990,-0.0012207035
9991,0.00036621117
9992,0.00015258754
9993,-0.001525878
9994,0.000549315
9995,-0.0013427725
9996,-0.0022888202
9997,-0.0027770968
9998,-0.0034484845
9999,-0.0020751916
10000,-0.0031127948
10001,-0.0005798321
10002,-0.00021362584
10003,0.0033569355
10004,1.8626451e-09
10005,0.003143312
10006,-0.00054931664
10007,0.0050048823
10008,-0.00024414092
10009,0.00491333
10010,-0.00021362223
10011,0.00088500977
10012,9.1552734e-05
10013,0.0012207022
10014,0.0019836416
10015,0.0013732915
10016,0.0011596689
10017,-0.0011901846
10018,0.0036621084
10019,0.0016784687
10020,0.0032348633
10021,0.0026550293
10022,0.001800539
10023,0.0033569317
10024,0.003326416
10025,0.0014343262
10026,-0.0015869141
10027,-0.0030517597
10028,-0.0010375977
10029,-0.002746583
10030,-0.0029296866
10031,-0.0035400386
10032,-0.0023803704
10033,-0.0034484887
10034,-0.0010986332
10035,-0.0018615716
10036,-0.0026245113
10037,-9.155343e-05
10038,-0.0004272461
10039,-0.0012207034
10040,6.1035156e-05
10041,0.0009460449
10042,-0.0007324219
10043,-0.00042724656
10044,0.0014648438
10045,-0.00085449254
10046,0.0015563966
10047,-0.0001831057
10048,0.00061035156
10049,-0.0015258789
10050,-0.0011291485
10051,-0.0020141602
10052,-0.0027160607
10053,-0.002960207
10054,-0.0024414044
10055,-0.0019836463
10056,3.051944e-05
10057,9.154901e-05
10058,-0.0010681134
10059,-0.0008239802
10060,0.00061035156
10061,0.0007324191
10062,0.001007081
10063,0.00097656064
10064,0.0021972656
10065,-0.000854495
10066,0.002166748
10067,0.00024414062
10068,0.0020446796
10069,0.001586912
10070,0.0025024419
10071,0.0030822745
10072,0.0017089862
10073,0.0039978
10074,0.0026855487
10075,0.0045471173
10076,0.0015258789
10077,0.0015258789
10078,-0.00039673038
10079,0.0018310528
10080,-0.00057983026
10081,0.0003356915
10082,-0.0014343262
10083,-0.0013427744
10084,-0.0012512207
10085,-0.0012207031
10086,-0.0035095196
10087,-0.0009460477
10088,-0.001159668
10089,-0.0020141602
10090,-0.003295899
10091,-0.0028686533
10092,-0.0037231445
10093,-0.003112793
10094,-0.0010681115
10095,-0.0007019071
10096,0.0013122549
10097,-0.0008544959
10098,-6.1034225e-05
10099,-0.0016174335
10100,-0.0008544922
10101,-0.0013427753
10102,0.00030517485
10103,0.0011291523
10104,0.0017089848
10105,0.002075196
10106,0.0023193336
10107,0.0018310555
10108,0.0016784677
10109,0.0018920895
10110,0.002746581
10111,0.0009765625
10112,0.001739501
10113,0.0011901846
10114,0.0003051766
10115,-0.0016479492
10116,-0.0022583008
10117,-0.0013427732
10118,-0.0019836414
10119,-0.0021667483
10120,0.0008239753
10121,0.0010070773
10122,0.0001831064
10123,-0.0009765634
10124,-0.003082274
10125,-0.0008544917
10126,3.051525e-05
10127,0.00030517764
10128,-0.00067138486
10129,-0.00085449126
10130,-0.0025939941
10131,-0.0004882766
10132,-0.0005188007
10133,0.0008239765
10134,0.0011596712
10135,0.0016479499
10136,0.0014343238
10137,0.002136232
10138,0.0032043462
10139,0.0020446782
10140,0.002258298
10141,0.00088501256
10142,0.0019226065
10143,0.0010070819
10144,0.0006103525
10145,0.0010986356
10146,-0.0009765625
10147,0.0006713886
10148,0.0014953604
10149,0.0010375967
10150,3.051944e-05
10151,0.0012512207
10152,0.00036621094
10153,0.00079345517
10154,0.0012512207
10155,0.00073241815
10156,0.0011901874
10157,0.00082397275
10158,0.0021972656
10159,-0.00082397275
10160,0.00045776647
10161,-0.003356935
10162,-0.004119872
10163,-0.0048217787
10164,-0.004150389
10165,-0.005004881
10166,-0.0023498512
10167,-0.0025329627
10168,-0.0014038058
10169,-0.00036621373
10170,0.0003051795
10171,0.0006408673
10172,0.0017700195
10173,0.0004272461
10174,-0.003631603
10175,-0.0070190355
10176,-0.0074463114
10177,-0.012420647
10178,-0.011383068
10179,-0.009124741
10180,-0.0072326735
10181,-0.0072631612
10182,-0.0037841871
10183,-0.0031127706
10184,0.00064089894
10185,0.0032653809
10186,0.0043334886
10187,0.0063781887
10188,0.011505127
10189,0.013916021
10190,0.016296402
10191,0.01776123
10192,0.021881096
10193,0.022766113
10194,0.024139404
10195,0.02401732
10196,0.022705063
10197,0.018981919
10198,0.01544188
10199,0.009948701
10200,0.003906265
10201,-0.003326431
10202,-0.0077209324
10203,-0.012207039
10204,-0.01367189
10205,-0.01770021
10206,-0.016204834
10207,-0.016632102
10208,-0.013671879
10209,-0.012939446
10210,-0.0070190504
10211,-0.0039977953
10212,-0.0027465709
10213,0.0003967136
10214,0.0015869327
10215,0.00045775995
10216,0.0025939904
10217,0.001983624
10218,-0.00045774877
10219,-0.0026550274
10220,-0.0050048707
10221,-0.008026121
10222,-0.0091857845
10223,-0.009857193
10224,-0.010955796
10225,-0.014831547
10226,-0.012481682
10227,-0.0120849535
10228,-0.0138855055
10229,-0.012939438
10230,-0.013122544
10231,-0.0119018555
10232,-0.009368911
10233,-0.009918213
10234,-0.009368926
10235,-0.0048217773
10236,-0.005340606
10237,-0.0063171685
10238,-0.0027771294
10239,-0.0011901855
10240,0.0022277534
10241,0.0045166165
10242,0.008941606
10243,0.010345444
10244,0.012023896
10245,0.01428223
10246,0.012695305
10247,0.013458241
10248,0.016845696
10249,0.015838623
10250,0.012847902
10251,0.0108032115
10252,0.011291513
10253,0.012268063
10254,0.007598877
10255,0.0054016113
10256,0.0022277832
10257,-0.0018005352
10258,-0.0039978027
10259,-0.0027465783
10260,-0.003753664
10261,-0.00491333
10262,-0.0018310584
10263,0.003417978
10264,0.0058593694
10265,0.0073547475
10266,0.0072021335
10267,0.003540039
10268,0.0068664365
10269,0.010986328
10270,0.010406472
10271,0.0022277609
10272,0.0034179688
10273,-0.0020751953
10274,0.000579834
10275,0.010559104
10276,0.012420639
10277,-0.011016842
10278,-0.014099132
10279,-0.0008544661
10280,-0.008331317
10281,-0.020050043
10282,-0.012298591
10283,-0.0008544838
10284,-0.0076599233
10285,-0.01596069
10286,-0.011657715
10287,-0.005340576
10288,-0.0048217773
10289,-0.0028686523
10290,0.00067138486
10291,-0.0015563965
10292,0.0006713858
10293,0.0021972656
10294,0.007659913
10295,0.009063725
10296,0.009338375
10297,0.0093688965
10298,0.013397209
10299,0.009460457
10300,0.010864273
10301,0.011169456
10302,0.012695342
10303,0.0086059645
10304,0.007598877
10305,0.007965118
10306,0.0069884956
10307,0.0025024712
10308,-0.00015258789
10309,-0.003265351
10310,-0.005950913
10311,-0.006805375
10312,-0.009490978
10313,-0.012939438
10314,-0.015502942
10315,-0.01675415
10316,-0.020355217
10317,-0.019714355
10318,-0.02026368
10319,-0.020751968
10320,-0.017089836
10321,-0.015472412
10322,-0.011566147
10323,-0.008605987
10324,-0.0045471042
10325,-0.0039367825
10326,-0.0023498684
10327,-0.0040283203
10328,-0.0035400689
10329,-0.0012817532
10330,-0.0017090142
10331,-0.0026550144
10332,-0.0012512505
10333,-0.00061032176
10334,0.0016174167
10335,0.00048829615
10336,0.003906235
10337,0.0036620945
10338,0.0057677776
10339,0.0064697564
10340,0.010925308
10341,0.0075378492
10342,0.009918198
10343,0.010498054
10344,0.012176482
10345,0.013061539
10346,0.017517103
10347,0.016784683
10348,0.019012436
10349,0.018524196
10350,0.016235359
10351,0.013214111
10352,0.013092034
10353,0.011230454
10354,0.011840805
10355,0.0108947605
10356,0.0095825195
10357,0.0063476562
10358,0.0047302395
10359,0.0019836426
10360,0.0016784966
10361,-0.0016174465
10362,-0.005706772
10363,-0.00775142
10364,-0.009094261
10365,-0.010650635
10366,-0.011810306
10367,-0.01162719
10368,-0.011657726
10369,-0.012481684
10370,-0.01055909
10371,-0.010528567
10372,-0.009887698
10373,-0.010681159
10374,-0.010650633
10375,-0.01000976
10376,-0.010009769
10377,-0.008941643
10378,-0.008758564
10379,-0.007629387
10380,-0.0057372972
10381,-0.0043029413
10382,-0.0038452074
10383,-0.001342766
10384,0.00097657
10385,0.0009155348
10386,0.006134011
10387,0.004791267
10388,0.0075683594
10389,0.005767839
10390,0.007507339
10391,0.004974369
10392,0.005676263
10393,0.0054626516
10394,0.004180909
10395,0.0016479505
10396,0.0023803716
10397,0.0029296884
10398,0.0021972666
10399,0.0046081534
10400,0.0038757352
10401,0.0040893555
10402,0.0046997126
10403,0.0039367676
10404,0.0031433087
10405,0.0025939941
10406,0.003326401
10407,0.00244141
10408,0.0018920787
10409,0.00070192665
10410,-0.0004882924
10411,-0.00045775995
10412,0.0006408617
10413,-0.0018005259
10414,-0.0019226167
10415,-0.001983637
10416,-0.0033264235
10417,-0.0033874474
10418,-0.0014648456
10419,-0.0042724577
10420,-0.0017089811
10421,-0.003021237
10422,-0.002624512
10423,-0.003631589
10424,-0.0039062493
10425,-0.0034179678
10426,-0.001037599
10427,-0.0007629385
10428,-0.001251223
10429,-0.0020446735
10430,0.00018310314
10431,0.0010375967
10432,0.0016174274
10433,-6.103376e-05
10434,0.00079345424
10435,-0.0012817355
10436,-0.0012207059
10437,-0.0024719238
10438,-0.0023803692
10439,-0.00079345703
10440,-0.0017700158
10441,0.0003662128
10442,-0.0017089825
10443,-0.0024414044
10444,-0.0020141602
10445,-0.0024414044
10446,-0.0006408673
10447,0.0022583026
10448,0.0024719238
10449,0.0039978027
10450,0.005249022
10451,0.0006713872
10452,0.0019836454
10453,9.1550406e-05
10454,0.0003051781
10455,-0.0010681143
10456,0.00085449405
10457,-0.0019836407
10458,-0.0016784677
10459,-0.0017700195
10460,0.0005188007
10461,-0.00048828265
10462,0.0025024433
10463,0.0017395024
10464,0.0022277832
10465,0.0011596661
10466,0.001007081
10467,0.0003967273
10468,0.0014038095
10469,0.0015258775
10470,0.00039672852
10471,0.002532959
10472,0.00289917
10473,0.0028076172
10474,0.005004881
10475,0.004425047
10476,-0.0021667462
10477,-0.0037841797
10478,-0.0024414095
10479,-0.005493167
10480,-0.0044250507
10481,-0.003540041
10482,-0.006134033
10483,-0.007232668
10484,-0.004577633
10485,-0.0024108887
10486,-0.0029602014
10487,-0.0010375977
10488,-0.00012207031
10489,0.0004577618
10490,0.0027465872
10491,0.004241941
10492,0.007415773
10493,0.009185793
10494,0.009857181
10495,0.008361807
10496,0.0068664663
10497,0.008026119
10498,0.00738528
10499,0.004638672
10500,0.0020446777
10501,0.0033263825
10502,-0.0005188063
10503,-0.00021362305
10504,-0.0050353967
10505,-0.004516611
10506,-0.0060119582
10507,-0.007476802
10508,-0.006927493
10509,-0.0044250535
10510,-0.0064392053
10511,-0.007751461
10512,-0.0062561054
10513,-0.0045471173
10514,-0.004699709
10515,-0.0036315955
10516,-0.0022888146
10517,-0.0039672814
10518,-0.0040283166
10519,-0.0005493127
10520,0.0036315843
10521,0.0041809008
10522,0.0058898977
10523,0.0034790076
10524,0.0027770973
10525,0.006011964
10526,0.005584716
10527,0.006072999
10528,0.0025024405
10529,0.0024108896
10530,-0.0025024414
10531,0.0034790058
10532,-0.0012207022
10533,-6.1033294e-05
10534,-0.0028381348
10535,0.0014648447
10536,-0.0013427753
10537,0.0013732892
10538,-0.00054931873
10539,0.0002441397
10540,-0.00027466007
10541,0.00057983585
10542,0.0011291485
10543,0.00045776274
10544,-0.0016784696
10545,-0.00073242094
10546,-0.0014953616
10547,-0.0019836407
10548,-0.0041503925
10549,-0.0040283175
10550,-0.0038757352
10551,-0.0020751934
10552,-6.103702e-05
10553,-0.0025024433
10554,0.0007629413
10555,-0.0007934561
10556,0.0008850116
10557,0.00018310826
10558,0.0015258826
10559,-0.001190187
10560,0.0023193387
10561,0.00073241955
10562,0.0016174326
10563,0.0019836444
10564,0.0016479511
10565,-0.00015258952
10566,0.001647949
10567,0.0016479502
10568,0.0020141592
10569,0.0031433133
10570,0.002838132
10571,0.0008544931
10572,0.0016479474
10573,-0.0020446787
10574,-0.0026550293
10575,-0.00015258603
10576,0.0020446759
10577,0.0011291495
10578,0.0007019057
10579,-0.0035095243
10580,-0.0010070764
10581,0.0014953613
10582,0.0023193378
10583,0.0014648456
10584,0.0030822773
10585,0.004608156
10586,0.0014953632
10587,0.0004577674
10588,-0.0013122549
10589,6.103609e-05
10590,-0.006072994
10591,-0.00070190243
10592,-0.0021667448
10593,-0.0007629376
10594,-0.0010681138
10595,0.0003051721
10596,-0.0014648413
10597,-0.0039672875
10598,-0.0024108868
10599,-0.0039367713
10600,-0.0031433087
10601,-0.0037231445
10602,-0.00033569522
10603,-0.00552368
10604,-0.002075199
10605,-0.002746584
10606,-0.000579834
10607,0.0009765588
10608,0.0008850135
10609,-0.0020446815
10610,0.00317383
10611,0.0025939886
10612,0.0015258789
10613,0.0025024386
10614,0.0021667487
10615,0.0021057117
10616,0.0031127937
10617,0.0005187966
10618,0.0023803706
10619,0.00079345796
10620,0.002929688
10621,0.001953126
10622,0.0010681152
10623,0.0017700186
10624,0.002166748
10625,0.0010070791
10626,0.00036621187
10627,-3.0515715e-05
10628,-0.004577636
10629,-0.0007324228
10630,0.0025024433
10631,0.0058288556
10632,0.001800539
10633,-0.0026245136
10634,-0.0035095233
10635,0.0028076153
10636,0.002746582
10637,-0.0013732957
10638,-0.0022582994
10639,-0.0015563975
10640,-0.002838137
10641,-0.0033264179
10642,-0.0010070791
10643,-0.0018005376
10644,-0.004089354
10645,-0.0027771
10646,-0.0003051767
10647,-0.0015563983
10648,-0.0012207031
10649,9.1553666e-05
10650,-0.0006103534
10651,0.0015258789
10652,-0.001220704
10653,-0.0030212412
10654,-0.00024413876
10655,0.0011901865
10656,0.0018920908
10657,0.00015259115
10658,0.0020141592
10659,0.0018615727
10660,0.0033569355
10661,3.0518044e-05
10662,0.0005187979
10663,-0.0016479488
10664,-0.00024414039
10665,-0.0007324228
10666,0.002502442
10667,0.00036621187
10668,0.0018920903
10669,0.001159667
10670,0.0010375986
10671,-0.0024719243
10672,-0.0019531243
10673,-0.002166749
10674,-0.00030517625
10675,-0.00088501116
10676,-0.00012207124
10677,0.0017089839
10678,0.0011291518
10679,0.0021057124
10680,0.000732422
10681,0.00012206976
10682,-0.0018615723
10683,0.0022888184
10684,-0.002380371
10685,-0.0019226065
10686,0.0020141604
10687,-0.0012817373
10688,-0.00039672817
10689,0.0011901858
10690,0.001922607
10691,-0.0025939934
10692,0.002105713
10693,0.0010986329
10694,0.00076293957
10695,1.0186341e-10
10696,-0.001281738
10697,-0.0012207034
10698,0.00018310564
10699,-0.002105713
10700,0.0020141597
10701,0.0011901862
10702,0.0030517573
10703,0.00070190476
10704,0.0003356929
10705,-0.000183105
10706,-0.00018310547
10707,0.0003051767
10708,0.00024413923
10709,-0.0013122564
10710,0.00036621097
10711,-0.0018920887
10712,-0.00088501023
10713,-0.0019836426
10714,-0.00250244
10715,-0.0028076181
10716,-0.001098631
10717,-0.0022888165
10718,-0.00018310547
10719,-0.0011291495
10720,0.0016479511
10721,0.0010681143
10722,0.00076293945
10723,-0.0005798312
10724,0.0021362295
10725,-6.1034458e-05
10726,0.00048827985
10727,0.001953126
10728,-0.0008850093
10729,0.0020751962
10730,-0.000579834
10731,0.0021667485
10732,0.00051879766
10733,0.0014953612
10734,-0.00042724563
10735,0.0014648438
10736,0.0014953618
10737,0.0021057138
10738,0.001983643
10739,0.00216675
10740,-0.002593997
10741,-0.0034484873
10742,0.0006713867
10743,0.0003356915
10744,0.0007324242
10745,0.00079345517
10746,0.0028381357
10747,-0.0013427734
10748,0.0029907273
10749,-0.0006408696
10750,-0.0017394987
10751,-0.001831058
10752,-0.00042724283
10753,-0.0015563965
10754,-0.0010681143
10755,0.00024413911
10756,-0.0023498521
10757,-0.0010375982
10758,0.0013732915
10759,-0.0031127934
10760,0.00021362351
10761,-0.0003662114
10762,-0.00067138625
10763,0.0015258796
10764,0.00097656203
10765,-0.0021057138
10766,-0.0029296898
10767,-0.00024414156
10768,-0.0024108896
10769,-0.00027466007
10770,-0.0011901828
10771,0.0006713867
10772,0.00057983305
10773,0.0026550284
10774,-0.00033569057
10775,-0.0002746582
10776,-3.0514784e-05
10777,-0.0025939904
10778,-0.0007324219
10779,-0.0015564002
10780,-0.000640871
10781,-0.0029907208
10782,0.00357056
10783,0.00033569662
10784,0.0028686516
10785,0.0026245096
10786,0.0008239744
10787,0.0022277841
10788,0.0043640127
10789,0.0017700214
10790,0.0028076163
10791,0.0032043494
10792,0.0010986328
10793,-0.0008239709
10794,0.0037231464
10795,-0.0011291467
10796,0.0010681171
10797,0.0013732947
10798,-0.0024414049
10799,-0.002410885
10800,-0.0022582994
10801,-0.00070190616
10802,-0.002166748
10803,-0.0028686505
10804,-0.0030212398
10805,-0.0047607427
10806,0.0019836426
10807,0.0019226067
10808,0.001922607
10809,-0.0028991702
10810,-0.0027465844
10811,-0.00097656203
10812,-0.0016479502
10813,0.0008850093
10814,-0.00079345424
10815,0.0028076163
10816,-0.0017395029
10817,0.0036010742
10818,0.0049438486
10819,0.0006103504
10820,-0.003326415
10821,-0.0012817387
10822,0.00302124
10823,-0.005065919
10824,6.103609e-05
10825,0.004760742
10826,-0.0021972645
10827,-0.0032958984
10828,-0.0003356943
10829,0.0027160645
10830,-0.0065307617
10831,0.0058898926
10832,0.0025329595
10833,-0.00085449114
10834,-0.00054931664
10835,0.002105712
10836,-0.0002746575
10837,-0.004608155
10838,0.003143311
10839,0.0005798349
10840,-0.0010681129
10841,-0.0047912616
10842,-0.001312254
10843,0.0012817369
10844,-0.0031738281
10845,0.0023498535
10846,-0.0039978027
10847,-0.0032653846
10848,-0.0013732947
10849,0.00564575
10850,0.005310055
10851,-0.004913345
10852,-0.007110581
10853,-0.019317646
10854,-0.022705052
10855,0.0057983287
10856,0.017852793
10857,0.027221672
10858,0.027465835
10859,0.00070188195
10860,-0.03701781
10861,-0.033081084
10862,-0.03280638
10863,-0.031555176
10864,0.014068648
10865,0.064025864
10866,0.062377945
10867,0.04827881
10868,0.07934564
10869,0.10437009
10870,0.07421863
10871,0.0055541694
10872,-0.048675522
10873,-0.06637575
10874,-0.05325327
10875,-0.04556276
10876,-0.043670647
10877,-0.039093014
10878,-0.02691649
10879,-0.014892595
10880,0.0021362416
10881,0.01229858
10882,0.011688232
10883,0.009948732
10884,0.003967285
10885,-0.012908943
10886,-0.025817871
10887,-0.045959473
10888,-0.052734375
10889,-0.057891846
10890,-0.046020538
10891,-0.030273438
10892,-0.008544952
10893,0.008514404
10894,0.022308365
10895,0.042877205
10896,0.050170884
10897,0.046783462
10898,0.042388916
10899,0.03790283
10900,0.026702896
10901,0.009307852
10902,0.0019226056
10903,-0.015350334
10904,-0.025482185
10905,-0.03271485
10906,-0.03378295
10907,-0.030151352
10908,-0.023132324
10909,-0.0057678074
10910,-3.054738e-05
10911,0.015014667
10912,0.020385727
10913,0.027160633
10914,0.03021238
10915,0.029937766
10916,0.02951049
10917,0.02023314
10918,0.017608665
10919,0.0076598898
10920,0.0042114407
10921,-0.0053710863
10922,-0.0074157715
10923,-0.008514427
10924,-0.013671856
10925,-0.007629402
10926,-0.0066223145
10927,0.0014343336
10928,0.0035400316
10929,0.0058288574
10930,0.0063782
10931,0.004486095
10932,0.0064392053
10933,0.00012207404
10934,-0.0010986216
10935,-0.008605972
10936,-0.008026123
10937,-0.009490963
10938,-0.010742184
10939,-0.007965095
10940,-0.010437012
10941,-0.0056457515
10942,-0.0055236826
10943,0.0028686523
10944,0.002960207
10945,0.00634766
10946,0.0087280255
10947,0.007507324
10948,0.0072631873
10949,-0.00018310547
10950,0.00033570826
10951,-0.0009460449
10952,-0.001434328
10953,-0.002349861
10954,-0.0026855376
10955,-0.0013427716
10956,-0.00708008
10957,-0.00088500977
10958,-0.0020751962
10959,0.0003356915
10960,-0.00082397694
10961,-0.00064086716
10962,-0.0019836458
10963,-0.004058839
10964,-0.0019226056
10965,-0.0057373075
10966,-0.0038757361
10967,-0.008087149
10968,-0.0061950684
10969,-0.0066528283
10970,-0.006866455
10971,-0.009002689
10972,-0.0052490234
10973,-0.004943814
10974,-0.0022583008
10975,-0.00015260279
10976,0.004760761
10977,0.0013732724
10978,0.004302971
10979,0.0075988714
10980,0.0062256064
10981,0.004730208
10982,0.005706801
10983,0.0036620977
10984,0.0054016197
10985,0.0049133277
10986,0.0057983417
10987,0.0017700195
10988,0.00079345866
10989,0.00018310454
10990,0.00061035156
10991,0.001373291
10992,-0.00012207031
10993,-3.051688e-05
10994,0.0021667478
10995,3.0515934e-05
10996,-0.0023803704
10997,-0.001800538
10998,-0.0036315909
10999,-0.004394534
11000,-0.002105713
11001,0.0013732892
11002,0.0005493185
11003,-0.00045776647
11004,0.0043029804
11005,-0.00012207008
11006,-0.0025024398
11007,0.00088500907
11008,0.0018310547
11009,0.00030517578
11010,0.0032348623
11011,0.0069885235
11012,0.0072936993
11013,0.0058288556
11014,0.004333494
11015,0.0023803692
11016,-0.0032043476
11017,-0.0045166053
11018,-0.0060729976
11019,-0.006134033
11020,-0.0050659217
11021,-0.0055236835
11022,-0.0076599084
11023,-0.007507324
11024,-0.008575434
11025,0.00024414062
11026,0.0021057054
11027,-3.0513853e-05
11028,-0.006103508
11029,-0.0026245043
11030,-0.0017700121
11031,0.0023803674
11032,0.0014648363
11033,0.00015259534
11034,0.0014648493
11035,0.0032958984
11036,0.0027160645
11037,0.0053100586
11038,0.003967286
11039,0.00018310174
11040,0.0038146947
11041,0.00579834
11042,0.0033874523
11043,-0.00042724586
11044,0.0056762677
11045,0.0008850107
11046,-0.0039367676
11047,-0.00051879813
11048,0.00070190313
11049,-0.0017089837
11050,-0.0021667483
11051,0.0025634766
11052,-6.1035156e-05
11053,-0.002319336
11054,0.0014648434
11055,0.0004577632
11056,0.0015258798
11057,0.0010375963
11058,0.0043640146
11059,-0.0013427744
11060,0.00042724423
11061,0.0025329571
11062,0.0021972656
11063,-0.0013732947
11064,-0.0033874493
11065,6.103376e-05
11066,0.0014343262
11067,0.0005798326
11068,-0.00085448986
11069,-0.0043029804
11070,-0.005554199
11071,-0.006866455
11072,0.0002441425
11073,0.0043640155
11074,0.007110595
11075,-0.0018310547
11076,-0.013092042
11077,-0.018341057
11078,-0.0012207106
11079,0.020843517
11080,0.03271482
11081,0.03045655
11082,0.016418457
11083,0.0077514797
11084,0.0012512133
11085,-0.005554192
11086,-0.007080093
11087,-0.0038452148
11088,0.0018921047
11089,0.0034484826
11090,-0.0031738132
11091,-0.0104065
11092,-0.013641364
11093,-0.012847894
11094,-0.011993402
11095,-0.009094242
11096,-0.014160154
11097,-0.010375977
11098,-0.008056652
11099,-0.007873528
11100,-0.006622337
11101,-0.0038757175
11102,-0.004272476
11103,-0.004272476
11104,3.0502677e-05
11105,0.008148201
11106,0.012603752
11107,0.014068612
11108,0.01330566
11109,0.007904046
11110,0.0039367713
11111,0.004425047
11112,0.0036621112
11113,0.0021362305
11114,0.0034790058
11115,0.0025024433
11116,0.0007019043
11117,0.0014648456
11118,0.00024414062
11119,-0.0018920898
11120,-0.0005798326
11121,-0.004394533
11122,-0.005859373
11123,-0.0040283175
11124,-0.005310056
11125,-0.0050048837
11126,-0.0044555627
11127,-0.0038757306
11128,-0.004364012
11129,-6.1035156e-05
11130,-0.004669193
11131,-0.0016174316
11132,-0.003387455
11133,-0.00054931454
11134,0.0007629376
11135,0.0043640137
11136,0.005004878
11137,0.0020751948
11138,0.0028686528
11139,0.0020751976
11140,0.0034790016
11141,-9.15555e-05
11142,0.0028686542
11143,0.0019836426
11144,0.0035095215
11145,0.0021362295
11146,0.0030822726
11147,0.0006408701
11148,0.00021361932
11149,0.0019531278
11150,0.0004882794
11151,-0.00057983305
11152,0.0014343234
11153,-0.0008239737
11154,0.00033568963
11155,-0.00054931734
11156,-0.0016784682
11157,-0.0013122549
11158,-0.0015258812
11159,-0.0010681143
11160,0.001068112
11161,0.0007324228
11162,-0.0002746596
11163,-0.00012207031
11164,0.0002441397
11165,0.00054931454
11166,0.00064087054
11167,0.0005798312
11168,-0.00039672712
11169,-0.00042724703
11170,-0.00070190337
11171,0.00085448986
11172,6.103888e-05
11173,-0.0002746596
11174,0.00024414156
11175,0.0005798349
11176,0.0006103511
11177,0.000488278
11178,-0.0017700179
11179,-0.0019531245
11180,-0.0018005371
11181,-0.002960206
11182,-0.0025329597
11183,-0.0005798339
11184,0.0018005373
11185,0.0026550293
11186,-0.000305176
11187,0.0015258788
11188,-0.003173827
11189,-0.0010070815
11190,-0.0025329571
11191,-0.0007324242
11192,-0.0022583008
11193,0.0012817383
11194,-0.0014648438
11195,0.0017089837
11196,0.003112794
11197,0.0020751941
11198,0.0041503888
11199,0.0009460463
11200,-3.051944e-05
11201,-0.0013122562
11202,-0.0012817383
11203,-0.002746582
11204,-0.00076294015
11205,-3.0517345e-05
11206,-0.00024414039
11207,-0.00085449265
11208,-0.00051879976
11209,-0.001617433
11210,-0.001953125
11211,-0.0012512207
11212,-0.0029602032
11213,-0.0019836407
11214,-0.0008544922
11215,-0.0022277795
11216,-0.001220705
11217,-0.00015258603
11218,-0.00012207031
11219,0.0027465858
11220,0.0012817378
11221,0.00241089
11222,0.0021972666
11223,0.0006713881
11224,-0.00039672945
11225,0.00012207031
11226,0.0034179701
11227,0.0018310545
11228,0.0017700191
11229,0.0011291495
11230,0.002990724
11231,0.002258299
11232,0.0009155278
11233,-0.0014953624
11234,-0.0016784659
11235,-0.0022888202
11236,-0.0039978013
11237,-0.0010986342
11238,0.001098631
11239,-0.0006408673
11240,-0.00036621047
11241,-0.0013427734
11242,-0.0024108891
11243,-0.001922606
11244,0.0013122554
11245,0.00051880116
11246,0.003845212
11247,0.0013427725
11248,0.0025634773
11249,-0.0014953604
11250,0.00149536
11251,-0.002105712
11252,0.0032958973
11253,0.0011596698
11254,0.003112793
11255,0.0028381357
11256,0.001800538
11257,-0.0025634775
11258,-0.0012207055
11259,-0.0036010714
11260,-0.006378174
11261,-0.0036621084
11262,-0.005859375
11263,-0.003112793
11264,-0.0012207031
11265,0.0010375958
11266,0.0019836416
11267,0.0039367666
11268,9.155087e-05
11269,0.0032348633
11270,-6.103562e-05
11271,0.00070190197
11272,0.0016784673
11273,-0.0002746568
11274,0.0002441397
11275,0.0007324219
11276,-0.0017089858
11277,-0.0012817368
11278,0.0035095206
11279,6.1035156e-05
11280,0.0063171387
11281,0.0022583026
11282,0.002380371
11283,0.0011291513
11284,0.0025634775
11285,-0.0020141602
11286,3.0521303e-05
11287,-0.0014038086
11288,0.00088500977
11289,0.0015563965
11290,0.002166748
11291,0.00027465634
11292,0.0012817364
11293,0.00036620907
11294,0.0047302227
11295,0.0030212477
11296,0.0068664476
11297,0.0014038123
11298,0.0057678074
11299,-0.0054626353
11300,-0.00091552734
11301,-0.005554201
11302,-0.001068125
11303,-0.008331293
11304,-0.0025634742
11305,-0.0072937016
11306,-0.0040283184
11307,-0.004516603
11308,-0.00070190243
11309,-0.001983643
11310,-0.0016479488
11311,0.0010681134
11312,0.0036315904
11313,0.0021362307
11314,0.0043945312
11315,0.00045776297
11316,0.0014038086
11317,-0.005584715
11318,-0.0048217783
11319,-0.006988525
11320,-0.005645753
11321,0.0039062556
11322,0.019378651
11323,0.018371586
11324,0.011505118
11325,-0.006469723
11326,-0.029083243
11327,-0.027435292
11328,-0.009307876
11329,-0.006652817
11330,-0.0052185133
11331,0.000671383
11332,0.00451662
11333,0.005950924
11334,0.0059814397
11335,0.0076294
11336,0.006439211
11337,0.0036620982
11338,0.0014648456
11339,0.0018310519
11340,0.00033568777
11341,9.154994e-05
11342,0.00079345703
11343,-0.00051879976
11344,-0.0010681162
11345,-0.00039672758
11346,0.0016174288
11347,0.0037536658
11348,0.0028991709
11349,0.0036010742
11350,0.0015258789
11351,0.0038146973
11352,0.0014953613
11353,0.006286621
11354,0.00027465913
11355,9.15546e-05
11356,-0.0032348642
11357,0.001739502
11358,6.103702e-05
11359,0.001525877
11360,-0.00039672665
11361,-0.0013732873
11362,0.0014953623
11363,-0.0014343271
11364,0.0005798321
11365,-0.003479004
11366,-0.00048828102
11367,-0.0022582966
11368,-0.002532961
11369,-0.00061035063
11370,-0.0001831064
11371,0.0025634756
11372,0.0020751934
11373,0.0020751934
11374,0.0026550293
11375,0.00061035156
11376,0.0038757361
11377,-0.0036621075
11378,0.0004272461
11379,-0.0010681171
11380,0.0013427739
11381,-0.0033874498
11382,-0.0010681162
11383,-0.0025939918
11384,0.00061035017
11385,-0.0032043457
11386,0.0019531241
11387,0.0008850135
11388,0.0026550256
11389,0.0012207022
11390,-0.00012207124
11391,3.0513853e-05
11392,0.0010375977
11393,0.00079345517
11394,0.0020446777
11395,-0.0028991709
11396,0.0034179688
11397,-0.0035705573
11398,-0.002166748
11399,-0.0048828125
11400,-0.0037841783
11401,0.0007019052
11402,-0.0028991688
11403,0.0024719234
11404,-0.0020751955
11405,-0.0005493171
11406,-0.0017700188
11407,0.0021667476
11408,0.001007081
11409,0.004547121
11410,0.0007629376
11411,0.0071411133
11412,-0.0021362323
11413,0.0047302227
11414,-0.004333496
11415,-0.0012512206
11416,-0.005187989
11417,0.00012207171
11418,-0.004852295
11419,0.0006713867
11420,-0.0038757338
11421,0.0009765634
11422,-0.0003662114
11423,-0.00015258417
11424,-0.0026550293
11425,0.0012207022
11426,-6.1032828e-05
11427,-0.00039672945
11428,-0.0005798312
11429,0.00054931734
11430,-0.0061645517
11431,0.002319335
11432,-0.0019226065
11433,0.002746582
11434,-0.0012817383
11435,0.00073242374
11436,-0.0023193387
11437,0.002014159
11438,0.0016784678
11439,0.005401613
11440,-0.0021057138
11441,0.0061035147
11442,-0.0022888186
11443,0.0016174326
11444,-0.0010070808
11445,-0.0016479483
11446,0.00027465634
11447,-0.0020751925
11448,-0.004455569
11449,9.1552734e-05
11450,-0.008331301
11451,0.0042419424
11452,-0.003692627
11453,-0.0007934533
11454,0.0011291467
11455,-0.0031433087
11456,-0.0006713886
11457,0.006286624
11458,-0.0052490244
11459,0.011932374
11460,-0.0042724647
11461,0.009674073
11462,0.00030517485
11463,0.005676269
11464,9.155413e-05
11465,0.0005493165
11466,-0.0067138663
11467,0.006805418
11468,-0.007965086
11469,0.009338376
11470,-0.0074157706
11471,0.0046081534
11472,-0.0008850079
11473,0.003326417
11474,0.0019226093
11475,0.003356934
11476,-0.006195069
11477,0.005218508
11478,-0.008880617
11479,0.003295898
11480,-0.003753663
11481,0.0010986347
11482,-0.0039062505
11483,0.0037841802
11484,-0.00720215
11485,0.007934572
11486,-0.009063723
11487,0.0040893564
11488,-0.00808716
11489,0.0034484882
11490,-0.001739503
11491,0.003021243
11492,-0.0011291518
11493,0.007354739
11494,-0.003387453
11495,0.009826664
11496,-0.004241945
11497,0.0055847177
11498,-0.003967284
11499,0.0016784673
11500,-0.00656128
11501,0.0007934591
11502,-0.0045166016
11503,0.006164551
11504,-0.007019043
11505,0.004119874
11506,-0.009796141
11507,0.003692627
11508,-0.0051574707
11509,0.0031433087
11510,-0.007720949
11511,0.004211422
11512,-0.009857176
11513,0.009063719
11514,-0.0095825195
11515,0.007385254
11516,-0.004638672
11517,0.004058836
11518,-0.0009155264
11519,0.007995605
11520,-0.0060119634
11521,0.012054443
11522,-0.009033205
11523,0.011413575
11524,-0.003936767
11525,0.0059814444
11526,-0.0016479504
11527,0.0023803718
11528,-0.00744629
11529,0.008636475
11530,-0.011260985
11531,0.009124756
11532,-0.005065918
11533,0.001556396
11534,0.0009155269
11535,-0.00021362212
11536,-0.0029907213
11537,0.006347656
11538,-0.009521483
11539,0.007232665
11540,-0.004699706
11541,0.00024414156
11542,0.00027465774
11543,-0.0012817378
11544,-0.005920409
11545,0.008911132
11546,-0.0065307627
11547,0.008819584
11548,-0.0026855483
11549,0.007141115
11550,0.00051879697
11551,0.005218506
11552,-0.00027465634
11553,0.009246826
11554,-0.004211424
11555,0.0058288556
11556,-0.0033264123
11557,-0.0007324219
11558,-0.002258299
11559,0.0016479483
11560,-0.0075073214
11561,-0.00097656145
11562,-0.008392332
11563,-0.0015869155
11564,0.0036926277
11565,-0.0055847173
11566,-0.001525878
11567,-0.002166747
11568,-0.002746581
11569,0.0012817364
11570,0.0009765658
11571,-0.0061950684
11572,0.010437012
11573,-0.0065307613
11574,0.008850097
11575,-0.0020751976
11576,0.0024719257
11577,-0.005126954
11578,0.0077819843
11579,-0.010406496
11580,0.010284425
11581,-0.009094238
11582,0.007476807
11583,-0.0043029804
11584,0.006713867
11585,-0.0052185045
11586,0.012512209
11587,-0.009887694
11588,0.014801027
11589,-0.0062561035
11590,0.00836182
11591,-0.00418091
11592,0.007598875
11593,-0.0063171424
11594,0.009216309
11595,-0.011627201
11596,0.006317137
11597,-0.006561283
11598,-0.0011901883
11599,-0.0005493178
11600,-0.00027465716
11601,-0.0024108915
11602,-0.00015258696
11603,-0.007080077
11604,-0.005798337
11605,-0.0032958984
11606,-0.005584715
11607,0.0025024414
11608,-0.013885509
11609,0.0037841871
11610,-0.005035408
11611,0.009918209
11612,-0.00680542
11613,0.006958006
11614,-0.009979263
11615,0.012908937
11616,-0.009979248
11617,0.01187134
11618,-0.010314941
11619,0.009948731
11620,-0.007354738
11621,0.010467532
11622,-0.00643921
11623,0.010711669
11624,-0.0058898916
11625,0.01086426
11626,-0.004180909
11627,0.010406495
11628,-0.0015563956
11629,0.008087158
11630,-0.00024414062
11631,0.0026550293
11632,0.0016479492
11633,-0.0014648428
11634,-0.0017700186
11635,-0.0017089834
11636,-0.0036010724
11637,-0.00036621094
11638,0.0022888193
11639,-0.0036315906
11640,0.0050048837
11641,-0.007507324
11642,0.001953126
11643,-0.0039367685
11644,0.0010375986
11645,-0.0076599126
11646,0.0057067876
11647,-0.008697509
11648,0.009796143
11649,-0.007415773
11650,0.0068054204
11651,-0.0065307617
11652,0.0060424805
11653,-0.008178709
11654,0.0073242188
11655,-0.0049133315
11656,0.0050354004
11657,-0.001281738
11658,0.0024108884
11659,-0.00061035133
11660,0.0068969717
11661,-0.006378173
11662,0.0027465816
11663,-0.0032958984
11664,-0.00079345657
11665,-0.00073242176
11666,0.0010986318
11667,-0.004547118
11668,0.005126952
11669,-0.0014038081
11670,0.0021057115
11671,0.0025024414
11672,0.0012512207
11673,0.0037841778
11674,0.0042419434
11675,0.004058836
11676,0.0024414062
11677,0.005828861
11678,-0.003326416
11679,0.0032959022
11680,-0.003692627
11681,0.0019836444
11682,-0.0037841797
11683,-0.00030516926
11684,-0.006347657
11685,0.0010681155
11686,-0.006927492
11687,-0.0020446754
11688,-0.0031738281
11689,-0.006561276
11690,-0.0030822763
11691,-0.0023193369
11692,-0.0011901874
11693,0.0035705576
11694,0.0010986339
11695,0.0029602046
11696,0.0037536612
11697,0.0016479478
11698,-0.0015869136
11699,0.00085449126
11700,-0.0060424795
11701,0.00021362258
11702,0.0007324233
11703,-0.0032348633
11704,0.0023193364
11705,-0.0023193392
11706,0.002380372
11707,0.0014038105
11708,0.0047912598
11709,-0.00030517578
11710,0.005737305
11711,-0.0024719248
11712,0.0025329601
11713,-0.00021362095
11714,-0.005706788
11715,0.0021972659
11716,-0.0023193362
11717,0.0016784678
11718,0.00015258731
11719,-0.0005187986
11720,-0.0028686528
11721,0.0014038088
11722,-6.10358e-05
11723,-0.0031127927
11724,0.0046081543
11725,-0.006713867
11726,0.0034790032
11727,-0.0053405766
11728,0.0026855464
11729,0.00012207171
11730,0.0046691895
11731,-0.0013427748
11732,0.0022277832
11733,-0.0036621084
11734,-0.00213623
11735,0.008666992
11736,0.00073242374
11737,0.008758545
11738,0.0029296875
11739,0.004760742
11740,-0.0004272461
11741,0.0047302283
11742,-0.0044555664
11743,0.0054626428
11744,-0.0022277832
11745,0.007629376
11746,-0.0024414044
11747,0.0032653753
11748,-0.011230458
11749,0.0013122503
11750,-0.0070495494
11751,0.0057372972
11752,-0.0044250404
11753,0.004302982
11754,-0.00817871
11755,-0.0019531235
11756,-0.009033199
11757,0.0028381348
11758,-0.008514402
11759,-0.0033264179
11760,-0.001892088
11761,-0.0025634784
11762,0.001129156
11763,-0.0046081543
11764,-0.00039672852
11765,-0.0050354004
11766,0.004577635
11767,-0.004913328
11768,0.0066833515
11769,-0.0062561035
11770,0.005004883
11771,-0.0021057166
11772,0.0049743634
11773,-0.006591795
11774,0.0065307636
11775,-0.0049438477
11776,0.0070800753
11777,-0.004913332
11778,0.004333496
11779,-0.0039672814
11780,0.0026245117
11781,-0.005004879
11782,0.0053710956
11783,-0.006225584
11784,0.002441408
11785,-0.0042419415
11786,0.0039367666
11787,-0.00088500883
11788,0.005706788
11789,-0.001953126
11790,0.00491333
11791,0.0036621094
11792,0.0023803702
11793,0.003112792
11794,-0.0030517578
11795,0.004180908
11796,-0.004364013
11797,0.005035401
11798,-0.008331297
11799,0.0029602032
11800,-0.008300778
11801,0.0041198693
11802,-0.007080078
11803,0.0037536602
11804,-0.0039367676
11805,0.004425049
11806,-0.007476803
11807,0.0043029785
11808,-0.0061645545
11809,0.0034179688
11810,-0.00073242
11811,0.0022583026
11812,-0.00036620907
11813,0.0019226065
11814,0.0010986319
11815,0.0007629399
11816,0.0033264188
11817,-0.0017089841
11818,0.00491333
11819,-0.0013122561
11820,0.0053100595
11821,-0.0024108884
11822,0.0034179678
11823,-0.004608154
11824,0.0024108882
11825,-9.15525e-05
11826,0.0047607417
11827,-0.0015563966
11828,0.0006408697
11829,-0.0021972654
11830,-1.3969839e-09
11831,-0.003112792
11832,-0.0010681166
11833,-0.0032958984
11834,0.001220704
11835,-0.0031433105
11836,-0.00039672852
11837,-0.0029296856
11838,0.0016784659
11839,-0.0020446791
11840,0.0038757334
11841,-0.0011596684
11842,0.0032043448
11843,0.0030822773
11844,0.0025024386
11845,0.0078430185
11846,0.0017395001
11847,0.005401613
11848,-0.0033264179
11849,0.005279541
11850,-0.0052490244
11851,0.006134037
11852,-0.0059814495
11853,0.0033264188
11854,-0.0073547377
11855,0.0011901874
11856,-0.0029907227
11857,0.002105715
11858,-0.0014953623
11859,-0.00085449335
11860,-0.0026245108
11861,-0.00430298
11862,-0.0010375953
11863,-0.00054931967
11864,-0.001098631
11865,-0.0028686542
11866,-0.0027770973
11867,0.0019226079
11868,0.0042114262
11869,0.0027465806
11870,0.00253296
11871,3.0517927e-05
11872,-0.000823976
11873,-0.0017089837
11874,-0.0005493169
11875,-0.0041503888
11876,0.0018005357
11877,-0.0027770996
11878,0.0009765602
11879,-0.0016479502
11880,0.0017700184
11881,-0.00091552734
11882,0.0031433115
11883,0.00048828102
11884,0.00048828078
11885,0.0025329583
11886,0.0032958994
11887,0.0015258775
11888,0.0022583008
11889,-0.0020446791
11890,-0.0016784668
11891,-0.0017700195
11892,-0.000579834
11893,-0.0010681164
11894,0.001007081
11895,-0.0002441411
11896,0.0025634784
11897,0.0027465802
11898,-0.00085448986
11899,0.000915525
11900,-0.0022888184
11901,0.001739502
11902,0.00027466007
11903,0.00543213
11904,-9.155087e-05
11905,0.004119873
11906,0.0024108887
11907,0.00039672758
11908,-0.0052185077
11909,-0.0032958956
11910,-0.0048217783
11911,-0.0053100586
11912,-0.00445557
11913,-0.00045776088
11914,-0.000640871
11915,-0.0018005343
11916,-0.0020751934
11917,-0.0026550237
11918,-0.0017089834
11919,0.0008239774
11920,0.001953125
11921,0.0017089862
11922,0.0013122563
11923,-0.00015258789
11924,0.00036621373
11925,-0.0002746575
11926,0.0015869143
11927,0.0022888184
11928,-0.00048827913
11929,0.0009460426
11930,0.001739502
11931,0.005004884
11932,0.0042419406
11933,0.002593996
11934,0.0019226074
11935,0.0029296894
11936,0.0025024433
11937,0.0032348651
11938,0.0032653809
11939,0.0026550293
11940,-0.0006713886
11941,-0.0010375977
11942,-0.0013122596
11943,-0.0016174316
11944,-0.002319336
11945,-0.0008544922
11946,-0.0026245127
11947,-0.0021362305
11948,-0.0029296903
11949,-0.00039672852
11950,-0.0023498526
11951,0.006713867
11952,-0.0071105966
11953,0.0054626456
11954,-0.006072998
11955,-0.0009460449
11956,0.0039367657
11957,0.0028991709
11958,-0.0026855487
11959,0.003326416
11960,0.0026550293
11961,-0.0032348651
11962,0.00042724283
11963,-0.0019836444
11964,-0.0015258794
11965,-0.0023193364
11966,-0.0011291504
11967,-0.00073242467
11968,6.1033294e-05
11969,0.0011901855
11970,0.0029296866
11971,0.00042724516
11972,0.001800539
11973,0.00021362118
11974,0.0017700205
11975,-0.0021667494
11976,-0.00012207124
11977,-0.004425048
11978,-0.003082275
11979,-0.003540039
11980,-0.0033569369
11981,-0.0041809063
11982,-0.0032959003
11983,0.0014648447
11984,0.0010070789
11985,0.0033264188
11986,0.00033569196
11987,0.002593994
11988,-0.0021972659
11989,0.0003967292
11990,-0.00033569383
11991,0.0060729994
11992,0.0017700177
11993,0.002624513
11994,-0.001251222
11995,-0.0015563976
11996,-0.003326416
11997,-0.002746581
11998,-0.0015869159
11999,-0.0026550274
12000,-0.0013427725
12001,-0.0025024395
12002,-0.0025329571
12003,-0.0018920898
12004,-0.0018310547
12005,-0.0045776404
12006,-0.00482177
12007,-0.0043029897
12008,-0.004302971
12009,-0.0030212402
12010,-0.003509529
12011,-0.0038146824
12012,-0.0021057092
12013,-0.0040588453
12014,0.0029297099
12015,-0.0010681115
12016,0.00051880255
12017,-0.0048522726
12018,-0.0034179538
12019,-0.007202141
12020,-0.0052184984
12021,-0.0072021484
12022,-0.0071106106
12023,-0.0058899224
12024,-0.0023193285
12025,0.0005187988
12026,0.00018307567
12027,0.0037231296
12028,0.0047912523
12029,0.0054931603
12030,0.007202156
12031,0.010009791
12032,0.015899636
12033,0.017730698
12034,0.021820083
12035,0.022094727
12036,0.02438356
12037,0.02603148
12038,0.028808624
12039,0.023651108
12040,0.019866943
12041,0.017578095
12042,0.009399384
12043,0.008392304
12044,0.0028076172
12045,-6.1035156e-05
12046,-0.009002671
12047,-0.0072631687
12048,-0.012023941
12049,-0.011138916
12050,-0.0138855055
12051,-0.01339718
12052,-0.012939453
12053,-0.01126099
12054,-0.0086364895
12055,-0.009124763
12056,-0.0063171685
12057,-0.008514401
12058,-0.0062255934
12059,-0.008758534
12060,-0.006042474
12061,-0.008209232
12062,-0.0075378492
12063,-0.007202137
12064,-0.0068054227
12065,-0.0069885254
12066,-0.009246824
12067,-0.009155273
12068,-0.006591797
12069,-0.005767811
12070,-0.0067749135
12071,-0.005371079
12072,-0.0072326735
12073,-0.008239754
12074,-0.0065307543
12075,-0.0057678297
12076,-0.0052185208
12077,-0.005401589
12078,-0.0064086914
12079,-0.008880615
12080,-0.0053711087
12081,-0.00680542
12082,-0.0035705566
12083,-0.00061033666
12084,-0.00030517578
12085,-0.0020751953
12086,-0.0012512654
12087,9.1567636e-05
12088,0.0056457594
12089,0.0067749247
12090,0.007507317
12091,0.008605979
12092,0.008361809
12093,0.011230499
12094,0.023040788
12095,0.016571036
12096,0.009429924
12097,-0.0021362267
12098,-0.00021362491
12099,-0.0029296912
12100,0.007019046
12101,0.0047607427
12102,0.0063476544
12103,0.0076599102
12104,0.011016844
12105,0.010803223
12106,0.007476799
12107,0.007232666
12108,0.0018615667
12109,-0.007873533
12110,-0.01623535
12111,-0.0055541988
12112,-0.003143318
12113,-0.009887696
12114,0.004272463
12115,0.0064392127
12116,0.009796146
12117,0.0035705566
12118,0.0048827976
12119,0.013793953
12120,0.035369873
12121,0.036102325
12122,0.028442398
12123,0.029388472
12124,0.029815674
12125,0.016662598
12126,-0.005584687
12127,-0.0005493313
12128,3.054738e-05
12129,-0.011993378
12130,-0.022888169
12131,-0.022308402
12132,-0.024810746
12133,-0.026580803
12134,-0.02416992
12135,-0.026550306
12136,-0.02197264
12137,-0.017425546
12138,-0.016784675
12139,-0.016448978
12140,-0.016571052
12141,-0.020690933
12142,-0.018157944
12143,-0.01580812
12144,-0.0103149265
12145,-0.009460449
12146,-0.0088806
12147,-0.011138931
12148,-0.003204316
12149,-0.0050354004
12150,-0.00045774877
12151,0.0024719238
12152,0.010070801
12153,0.007537827
12154,0.01071167
12155,0.010314979
12156,0.011627205
12157,0.008361809
12158,0.009948723
12159,0.006042488
12160,0.0032653883
12161,0.0025329478
12162,0.0015258864
12163,9.153411e-05
12164,-0.0012206957
12165,0.0014343187
12166,9.154901e-05
12167,0.0022888146
12168,0.0024108626
12169,0.0036621056
12170,0.0046997126
12171,0.010131844
12172,0.008483881
12173,0.009765622
12174,0.010162352
12175,0.013366703
12176,0.0095825195
12177,0.0086364895
12178,0.009735107
12179,0.0075073056
12180,0.009429924
12181,0.009887688
12182,0.012145981
12183,0.009094246
12184,0.011230484
12185,0.007537827
12186,0.0068359524
12187,0.005554214
12188,0.0067749023
12189,0.004577607
12190,0.0038147122
12191,0.0018310547
12192,-0.002471909
12193,-0.003692612
12194,-0.0062256306
12195,-0.008239724
12196,-0.00869751
12197,-0.009826675
12198,-0.011261012
12199,-0.011352528
12200,-0.012115506
12201,-0.012573229
12202,-0.011474611
12203,-0.013122562
12204,-0.012481691
12205,-0.012878416
12206,-0.01083374
12207,-0.008972164
12208,-0.006713867
12209,-0.00442503
12210,-0.0026855469
12211,-0.0043029785
12212,-0.0015869141
12213,-0.00091550127
12214,-0.0039062724
12215,-0.0007934272
12216,-0.0016784593
12217,-0.0026855357
12218,-0.0019226223
12219,-0.003112793
12220,-0.0038147122
12221,-0.00015257671
12222,0.0007019043
12223,0.0021667592
12224,0.0034484975
12225,0.006622296
12226,0.0066528134
12227,0.00842285
12228,0.0072937068
12229,0.008087149
12230,0.007171625
12231,0.0066223163
12232,0.006652834
12233,0.0058288574
12234,0.00619507
12235,0.00573729
12236,0.0072631985
12237,0.005371075
12238,0.004302986
12239,0.0016784631
12240,0.002197273
12241,0.0010375828
12242,0.0013122782
12243,-0.0003357008
12244,-0.0007324219
12245,0.00054933503
12246,-0.0008239597
12247,-0.000366237
12248,-0.0014648549
12249,-0.00015259162
12250,-0.0008850135
12251,0.00042723864
12252,0.0002136156
12253,0.0003051646
12254,-0.0016174279
12255,-0.0025939904
12256,-0.0041503813
12257,-0.0029907264
12258,-0.003692625
12259,-0.0047302237
12260,-0.00033569243
12261,-0.0030517578
12262,-0.0016479464
12263,-0.0012817392
12264,-0.003692628
12265,-0.0031127934
12266,-0.0046691885
12267,-0.0029907231
12268,1.8626451e-09
12269,-0.0003356915
12270,-0.0015258789
12271,-0.0046691913
12272,-0.01107787
12273,-0.0072631873
12274,0.00033569708
12275,-0.005004879
12276,-0.0045166053
12277,-0.003326416
12278,0.0017700195
12279,-0.0009155348
12280,-0.00030520558
12281,0.0011291727
12282,0.0013732761
12283,-0.00012207031
12284,0.0
12285,0.00051881
12286,-0.00064088777
12287,0.004150387
12288,0.0021362118
12289,0.0036926344
12290,0.0031128088
12291,0.0064086854
12292,0.006530759
12293,0.0065002493
12294,0.0036315918
12295,0.0020141592
12296,-0.00085449265
12297,-0.00015258696
12298,-0.0035705585
12299,-0.0033874512
12300,-0.0040283184
12301,-0.0011596698
12302,0.00039672572
12303,0.0019226084
12304,0.0010681148
12305,0.0024719236
12306,0.0028381357
12307,0.0020141604
12308,-0.00048828265
12309,0.00012207031
12310,0.00012206996
12311,0.0020446787
12312,0.0021972659
12313,0.00061035133
12314,-0.0018310566
12315,-0.0012817364
12316,-0.002532958
12317,-0.001312254
12318,-0.0020141592
12319,-0.0011291476
12320,-0.00088500977
12321,-0.0005493136
12322,6.103795e-05
12323,0.00036621327
12324,0.00079345796
12325,0.002044681
12326,0.0041809073
12327,0.0014648444
12328,0.0027160654
12329,0.0006713858
12330,0.0005493164
12331,0.002105713
12332,0.0029296875
12333,0.0005188007
12334,0.0014343271
12335,-0.00012206938
12336,0.0007934598
12337,1.8626451e-09
12338,0.0014038105
12339,0.0008850116
12340,0.002319334
12341,0.0021972675
12342,-0.0008544922
12343,-0.0004577618
12344,0.0013732947
12345,0.00061035156
12346,-0.0015869159
12347,-0.00054931454
12348,-0.0007019043
12349,-0.0019531269
12350,0.0024719238
12351,-0.0004882831
12352,0.00061034877
12353,-0.0013122577
12354,-0.0018920908
12355,0.0007934533
12356,-0.0008239751
12357,-0.0013122549
12358,-0.0021667466
12359,-0.0011596687
12360,-0.002227786
12361,0.0001831057
12362,-0.001983642
12363,-0.0036621084
12364,0.0021057124
12365,-0.005645752
12366,0.0012207034
12367,-0.0012817391
12368,0.0018615734
12369,-0.0003662114
12370,0.0030822745
12371,0.002960205
12372,0.0008544922
12373,0.005767826
12374,0.00076293945
12375,0.002899168
12376,0.0016784668
12377,0.0020446796
12378,-0.0009460449
12379,0.00021362863
12380,-0.00036621094
12381,-0.0018920898
12382,0.0014953613
12383,-0.0015258789
12384,0.0004882822
12385,-0.0030517569
12386,-0.0018310524
12387,-0.0010681148
12388,-0.00057983166
12389,-0.0027160668
12390,-0.00036621
12391,-0.0014953627
12392,0.00070190243
12393,0.0020446763
12394,-0.0012817375
12395,0.00018310559
12396,-0.0022277832
12397,-0.0009155269
12398,-0.0020446777
12399,-0.0035095187
12400,-0.00482178
12401,-0.003753662
12402,-0.002807619
12403,-0.002532959
12404,0.00012207218
12405,-0.0037536612
12406,0.0039978037
12407,0.0040893545
12408,0.009887696
12409,0.0032043457
12410,0.003021243
12411,-0.0019226088
12412,-0.0069274884
12413,-0.0014038105
12414,0.00537109
12415,0.0065918006
12416,0.011871338
12417,0.019073498
12418,0.012268066
12419,0.003723137
12420,-0.0035095196
12421,-0.009368895
12422,-0.010650626
12423,-0.013153078
12424,-0.011566165
12425,-0.009918217
12426,-0.00912475
12427,-0.005035393
12428,-0.0071105994
12429,-0.0055847205
12430,-0.008483894
12431,-0.0062561147
12432,-0.00067139044
12433,0.017150896
12434,0.02529908
12435,0.024230957
12436,0.0072937002
12437,-0.008819578
12438,-0.015930176
12439,-0.0073547363
12440,-0.0017395029
12441,0.0016174279
12442,0.0010376032
12443,-0.00042724982
12444,-0.0037536612
12445,-0.0013732929
12446,-0.0031738263
12447,-0.0019836426
12448,-0.00091552734
12449,0.0010070773
12450,0.0027160677
12451,0.0036621094
12452,0.0018615727
12453,0.00088500977
12454,0.0020141592
12455,-0.00064086926
12456,0.0032653827
12457,0.0023803683
12458,0.0016784673
12459,0.0037231431
12460,0.0005188002
12461,0.0005493164
12462,-0.0010681143
12463,0.002258299
12464,-0.00024413597
12465,0.0027465792
12466,0.001861576
12467,0.0027160626
12468,0.0013427753
12469,-0.00048828125
12470,0.002105713
12471,0.00012206845
12472,0.003967285
12473,0.001892088
12474,0.00091552734
12475,-0.0008850116
12476,0.00030517392
12477,0.0002746582
12478,-0.0005798377
12479,0.0012817401
12480,-0.003173829
12481,-0.0015869145
12482,-0.005218507
12483,-0.0038452114
12484,-0.0050354023
12485,-0.0037841797
12486,-0.004364012
12487,-0.00491333
12488,-0.0027160645
12489,-0.0040588398
12490,-0.00042724423
12491,-0.002166748
12492,0.0011901893
12493,-0.0024108868
12494,-0.00012207031
12495,0.0007324256
12496,0.0010681152
12497,0.00024414062
12498,0.0013732938
12499,0.001220704
12500,0.0017394982
12501,0.0012817401
12502,0.00085449126
12503,0.00039672572
12504,0.0011901837
12505,-0.0007324163
12506,-0.003967287
12507,-0.0020751916
12508,-0.0027771015
12509,-0.002838133
12510,-0.0022277832
12511,-0.0008239746
12512,-0.0015869141
12513,-0.002319336
12514,-0.0002746582
12515,-0.0017700195
12516,-0.00045776553
12517,0.0029907208
12518,0.0029296875
12519,0.0031738272
12520,0.0032653827
12521,0.0036315925
12522,0.0028381331
12523,0.0062866174
12524,0.0036315953
12525,0.004516599
12526,0.0011901888
12527,0.0016784659
12528,0.0012207069
12529,0.0021362305
12530,0.0021972703
12531,-0.0028991713
12532,-0.003112792
12533,-0.0011596698
12534,-0.0022582996
12535,-0.0005493169
12536,0.0027770998
12537,-6.103469e-05
12538,-0.0025939941
12539,0.0013427738
12540,0.00094604434
12541,-0.0004272461
12542,-0.0032653809
12543,-0.0003662114
12544,-0.004211425
12545,-0.002777101
12546,0.001159668
12547,0.0012207017
12548,-0.0038452167
12549,0.0012206999
12550,9.1553666e-05
12551,0.0026855469
12552,-9.313226e-10
12553,0.0036621075
12554,0.00076294085
12555,0.0025329595
12556,0.0026550312
12557,0.0034790058
12558,6.103609e-05
12559,0.0015258789
12560,-0.00039672758
12561,0.0024719276
12562,0.00039672665
12563,0.00079345517
12564,0.0
12565,0.0012512207
12566,-0.0006713886
12567,0.0014648438
12568,-0.001953125
12569,0.00021362118
12570,-0.0006103497
12571,0.00018310547
12572,-0.00097656064
12573,-0.00021362305
12574,-0.0010070782
12575,-0.00051879976
12576,-0.0023803678
12577,-0.00015258789
12578,-0.0026245122
12579,-0.0018005363
12580,-0.00054931454
12581,-0.0018615732
12582,-0.00390625
12583,-0.0022277832
12584,-0.002593995
12585,-0.0013732929
12586,-1.3969839e-09
12587,0.00048827985
12588,0.00051879557
12589,3.0514784e-05
12590,0.00061035156
12591,0.00039672805
12592,9.1551105e-05
12593,0.0011596694
12594,0.0015563947
12595,0.0019226068
12596,0.0020446775
12597,3.051851e-05
12598,-0.0006408701
12599,0.00082397496
12600,0.000610352
12601,0.001068115
12602,0.0014038091
12603,0.00012206915
12604,0.00036621047
12605,-0.00079345674
12606,0.00021362348
12607,-0.0022583012
12608,-0.00076293957
12609,-0.0004882816
12610,-9.155262e-05
12611,-0.00048828116
12612,-0.00054931606
12613,0.00042724493
12614,0.0003356943
12615,0.0036926265
12616,-0.0009155255
12617,0.0023498521
12618,3.051944e-05
12619,0.003295892
12620,2.7939677e-09
12621,0.0033874474
12622,-0.0003356887
12623,0.0008544903
12624,0.001495365
12625,0.0011901837
12626,0.0
12627,-0.0018920926
12628,0.0015869178
12629,-0.00354004
12630,0.0011596689
12631,-0.0007324219
12632,-0.00048828032
12633,-0.002014161
12634,0.0010986356
12635,-0.00018310617
12636,-0.0034484882
12637,-0.0016479488
12638,-0.0039672824
12639,-0.0011291504
12640,-0.0032958975
12641,-0.00039672852
12642,-0.0012207022
12643,0.0011291495
12644,-0.0012207027
12645,-0.0028686523
12646,0.00024413923
12647,0.00012206752
12648,0.0013122549
12649,0.0019531243
12650,0.00097656134
12651,-0.00012207008
12652,0.0018005369
12653,9.155343e-05
12654,-0.0006103527
12655,-0.0010986321
12656,0.00015258789
12657,0.0015869141
12658,-0.00033569365
12659,0.0014038092
12660,0.00070190424
12661,0.000122070196
12662,0.0004272461
12663,0.00039672846
12664,0.0012512207
12665,0.00042724563
12666,-0.0019531255
12667,-0.002136229
12668,-0.0024414062
12669,-0.0010070782
12670,-0.004913332
12671,-0.0039978027
12672,-0.0035705585
12673,-0.0022888184
12674,-0.002532959
12675,-6.103143e-05
12676,-0.0029907227
12677,-0.003387455
12678,-0.0010986328
12679,-0.002410911
12680,-0.004363999
12681,0.00067136437
12682,0.003723152
12683,-0.008941673
12684,-0.012634277
12685,-0.00872805
12686,-0.016693084
12687,0.015869128
12688,0.046691887
12689,0.01516724
12690,-0.023864716
12691,-0.02484132
12692,-0.028655997
12693,-0.0077514723
12694,0.03872679
12695,0.06546018
12696,0.060394272
12697,0.05322261
12698,0.058288693
12699,0.07791138
12700,0.0651246
12701,0.008880615
12702,-0.04391481
12703,-0.06152343
12704,-0.06253044
12705,-0.060638472
12706,-0.060028113
12707,-0.064056404
12708,-0.05059813
12709,-0.021942139
12710,0.003326416
12711,0.015563987
12712,0.027801508
12713,0.027648902
12714,0.020355225
12715,0.012481697
12716,-0.005096443
12717,-0.026367188
12718,-0.040893577
12719,-0.047149673
12720,-0.043212906
12721,-0.028228775
12722,-0.017517105
12723,-0.002746597
12724,0.013061509
12725,0.020294152
12726,0.026489273
12727,0.027191155
12728,0.03152466
12729,0.03332518
12730,0.02835083
12731,0.021789538
12732,0.009338386
12733,-0.0040588416
12734,-0.015716545
12735,-0.023040771
12736,-0.02859497
12737,-0.021240234
12738,-0.017547615
12739,-0.0048522875
12740,0.0026855506
12741,0.012908928
12742,0.019439694
12743,0.020965584
12744,0.02471923
12745,0.023284908
12746,0.021057121
12747,0.013824474
12748,0.007476788
12749,-0.0026550181
12750,-0.0043029897
12751,-0.009155283
12752,-0.011260994
12753,-0.009979239
12754,-0.008575452
12755,-0.0060424767
12756,-0.0011291467
12757,0.0069580004
12758,0.008728035
12759,0.009979229
12760,0.013336189
12761,0.015472408
12762,0.0068969876
12763,0.006256126
12764,0.0040893853
12765,-0.0035400428
12766,-0.008361809
12767,-0.010009762
12768,-0.009399408
12769,-0.015838616
12770,-0.010559083
12771,-0.006866459
12772,-0.004943847
12773,-0.004699709
12774,0.0026855469
12775,0.0035400372
12776,0.0036621094
12777,0.010345463
12778,0.012664799
12779,0.011444103
12780,0.013336178
12781,0.0058593825
12782,-0.0014343411
12783,-0.010467505
12784,-0.011993404
12785,-0.016845703
12786,-0.016510021
12787,-0.013183586
12788,-0.008453371
12789,-0.003051755
12790,0.0016174335
12791,0.0032958966
12792,0.007171629
12793,0.007446292
12794,0.010803221
12795,0.007598879
12796,0.005218506
12797,-0.0015563956
12798,-0.0011901872
12799,-0.0073242206
12800,-0.0044250507
12801,-0.009429935
12802,-0.007843008
12803,-0.0100097805
12804,-0.009277325
12805,-0.0063476786
12806,-0.00784301
12807,-0.006072987
12808,-0.0015563965
12809,0.0015258901
12810,0.0045776367
12811,0.007385252
12812,0.006164551
12813,0.0119934175
12814,0.0062866034
12815,0.006835945
12816,0.0059814407
12817,0.003601072
12818,-9.155413e-05
12819,0.0019531248
12820,-0.003082275
12821,-0.00161743
12822,-0.00027466007
12823,-0.004913329
12824,-0.0022583008
12825,-0.003540041
12826,-0.0026550312
12827,-0.001647953
12828,-0.0009460449
12829,-0.0010986291
12830,6.103981e-05
12831,-3.051851e-05
12832,0.0029907227
12833,0.0024719266
12834,0.0005493171
12835,0.0046691876
12836,0.0007019051
12837,0.0012207042
12838,0.00054931745
12839,0.0018310546
12840,0.00030517578
12841,0.0021972638
12842,0.00042724703
12843,0.0039672833
12844,-0.00033569057
12845,0.0045471163
12846,-0.002014161
12847,0.00067138625
12848,9.15518e-05
12849,-0.00051879697
12850,-0.0019226077
12851,0.0002136226
12852,-0.0049438495
12853,-0.0007629385
12854,-0.0026550298
12855,-0.0033874516
12856,-0.0016174316
12857,-0.002960205
12858,-0.0016174326
12859,3.051944e-05
12860,-0.0020751972
12861,-0.00067138486
12862,0.001220705
12863,-0.0011291504
12864,0.0024108868
12865,-0.0013122559
12866,-0.0010681171
12867,-0.0028381366
12868,0.00018310733
12869,-0.00012206845
12870,0.0008544903
12871,0.00039672852
12872,0.0018920898
12873,0.0014343262
12874,-0.0011901855
12875,0.0024719257
12876,-0.00030517578
12877,0.0014343243
12878,0.00030517485
12879,-0.0033569336
12880,-0.0002441397
12881,0.0009460468
12882,0.0025024423
12883,-0.0015258808
12884,-0.0005493192
12885,-0.0028076153
12886,-0.0014038095
12887,0.0011901865
12888,0.0024108866
12889,0.0038146982
12890,0.0031738256
12891,0.0049743634
12892,0.0017395015
12893,0.0037231455
12894,-0.00015258603
12895,0.0007019071
12896,0.00030517764
12897,0.0011901828
12898,0.0021667508
12899,0.00073242
12900,0.00054931827
12901,0.0014953613
12902,-0.0003662128
12903,0.0005188007
12904,0.00057983585
12905,-0.00033569243
12906,-0.0014953585
12907,-3.0514784e-05
12908,-0.0012512198
12909,0.0022888184
12910,-0.0001831036
12911,0.0018615685
12912,-0.0009460449
12913,-0.00012206845
12914,-0.00082396995
12915,-0.0016784691
12916,-0.0014038095
12917,-0.0023193343
12918,-0.004241943
12919,-0.0040283203
12920,-0.0024414053
12921,-0.00088500977
12922,-0.00021362363
12923,0.0014343259
12924,0.0017395034
12925,0.0012817383
12926,0.0047302246
12927,0.001281736
12928,-0.0006408687
12929,0.00027465634
12930,0.0013122573
12931,0.00024414156
12932,0.0012512216
12933,-9.313226e-10
12934,0.0001220759
12935,0.0013122577
12936,0.0007324256
12937,6.1035156e-05
12938,0.00024414435
12939,0.00097656064
12940,0.00024414062
12941,-3.0517578e-05
12942,0.00064086914
12943,-0.00018310733
12944,0.000946044
12945,1.8626451e-09
12946,-0.0013427753
12947,-0.0012512212
12948,-0.00073241955
12949,-0.0015563946
12950,-0.0018310561
12951,-0.0013122573
12952,-0.0011596669
12953,-0.0033874498
12954,-0.00085449114
12955,-0.0025024428
12956,0.0023498542
12957,-0.0024719238
12958,0.0038146973
12959,-0.0010070801
12960,0.002441406
12961,-0.0015258788
12962,0.0010681159
12963,-0.002746582
12964,0.00079345657
12965,-0.0006103512
12966,0.00057983433
12967,-3.0517404e-05
12968,0.0010375978
12969,-0.0007019043
12970,0.00033569348
12971,-0.0012817383
12972,0.0
12973,-0.0023498535
12974,0.00048828102
12975,-0.00051879906
12976,-0.00015258812
12977,0.000701904
12978,0.0007324219
12979,-0.00018310554
12980,0.00097656227
12981,0.0003967284
12982,-3.0517578e-05
12983,0.00012207031
12984,0.0013427734
12985,-0.00061035086
12986,0.0009460442
12987,-0.00018310384
12988,0.001983641
12989,-0.0008850093
12990,0.0014343248
12991,-0.0004882817
12992,0.00027465913
12993,-0.00018310314
12994,0.0014343238
12995,0.00036621187
12996,0.00033569336
12997,0.0001831036
12998,0.0002746638
12999,0.0015563937
13000,0.0016174307
13001,0.0025939909
13002,-0.0027160635
13003,-0.0026550312
13004,-0.004455565
13005,-0.0037231464
13006,-0.0022888193
13007,-0.0028076172
13008,-0.0025939932
13009,-0.0007629357
13010,-0.0006408673
13011,-3.0515715e-05
13012,0.0009155292
13013,-0.0027160626
13014,0.00042724982
13015,0.0014343243
13016,0.0010070829
13017,0.0021057127
13018,0.0016479522
13019,0.0013122539
13020,0.0019836447
13021,0.00042724522
13022,0.0016784673
13023,-0.00033569385
13024,0.0028381343
13025,-0.0010375967
13026,0.0010986323
13027,-0.0035705576
13028,-0.0018310538
13029,-0.0031433124
13030,-0.0023803674
13031,-0.0025634766
13032,-0.0029907208
13033,-0.001159668
13034,-0.0035705585
13035,-0.0015869141
13036,-0.001373291
13037,0.0003356915
13038,0.0017089862
13039,0.0011291467
13040,-0.00042724423
13041,0.0011291467
13042,0.001495365
13043,0.0016174298
13044,0.0028381366
13045,0.00061035156
13046,0.00030517858
13047,-0.0009765644
13048,0.00012206752
13049,0.0018615727
13050,0.00012207124
13051,0.0016174298
13052,0.0016174337
13053,0.0018310543
13054,0.001403807
13055,0.0010986323
13056,-0.0003356929
13057,0.00021362258
13058,0.002563478
13059,0.0035400381
13060,0.0026855473
13061,0.0005187988
13062,0.0013732896
13063,3.0518044e-05
13064,-0.0006408673
13065,-0.00054931943
13066,-0.0019836393
13067,-0.0008544921
13068,-0.0010070814
13069,-0.0005493171
13070,-0.0015869123
13071,-0.0021057148
13072,-0.0014648433
13073,-0.0012512215
13074,3.0518277e-05
13075,0.004730224
13076,0.0019531257
13077,0.0005798321
13078,0.0028381362
13079,-0.00021362328
13080,-0.00042724493
13081,-0.0021972652
13082,-0.0007629385
13083,0.0005493178
13084,0.0029602074
13085,0.0005187988
13086,9.15518e-05
13087,0.0009155278
13088,0.00094604446
13089,0.000122068916
13090,-0.0029602018
13091,0.00177002
13092,-0.0020751948
13093,0.00027465564
13094,-0.00061034784
13095,-0.00039672793
13096,-0.0008239737
13097,-0.0014038105
13098,-0.0021057122
13099,-0.0023803709
13100,-0.00015258766
13101,0.00079345587
13102,0.00064086914
13103,-0.00051879836
13104,-0.0012512207
13105,-0.0009460449
13106,-0.0021362305
13107,-0.0028076172
13108,-0.0014648438
13109,0.00097656203
13110,0.00057983026
13111,0.0013427744
13112,0.00253296
13113,-0.0018615685
13114,0.00030517438
13115,-0.00082397414
13116,0.0007629399
13117,-0.00027466007
13118,0.0010986314
13119,-0.0003356929
13120,0.0010375996
13121,0.0009155283
13122,0.0031433096
13123,0.0035095206
13124,0.0016174298
13125,0.002746582
13126,-0.00021362305
13127,-0.00042724423
13128,6.103609e-05
13129,-0.0004577674
13130,6.103609e-05
13131,0.0028991709
13132,0.0012817401
13133,0.0011596661
13134,0.0010376014
13135,0.0008850079
13136,0.00039673224
13137,0.0016479492
13138,0.0030212458
13139,0.003753662
13140,0.0019836463
13141,0.00018310547
13142,0.00079345517
13143,-0.00048828125
13144,-0.0020141583
13145,-0.0027770977
13146,-0.0016174316
13147,-0.0013427716
13148,-0.0021972684
13149,-0.0016784668
13150,-0.0034484873
13151,-0.0025939923
13152,-0.003112793
13153,0.00018310559
13154,-0.001586915
13155,-0.00024414004
13156,-0.0022583017
13157,-0.00039672665
13158,-0.0027160668
13159,-0.00030517345
13160,-0.0002746596
13161,-0.0007934561
13162,-0.0017700223
13163,-0.0020751934
13164,-0.0022888212
13165,-0.00064086914
13166,0.0016784677
13167,0.00015258882
13168,0.0015869122
13169,0.0018005378
13170,0.0014343271
13171,0.00057983375
13172,0.0016784666
13173,0.00015258975
13174,-0.00033569476
13175,-0.0012207013
13176,-0.0024414062
13177,-0.00036620907
13178,-0.00012207031
13179,-0.00048828078
13180,-0.0026245168
13181,0.00064086914
13182,0.0022583012
13183,0.0014648449
13184,0.000579832
13185,0.0019836428
13186,0.00015258754
13187,0.0028076181
13188,0.0009765625
13189,0.00036621094
13190,0.00030517508
13191,-0.00018310547
13192,0.0013122547
13193,0.00027465774
13194,-0.00036621187
13195,0.00042724633
13196,-0.00012207055
13197,-0.0010986322
13198,-0.00024414086
13199,-0.0011596687
13200,-0.0026855466
13201,0.00036621094
13202,-0.0011291509
13203,-0.0007934561
13204,-0.0017700205
13205,-0.0037841816
13206,-0.002960205
13207,-0.001068119
13208,-0.0010986328
13209,0.0006713839
13210,0.00085449126
13211,0.0020446763
13212,0.0008239774
13213,0.0005798321
13214,0.0007934584
13215,9.155134e-05
13216,0.0030822759
13217,0.0004272482
13218,0.0018920897
13219,0.00082397286
13220,0.0012512218
13221,0.00045776332
13222,0.0012817377
13223,0.00027465797
13224,0.001098633
13225,0.0016479497
13226,-0.004425048
13227,0.00097656064
13228,0.0041503906
13229,0.005065917
13230,0.0045776377
13231,-0.0036010735
13232,-0.012207031
13233,0.000640868
13234,0.009399414
13235,-0.004638672
13236,-0.0044555664
13237,0.0020141597
13238,0.0043029804
13239,0.00042724377
13240,-0.000885007
13241,-0.0009765648
13242,0.005584717
13243,-0.00030517997
13244,-0.003814695
13245,-0.00048828335
13246,0.0002441412
13247,-0.0021362312
13248,-0.0013122557
13249,3.0517578e-05
13250,-0.0013427734
13251,-0.002593995
13252,-0.0034790058
13253,-0.004211425
13254,-0.0037536658
13255,-0.002685545
13256,-0.0012817383
13257,0.00036621094
13258,0.0011596689
13259,-0.0009155264
13260,0.0034484854
13261,0.0021362281
13262,0.0022583017
13263,0.0012207027
13264,0.0013427737
13265,0.0011291503
13266,0.0020446782
13267,0.0020141597
13268,0.00030517543
13269,0.00073242304
13270,-0.0014953618
13271,-0.00042724516
13272,-0.002105712
13273,-0.0006713853
13274,-0.0011291518
13275,-0.0016174312
13276,-0.00012207404
13277,-0.0016784649
13278,0.0026550286
13279,0.0003967306
13280,0.0029907217
13281,0.0003967298
13282,0.002166747
13283,-0.0016784654
13284,0.0005493155
13285,-0.0027465806
13286,-0.00018310641
13287,0.0021667478
13288,0.0019836423
13289,0.0004577646
13290,-0.0006713872
13291,0.0029602037
13292,0.0026855483
13293,0.0001831043
13294,0.00036621233
13295,-0.0023803713
13296,-0.002105713
13297,-0.0017395036
13298,-0.00012206915
13299,-0.0014953616
13300,0.0016174315
13301,-0.00091552734
13302,0.0011901854
13303,-0.00042724633
13304,-0.00036621094
13305,-0.0010986328
13306,-0.0003356929
13307,-9.155413e-05
13308,0.0005493178
13309,-0.00082397694
13310,-0.0016784659
13311,-0.00054931594
13312,0.0006713872
13313,0.0006408681
13314,0.0018310561
13315,-9.313226e-10
13316,0.0010070801
13317,0.0005493171
13318,0.00018310559
13319,0.0013427736
13320,-0.00088500977
13321,-0.0016479489
13322,-0.0003356936
13323,0.0014038091
13324,0.00067138637
13325,0.0015563965
13326,-0.0005493169
13327,0.00012207031
13328,0.00027465727
13329,0.0006408701
13330,0.0034484863
13331,0.0022277841
13332,0.0027160626
13333,0.0025024414
13334,0.002166748
13335,0.0012512207
13336,-0.0003967248
13337,-0.0018615741
13338,-0.0013122577
13339,-0.0011901874
13340,-0.00042724796
13341,-0.00015258882
13342,0.0011291513
13343,-0.0011596708
13344,0.00027465727
13345,-0.00057983305
13346,3.0514784e-05
13347,-0.00073241955
13348,-0.0014953613
13349,-0.00088500883
13350,-0.00079345657
13351,0.0015869155
13352,-0.0018615727
13353,-0.00088500674
13354,-0.0026550302
13355,-0.00015258905
13356,-3.0518044e-05
13357,0.0001831071
13358,0.0005187988
13359,-0.0014648438
13360,0.00054931804
13361,-0.0004272461
13362,0.0010070789
13363,-0.0013122549
13364,0.0014648438
13365,3.0517578e-05
13366,0.0024719257
13367,-0.0004272475
13368,0.0013732903
13369,-0.0015869148
13370,-0.0013732908
13371,-0.0032043457
13372,-0.003326416
13373,-0.0026550312
13374,-0.0025024405
13375,-0.0031127948
13376,-0.0027160626
13377,-0.0015869141
13378,-0.0016784649
13379,-0.0008850079
13380,0.0004882794
13381,0.001373291
13382,0.0018310556
13383,0.00073242
13384,0.0030517583
13385,0.001983645
13386,0.0020446754
13387,0.00250244
13388,0.0008544931
13389,0.0010375974
13390,0.00039672805
13391,-0.00088501
13392,-0.0017700186
13393,0.0011596666
13394,-0.0014953595
13395,0.00057983166
13396,-0.0011901855
13397,0.0010681135
13398,0.0006103517
13399,0.0015869135
13400,0.00085449417
13401,3.0516647e-05
13402,-6.103527e-05
13403,0.00024414097
13404,-0.00045776388
13405,-0.0009460447
13406,0.0015258777
13407,0.0007324233
13408,0.002685545
13409,0.0032959003
13410,0.0029602041
13411,0.0010070791
13412,0.00067138486
13413,-0.0019836416
13414,0.0009155255
13415,0.00061035156
13416,0.0018310566
13417,0.001220705
13418,-9.155087e-05
13419,-0.0018615704
13420,-0.001251217
13421,-0.0009765644
13422,0.0011291541
13423,0.00045776088
13424,-0.0009155264
13425,-0.0022277846
13426,-0.0018920891
13427,-0.0011291527
13428,-0.00125122
13429,-0.0008850107
13430,-0.0016174323
13431,-0.0017700193
13432,-0.00079345796
13433,1.3969839e-09
13434,-0.0021667492
13435,3.0518742e-05
13436,-0.0007324222
13437,0.0018920895
13438,0.001770019
13439,0.0013732923
13440,-0.0003662121
13441,0.0017395022
13442,0.00024414039
13443,0.0005493162
13444,0.00045776367
13445,0.00045776414
13446,-0.0002441397
13447,-0.0005798332
13448,0.00064086914
13449,-0.0022277834
13450,-0.00039672875
13451,-0.0018615713
13452,-0.0016174316
13453,-0.00045776227
13454,-0.00067138765
13455,-0.0012512207
13456,0.00039672758
13457,-0.0010986319
13458,-0.0006713867
13459,0.0018310547
13460,0.00033569153
13461,0.0025329597
13462,0.0014038098
13463,0.0011291502
13464,0.0008850093
13465,0.001098633
13466,-0.0008239746
13467,-0.0004882822
13468,0.0014343252
13469,0.00033569243
13470,0.0028991695
13471,-0.000488285
13472,0.0017089876
13473,-0.0014648447
13474,0.0008850093
13475,-0.00030517858
13476,0.0008850093
13477,9.154994e-05
13478,-0.0002746582
13479,-0.0011291523
13480,-0.0028991704
13481,0.00039672852
13482,-0.0020141602
13483,0.00033569295
13484,-0.0005187988
13485,-0.00012207008
13486,-0.00021362258
13487,-0.0013122566
13488,-0.0020751944
13489,-0.0016174316
13490,-0.0015563942
13491,6.1035156e-05
13492,-0.0003356929
13493,0.0008239732
13494,0.00021362375
13495,0.00045776414
13496,0.00024414062
13497,0.0005187965
13498,-0.0007324221
13499,-0.0003967299
13500,0.0018005404
13501,0.0001525851
13502,-0.00082397554
13503,-0.000976563
13504,-0.001373292
13505,-0.0021362342
13506,-0.00036620628
13507,-0.0024719238
13508,0.001525878
13509,0.0011291532
13510,0.00021362118
13511,0.00067138765
13512,-0.00027465913
13513,-0.0016784649
13514,-0.0021057148
13515,-0.002166748
13516,-0.0017089881
13517,-0.00015258603
13518,0.0006408682
13519,0.0011901828
13520,0.0023193373
13521,0.0024719257
13522,0.0016479455
13523,0.00042724423
13524,0.0013732933
13525,0.0014648438
13526,0.0018920894
13527,0.0034484866
13528,9.15532e-05
13529,0.00030517508
13530,-0.00024414016
13531,0.0018310545
13532,-0.00036621094
13533,0.0004577638
13534,-0.0017089841
13535,-0.001586915
13536,-0.0014953606
13537,-0.0019226074
13538,-0.00076293806
13539,-0.0014038095
13540,0.00088501
13541,0.00027465727
13542,0.0018310556
13543,-0.00024414062
13544,-0.00015258742
13545,9.1552254e-05
13546,0.0004882815
13547,0.0022277832
13548,0.00024414074
13549,0.0005187987
13550,-0.0015258789
13551,-0.0007019042
13552,-0.0003356936
13553,0.00070190453
13554,0.0015869141
13555,-0.0007324219
13556,0.00250244
13557,1.8626451e-09
13558,0.0041503888
13559,0.0007324228
13560,0.0035705557
13561,-0.00070190616
13562,0.00039673038
13563,-0.0007629399
13564,0.00021362491
13565,-0.0011596689
13566,-0.0016784657
13567,-0.0018005365
13568,-0.002319334
13569,-0.0015563988
13570,-0.001983642
13571,-0.0021667462
13572,-0.002563478
13573,-0.0014343252
13574,-0.00021362584
13575,-0.0004272433
13576,-0.0012512226
13577,-0.00061035017
13578,0.00064086635
13579,0.0012512249
13580,0.0005493178
13581,0.0012512226
13582,0.00021362235
13583,0.0025024428
13584,0.0005798319
13585,0.00079345726
13586,0.00067138625
13587,0.0021057124
13588,0.0024719243
13589,0.0024414072
13590,0.0023498535
13591,0.00051879603
13592,0.0025634747
13593,0.0005187988
13594,0.00216675
13595,0.0004882794
13596,0.00015258603
13597,0.00054931454
13598,0.00036620907
13599,6.1035156e-05
13600,0.0005187951
13601,0.00076293945
13602,-0.0014038105
13603,-0.0005798312
13604,-0.001953126
13605,-0.00015258789
13606,-0.0022583017
13607,-0.002166747
13608,-0.0030822759
13609,-0.0043640127
13610,-0.0036315923
13611,-0.002532959
13612,-0.0011596708
13613,-0.0014648428
13614,-0.0006103525
13615,-0.0004577618
13616,0.00079345703
13617,-0.0016479483
13618,-0.00045776647
13619,9.155087e-05
13620,0.00036620907
13621,0.00051879697
13622,-0.000640871
13623,0.001129153
13624,0.0018615731
13625,0.0026855457
13626,0.00064086705
13627,0.0018920898
13628,-0.00088500837
13629,0.0023803706
13630,0.0006408701
13631,0.0028076163
13632,-0.00045776274
13633,0.002685545
13634,0.0024414053
13635,0.002532958
13636,0.0014343262
13637,0.0010070801
13638,0.00054931827
13639,-0.00070190616
13640,0.0007629413
13641,0.00042724237
13642,0.0011901855
13643,-0.0022277841
13644,-0.0008544889
13645,-0.0021972659
13646,-0.0020446763
13647,-0.0023803725
13648,-0.0024108887
13649,-0.0033874502
13650,-0.003326416
13651,-0.0033569364
13652,-0.002227787
13653,-0.0028076172
13654,-0.0003356943
13655,6.103376e-05
13656,0.0020141564
13657,0.0022277809
13658,0.003295898
13659,-0.00051879697
13660,-0.00039672852
13661,-0.00045776367
13662,0.00012206845
13663,-0.0017700186
13664,9.15518e-05
13665,-0.0018005362
13666,-0.00054931734
13667,-0.0014953632
13668,0.0010681171
13669,0.00036621094
13670,0.00045776227
13671,0.001892088
13672,0.0006103527
13673,0.0030822745
13674,0.00048828105
13675,0.0014038074
13676,6.103632e-05
13677,0.0022888165
13678,0.00241089
13679,0.0024719224
13680,0.002471923
13681,-0.0011596675
13682,-0.0008850121
13683,0.0005798349
13684,0.0012817378
13685,6.103888e-05
13686,-0.0017395038
13687,-0.0018615705
13688,-0.0024108894
13689,-0.00057983305
13690,-0.0023803732
13691,-0.0010375967
13692,-0.0027160654
13693,-0.00051879743
13694,0.00021362491
13695,0.0016479488
13696,-0.00021362305
13697,-0.00024414156
13698,-0.0013122545
13699,-0.0018310552
13700,-0.00030517532
13701,0.0015563976
13702,0.0014953625
13703,0.002532958
13704,0.00030517578
13705,-0.0007934561
13706,-0.0028381357
13707,-0.0032043457
13708,-0.0052185077
13709,-0.0068054125
13710,-0.0053405873
13711,-0.0042724498
13712,-0.0009460561
13713,0.00061033666
13714,6.103143e-05
13715,-0.0025024563
13716,-0.005218502
13717,-0.008636467
13718,-0.009765618
13719,-0.011108376
13720,-0.012664765
13721,-0.008666992
13722,-0.0060729682
13723,-0.0024414137
13724,-0.0016784668
13725,0.0011291504
13726,0.004272476
13727,0.0051879697
13728,0.008300815
13729,0.012725826
13730,0.0134887565
13731,0.014312752
13732,0.017334005
13733,0.018554665
13734,0.024505615
13735,0.025726318
13736,0.028747573
13737,0.028076172
13738,0.025970489
13739,0.020690903
13740,0.015197784
13741,0.0077209473
13742,0.002227798
13743,-0.004119873
13744,-0.0087890625
13745,-0.01272583
13746,-0.014678955
13747,-0.018188491
13748,-0.01635743
13749,-0.014129646
13750,-0.009948738
13751,-0.0047302023
13752,-0.004058853
13753,-0.00027463585
13754,6.1035156e-05
13755,0.002532959
13756,0.001892075
13757,0.0020446852
13758,-9.152293e-05
13759,-0.00045776367
13760,-0.002197273
13761,-0.0036010891
13762,-0.0058288462
13763,-0.00964356
13764,-0.010681163
13765,-0.011627196
13766,-0.0125122005
13767,-0.013000496
13768,-0.012451172
13769,-0.0143737905
13770,-0.012420632
13771,-0.0117492825
13772,-0.011291496
13773,-0.011077866
13774,-0.011413567
13775,-0.01278688
13776,-0.008300751
13777,-0.0049438626
13778,-0.0031433254
13779,-0.0028686523
13780,-0.0022277683
13781,-0.0054626614
13782,-0.0051574707
13783,-0.00048826635
13784,-0.00045779347
13785,-0.0001526177
13786,0.004547134
13787,0.00091552734
13788,-0.0021972656
13789,0.0019226149
13790,0.0036621168
13791,0.011932369
13792,0.021087639
13793,0.02536011
13794,0.021881118
13795,0.018371578
13796,0.015319816
13797,0.011596683
13798,0.005950925
13799,-0.00054931454
13800,-0.005950926
13801,-0.008728035
13802,-0.011749273
13803,-0.010467526
13804,-0.01138306
13805,-0.013824441
13806,-0.01776122
13807,0.012573245
13808,0.019439707
13809,0.01837158
13810,0.020721415
13811,0.0015258938
13812,0.008270249
13813,0.04431154
13814,0.029632568
13815,0.00045776367
13816,0.035522476
13817,0.040435776
13818,0.0023498684
13819,-0.0059814453
13820,0.01455687
13821,0.009460464
13822,0.001525864
13823,0.0034484863
13824,0.00045777857
13825,-0.006072983
13826,-0.00787352
13827,-0.010498017
13828,-0.01467897
13829,-0.016601548
13830,-0.016571034
13831,-0.01971433
13832,-0.023010243
13833,-0.023773165
13834,-0.022949226
13835,-0.022369387
13836,-0.020477295
13837,-0.019378658
13838,-0.01641848
13839,-0.015991181
13840,-0.012908943
13841,-0.012145996
13842,-0.008544922
13843,-0.008697495
13844,-0.007659897
13845,-0.006805435
13846,-0.0026855618
13847,-0.0047912598
13848,-0.0014953762
13849,-0.00479123
13850,-0.0018921047
13851,-0.0032653809
13852,0.00021360815
13853,-0.0015259087
13854,0.003326431
13855,0.0022277832
13856,0.0071105957
13857,0.006652802
13858,0.012115493
13859,0.013641335
13860,0.0143432915
13861,0.015930183
13862,0.016693115
13863,0.019653305
13864,0.01892091
13865,0.017456055
13866,0.015075691
13867,0.013275143
13868,0.011627208
13869,0.008941647
13870,0.008270249
13871,0.005523689
13872,0.0034179538
13873,-0.00070191175
13874,-0.0019226149
13875,-0.005859345
13876,-0.0046997257
13877,-0.0070190355
13878,-0.006286647
13879,-0.0066223107
13880,-0.0053100493
13881,-0.0049133133
13882,-0.001831064
13883,-0.0022888202
13884,-0.0011901855
13885,-9.154901e-05
13886,0.0015869066
13887,0.0029602125
13888,0.0032958984
13889,0.002868656
13890,0.0034179725
13891,0.0021972694
13892,0.0010986291
13893,-0.00070191175
13894,-0.0014343262
13895,-0.0026550274
13896,-0.002075201
13897,-0.0052185077
13898,-0.0050659133
13899,-0.006866455
13900,-0.0044555673
13901,-0.0053710965
13902,-0.0025329608
13903,-0.004638673
13904,-0.0032348633
13905,-0.004486084
13906,-0.0026245099
13907,-0.0033569317
13908,-0.00247192
13909,-0.0014038067
13910,-0.0021667462
13911,0.00033569522
13912,-0.00051879697
13913,0.0006713886
13914,-0.00146484
13915,0.00039672665
13916,-0.000579834
13917,0.0014953595
13918,0.001251217
13919,0.001586915
13920,0.0025939927
13921,0.0030212393
13922,0.004150387
13923,0.0023803734
13924,0.0037536612
13925,0.004394533
13926,0.0040283175
13927,0.0029296856
13928,0.004119873
13929,0.0030822754
13930,0.0021972656
13931,0.0009460449
13932,0.00021362305
13933,-0.00036621466
13934,-0.000122064725
13935,-0.0022582998
13936,-0.00289917
13937,-0.0034179697
13938,-0.0023193345
13939,-0.0013732933
13940,-0.0008239723
13941,-0.0016174349
13942,0.00036621187
13943,0.002624509
13944,0.0007629376
13945,0.001525878
13946,0.0016784668
13947,0.0011901855
13948,-3.0515715e-05
13949,0.0011291523
13950,-0.0029602076
13951,-0.0012817382
13952,-0.0035400365
13953,-0.00222778
13954,-0.0046081548
13955,-0.002746582
13956,-0.0050048847
13957,-0.0029907264
13958,-0.0031738281
13959,-0.0015258808
13960,-0.0009460449
13961,-0.0016174316
13962,6.1033294e-05
13963,0.00021362305
13964,0.0017394992
13965,0.0006408682
13966,0.0025634747
13967,0.0026245106
13968,0.0052490206
13969,0.0020751972
13970,0.0030212395
13971,0.0011291502
13972,0.0015869138
13973,0.00012207005
13974,0.0010681154
13975,-0.002197265
13976,-0.0012512212
13977,-0.0016479485
13978,-0.00033569383
13979,-0.00076293945
13980,-0.0004272447
13981,-0.000457766
13982,-0.002319334
13983,-0.0007629413
13984,-0.0003356915
13985,0.00012206845
13986,-0.0036621094
13987,-0.00216675
13988,-0.001373291
13989,-0.001525877
13990,-0.0022583008
13991,-0.0009155255
13992,-0.0017089844
13993,-0.00021362305
13994,0.0018005371
13995,0.0018615723
13996,-0.00030517578
13997,-0.00027465634
13998,-0.00061035156
13999,0.002197261
14000,0.0016174307
14001,0.003143312
14002,0.0018615711
14003,0.0039978013
14004,0.0015563963
14005,0.0026855473
14006,0.0010375981
14007,0.0018920903
14008,0.002502441
14009,0.0015563956
14010,0.0025024414
14011,0.00082397833
14012,0.002075201
14013,0.0014038123
14014,0.0019226084
14015,-0.0027465788
14016,-0.0021057124
14017,-0.0029602027
14018,-0.00088501023
14019,-0.00045776367
14020,0.0011596684
14021,-0.00039672898
14022,-0.00027465587
14023,-0.00091552874
14024,0.0022888184
14025,-0.0002441411
14026,0.0003662128
14027,-0.0009155269
14028,-0.00048828032
14029,-0.0012512205
14030,-0.00042724895
14031,-0.0007019036
14032,-0.0014648438
14033,-0.0016479486
14034,-8.1490725e-10
14035,0.00021362369
14036,-0.0010375978
14037,0.00051879906
14038,-0.00061035156
14039,-0.0014038088
14040,-0.00070190406
14041,-4.656613e-10
14042,3.051781e-05
14043,0.00067138765
14044,0.0007324222
14045,-9.15532e-05
14046,-9.1552385e-05
14047,-9.155285e-05
14048,-0.00073242176
14049,0.00082397443
14050,0.0002746581
14051,0.00064086914
14052,0.0013732905
14053,0.00079345796
14054,0.0023193331
14055,0.00021362444
14056,-0.00012207078
14057,0.00091552734
14058,9.1553666e-05
14059,0.00027465634
14060,0.0010375944
14061,0.0016174321
14062,-0.0008239765
14063,0.001678464
14064,-0.0016479488
14065,-0.00012207148
14066,-0.00213623
14067,-0.0008239739
14068,-0.0020141609
14069,-0.0010375977
14070,-0.0006408688
14071,-0.0010986326
14072,-0.00082397554
14073,-0.0010070791
14074,-0.00045776414
14075,-0.0012817375
14076,0.0007934574
14077,0.0010375985
14078,0.002838133
14079,0.0010070815
14080,0.0021362305
14081,0.00076294085
14082,0.0021972656
14083,0.000579834
14084,0.002044674
14085,0.0015869187
14086,-0.00079345517
14087,0.00070190616
14088,-0.0015258826
14089,-9.15532e-05
14090,-0.001586915
14091,-0.00033569336
14092,-0.0018920884
14093,6.103376e-05
14094,0.0007934584
14095,0.0009765597
14096,0.00082397554
14097,-0.0010986328
14098,-0.00048827846
14099,-0.00042724703
14100,0.0018615713
14101,0.0008544922
14102,0.0011901846
14103,-0.0013122559
14104,-0.0022888184
14105,-0.00076293945
14106,-0.0011596698
14107,6.103527e-05
14108,-0.0014953613
14109,-0.0022277841
14110,-0.0018005357
14111,-0.0020141602
14112,-0.0028381348
14113,-0.0016174288
14114,-0.0023498535
14115,-0.0029602032
14116,-0.0012206994
14117,-0.00021362118
14118,0.00036620907
14119,0.0010376023
14120,6.103609e-05
14121,0.0012817392
14122,0.0012817369
14123,0.0018310566
14124,0.0024414058
14125,0.0023498544
14126,0.0024719234
14127,0.0025329595
14128,0.0012207022
14129,0.001190187
14130,0.0020141592
14131,0.0020751934
14132,0.00039672665
14133,0.0014953613
14134,0.001159668
14135,0.0020141657
14136,-0.0011291504
14137,0.0005493164
14138,-0.0003662156
14139,-0.00042724516
14140,0.0003356943
14141,-0.0012207017
14142,-0.0012817411
14143,-0.0004272489
14144,-0.00192261
14145,0.00021362165
14146,-0.0017395031
14147,-0.0010375993
14148,-0.0012207036
14149,0.0014953611
14150,-0.0006408696
14151,0.001434326
14152,-0.002227782
14153,-0.0010681151
14154,-0.000976563
14155,-0.0018615709
14156,-0.0014953609
14157,-0.0039062495
14158,-0.00012207124
14159,-0.0026245127
14160,-0.001159667
14161,-0.002258299
14162,0.00042724982
14163,-0.0022277832
14164,0.0018920898
14165,0.0002441425
14166,0.0009765634
14167,0.0015869173
14168,0.0020141632
14169,0.0014953627
14170,0.0024108873
14171,0.0014038105
14172,0.00030517508
14173,0.0015563968
14174,0.00079345633
14175,-0.0013732896
14176,-0.0014953627
14177,-0.00088500744
14178,-0.0023193392
14179,-6.103609e-05
14180,-0.00012207404
14181,-0.0037841797
14182,-0.005615238
14183,0.003753665
14184,-3.051944e-05
14185,0.0064697266
14186,0.0078124986
14187,-6.1034225e-05
14188,-0.005096437
14189,0.0058288584
14190,0.0014343252
14191,0.0006713858
14192,0.0037841806
14193,0.0041809063
14194,0.00079345703
14195,6.103609e-05
14196,-0.0010681134
14197,-0.0034179688
14198,-0.002166749
14199,-0.00067138486
14200,-0.0006408682
14201,-0.0006103497
14202,-0.0023193369
14203,-0.0012207022
14204,-0.0011596689
14205,-0.00024413876
14206,-0.0022888193
14207,-0.0018005366
14208,-0.0015258794
14209,0.000579834
14210,0.00088501
14211,0.0014953623
14212,-9.155355e-05
14213,0.0003662107
14214,0.0016479496
14215,0.0010375974
14216,0.0010986323
14217,0.0010375958
14218,0.0023498535
14219,0.00061035063
14220,0.0010375998
14221,-0.00045776367
14222,-0.001983643
14223,-0.0025329597
14224,-0.0014343248
14225,-0.0022583005
14226,-0.0032348633
14227,-0.0015258784
14228,-0.00033569423
14229,0.0013732908
14230,0.0027465813
14231,0.0035705566
14232,0.0018005362
14233,0.0010681152
14234,0.0025024386
14235,0.0028686533
14236,0.0013122559
14237,0.0021972675
14238,0.0020141713
14239,0.0045471117
14240,0.007843025
14241,0.011413578
14242,0.009307861
14243,0.007690441
14244,0.003234882
14245,0.0028076246
14246,-0.0008239597
14247,-0.0038146898
14248,-0.0050354153
14249,-0.00915529
14250,-0.009155273
14251,-0.011749262
14252,-0.0099487305
14253,-0.01336671
14254,-0.0130920485
14255,-0.015777573
14256,-0.012481704
14257,-0.013549797
14258,-0.010101318
14259,-0.0068664774
14260,-0.0085143745
14261,-0.0048522726
14262,-0.0020446628
14263,-0.00082398206
14264,0.00045780838
14265,0.0036315545
14266,0.0029297173
14267,0.0054016076
14268,0.0055236965
14269,0.0066528134
14270,0.0057067946
14271,0.0053405873
14272,0.0040893555
14273,0.004058812
14274,0.0051269606
14275,0.004760733
14276,0.0030517485
14277,0.004821779
14278,0.0047302293
14279,0.0051574633
14280,0.0054626497
14281,0.005065916
14282,0.0018005343
14283,0.001617433
14284,-0.0010681185
14285,6.103655e-05
14286,-0.0004577639
14287,0.00112915
14288,0.00097656227
14289,0.0014648438
14290,0.003479004
14291,0.0032958966
14292,0.004425049
14293,0.0034179688
14294,0.0047302246
14295,0.004455574
14296,0.00439452
14297,0.0028991774
14298,0.0030212328
14299,0.0015258603
14300,0.0021362416
14301,0.0006103553
14302,-0.00051880255
14303,-0.00064086914
14304,-0.0008850135
14305,-0.0007629581
14306,-0.0012206882
14307,-0.002410883
14308,-0.0014038142
14309,-0.0039367694
14310,-0.004119871
14311,-0.004272461
14312,-0.003356934
14313,-0.003906252
14314,-0.0021362328
14315,-0.0030822752
14316,-0.00039672828
14317,-0.00097656227
14318,-0.0005187993
14319,-0.0004882822
14320,0.0004577646
14321,0.0012207031
14322,0.0022277832
14323,-0.00018310454
14324,0.0009155264
14325,0.0007324228
14326,0.00027465634
14327,0.0006103525
14328,0.00012206938
14329,0.00036620907
14330,0.0011596708
14331,0.00067138765
14332,0.0008544903
14333,0.00088500977
14334,0.0010375958
14335,0.0006103497
14336,0.00039672665
14337,0.0019836426
14338,0.0009460412
14339,0.0016174316
14340,0.0024414062
14341,-0.0018005371
14342,-0.0018005371
14343,-0.0014343206
14344,-0.003601076
14345,-0.0017089844
14346,-0.00073242
14347,-0.0005187951
14348,-0.00070190243
14349,0.0042114276
14350,0.0032959003
14351,0.0041198693
14352,0.0015869159
14353,0.0021972638
14354,-0.0016784649
14355,-0.0017700158
14356,-0.0028381348
14357,-0.0017089876
14358,-0.0028991685
14359,-0.002563476
14360,-0.0031738277
14361,-0.0038757296
14362,-0.0035705557
14363,-0.0041503934
14364,-0.0042419434
14365,-0.004974369
14366,-0.0025634784
14367,-0.002746584
14368,-1.8626451e-09
14369,-0.00048828125
14370,1.8626451e-09
14371,-0.0020446777
14372,-0.0022888165
14373,-0.0018615723
14374,0.0011901837
14375,0.0037841797
14376,0.0032348596
14377,0.0035705566
14378,-0.0010070819
14379,-0.0042114146
14380,-0.009521492
14381,-0.0011596531
14382,0.0069274902
14383,-0.0049438328
14384,-0.012603752
14385,-0.03128051
14386,-0.035064712
14387,0.016906742
14388,0.021881111
14389,0.015289303
14390,0.025817864
14391,0.021270745
14392,-0.011444088
14393,-0.016845718
14394,-0.03225706
14395,-0.030517593
14396,0.012451168
14397,0.058807373
14398,0.060394287
14399,0.041259706
14400,0.07159424
14401,0.08895874
14402,0.06060791
14403,0.022613585
14404,-0.013092101
14405,-0.054687545
14406,-0.058044426
14407,-0.04251097
14408,-0.049865745
14409,-0.05181884
14410,-0.046661377
14411,-0.024078347
14412,0.0049743652
14413,0.026397714
14414,0.018524155
14415,0.008056654
14416,0.0023498433
14417,-0.0048523024
14418,-0.020843498
14419,-0.037567154
14420,-0.046905532
14421,-0.050354004
14422,-0.042175293
14423,-0.030456543
14424,-0.016326904
14425,-0.0072936863
14426,0.006591812
14427,0.015228286
14428,0.02383425
14429,0.028411876
14430,0.03500367
14431,0.035919216
14432,0.034088135
14433,0.028472904
14434,0.016906746
14435,0.0044250563
14436,-0.007843025
14437,-0.016662605
14438,-0.02563478
14439,-0.024200432
14440,-0.019287117
14441,-0.0101623535
14442,-0.0024413988
14443,0.0058288574
14444,0.011779785
14445,0.016998323
14446,0.019104004
14447,0.020568827
14448,0.017333984
14449,0.013641365
14450,0.008361813
14451,0.0014343243
14452,0.0005798321
14453,-0.0010070829
14454,-0.003967288
14455,-0.004821779
14456,-0.003326416
14457,0.00033568963
14458,0.0024414062
14459,0.0054016076
14460,0.0021972656
14461,0.006195072
14462,0.005157478
14463,0.009277355
14464,0.008941658
14465,0.013000488
14466,0.0139160305
14467,0.015350372
14468,0.013214126
14469,0.007507324
14470,9.1545284e-05
14471,-0.0061950684
14472,-0.009765606
14473,-0.01580806
14474,-0.014007561
14475,-0.0127258375
14476,-0.0074157678
14477,-0.0043334886
14478,-0.00018309802
14479,0.00015258789
14480,0.0051574595
14481,0.004699696
14482,0.0049744025
14483,0.000946071
14484,-0.00036621466
14485,-0.0036926493
14486,-0.0031738207
14487,-0.007995613
14488,-0.0061035044
14489,-0.008575439
14490,-0.006683349
14491,-0.009124754
14492,-0.008453365
14493,-0.0071105957
14494,-0.0051879864
14495,-0.0036621094
14496,-0.003051756
14497,-0.0019836407
14498,-0.003479004
14499,-0.0034179613
14500,-0.0070495717
14501,-0.0042419247
14502,-0.006683372
14503,-0.002502419
14504,-0.004303001
14505,-0.004241932
14506,-0.0043335073
14507,-0.0026245043
14508,-0.002685558
14509,-0.0003662072
14510,0.0022888035
14511,0.0030822568
14512,0.004119884
14513,0.0036621056
14514,0.0031127632
14515,0.0032348447
14516,0.004638687
14517,0.005157469
14518,0.005065902
14519,0.006286622
14520,0.007324218
14521,0.00665283
14522,0.0079956055
14523,0.005065915
14524,0.0056152344
14525,0.003997801
14526,0.0041503888
14527,0.00045776367
14528,0.0012817364
14529,-0.00076293945
14530,-0.0019226093
14531,-0.00073242653
14532,-0.00088500883
14533,-0.0019836402
14534,-0.0029907208
14535,-0.0018615734
14536,-0.0017700202
14537,-0.00045776536
14538,-0.0005187979
14539,-0.0020446768
14540,-0.0028076181
14541,-0.005218504
14542,-0.0037231436
14543,-0.004333494
14544,-0.0023498517
14545,-0.002227785
14546,-0.0008850116
14547,-0.00057983585
14548,0.0017089825
14549,-0.00027465634
14550,0.0005188007
14551,0.0007324219
14552,0.0018310561
14553,0.0017700181
14554,0.003784181
14555,0.0013732899
14556,0.0031127948
14557,0.00091552746
14558,0.0025024428
14559,6.1033614e-05
14560,-3.0517112e-05
14561,0.00064086914
14562,0.00015258812
14563,-0.0013732915
14564,-0.00024414033
14565,0.0005798339
14566,0.0007019044
14567,3.0517112e-05
14568,0.0012817392
14569,0.0008544915
14570,0.0010986328
14571,0.0009460449
14572,0.0010986319
14573,0.0036010752
14574,0.0016479511
14575,0.0017700195
14576,0.0024414062
14577,0.002532959
14578,0.00247192
14579,0.0015258808
14580,-0.00036621094
14581,0.00085449405
14582,0.00033569522
14583,0.0006713867
14584,0.0016174316
14585,0.0010681171
14586,-0.0010070801
14587,-0.0007019043
14588,-0.0028686523
14589,-0.0023498544
14590,-0.0026550284
14591,-0.0037231417
14592,-0.0026245103
14593,-0.0016174349
14594,-0.0008544924
14595,-0.0015563967
14596,0.0004882815
14597,-0.0020141597
14598,-0.0006408676
14599,-0.0012512209
14600,-0.00076294015
14601,0.0015563956
14602,0.0007019036
14603,0.0018005352
14604,-0.00079345657
14605,0.0014648447
14606,0.0003967313
14607,0.0024108905
14608,0.00036621373
14609,0.0022277813
14610,0.0008544959
14611,0.0016174316
14612,-0.0006713867
14613,-0.00036620907
14614,-0.0007324219
14615,-0.00024414156
14616,-0.00021362584
14617,-0.0012207042
14618,-0.0027771005
14619,-0.003814694
14620,-0.0029296903
14621,-0.0036010738
14622,-0.0014038095
14623,-0.002746583
14624,-0.0018920898
14625,-0.0024719238
14626,-0.0008850116
14627,-0.0012207069
14628,-0.0004882831
14629,-0.0010375977
14630,0.00036621094
14631,0.00021362118
14632,-0.00036621466
14633,0.00091552455
14634,0.0009155264
14635,0.00244141
14636,0.0014343257
14637,0.001159668
14638,-0.001464847
14639,0.0032348651
14640,0.002960207
14641,0.0032653823
14642,0.0020446768
14643,0.0022583022
14644,0.003112792
14645,0.0009460426
14646,-0.00036621187
14647,-0.00213623
14648,0.0008544936
14649,-0.0010375978
14650,0.0003356929
14651,-0.0035705576
14652,-0.0024108877
14653,-0.0019226074
14654,-6.103498e-05
14655,0.000335693
14656,0.0015563963
14657,0.0020141609
14658,0.0008850093
14659,0.0008544929
14660,-0.0011291509
14661,-0.0011901858
14662,-0.00015258836
14663,-0.00015258702
14664,9.155227e-05
14665,0.00024414083
14666,-0.0003967286
14667,-0.00076293934
14668,0.00018310547
14669,-0.00064086926
14670,-0.0008239744
14671,-2.3283064e-10
14672,-0.00045776344
14673,0.00012206985
14674,3.051851e-05
14675,-9.1553666e-05
14676,-0.0011901837
14677,-0.00048828125
14678,-0.0022277841
14679,0.000579834
14680,-0.0016174344
14681,-6.103795e-05
14682,-0.002075198
14683,-0.00073242374
14684,-0.0026245154
14685,-0.00045775995
14686,-0.00073242374
14687,0.0006408682
14688,-9.155739e-05
14689,0.0008850107
14690,0.0019836416
14691,0.00091552595
14692,0.001068112
14693,0.0012512212
14694,-0.00067139
14695,0.0007934584
14696,0.0008239751
14697,0.00061035156
14698,-0.0010070815
14699,-0.0001525865
14700,-0.0011901883
14701,0.0008239709
14702,-0.0006713872
14703,-0.0002441397
14704,-0.0003356957
14705,-0.00067138905
14706,0.00057983305
14707,0.001922605
14708,0.0027465825
14709,0.0013122556
14710,0.00094604504
14711,0.0015563954
14712,0.00036621146
14713,9.155262e-05
14714,-0.00018310541
14715,-0.0011901857
14716,-0.00070190453
14717,0.00027465797
14718,-0.0021972659
14719,0.00048828113
14720,0.00024414039
14721,0.0009765626
14722,9.1552385e-05
14723,0.0013732914
14724,0.00067138684
14725,0.0014038086
14726,-0.0020751955
14727,0.0008239751
14728,-0.0015563965
14729,-0.0012512216
14730,-0.0027771015
14731,-0.0030517569
14732,-0.002166748
14733,0.00073242397
14734,0.0007934561
14735,0.0039367657
14736,0.0016784663
14737,0.004333497
14738,0.0031738305
14739,0.0029907217
14740,0.0014038095
14741,-0.00015258603
14742,-0.0005187988
14743,0.00033569383
14744,-0.00021362212
14745,-0.00033569103
14746,0.0002441425
14747,-0.0013122554
14748,-0.0014038086
14749,-0.0007629385
14750,-0.0016174316
14751,-0.00012207034
14752,-0.001983642
14753,6.103504e-05
14754,-0.0021057138
14755,0.00033569406
14756,-0.0020446787
14757,-0.00061035017
14758,-0.00012207008
14759,0.001556397
14760,-0.0013122561
14761,0.0010070815
14762,-0.0011596689
14763,-0.0003051745
14764,-0.00039672965
14765,0.001464844
14766,0.0017700202
14767,0.00012207101
14768,0.0016174307
14769,0.00082397554
14770,0.0020141592
14771,0.0010681171
14772,0.00253296
14773,0.0014953613
14774,0.0022888184
14775,0.0010986328
14776,-0.00018310547
14777,0.0015563983
14778,0.0010070838
14779,9.154901e-05
14780,-0.00039673038
14781,-0.001525878
14782,-0.0011901818
14783,-3.0521303e-05
14784,-0.0017700177
14785,-0.0020751962
14786,-0.003112793
14787,-0.0019836435
14788,-0.0015258769
14789,-0.0003662119
14790,-0.0010070802
14791,-0.00021362305
14792,0.0012817384
14793,0.0013122559
14794,3.0518044e-05
14795,-0.001953125
14796,-0.0010070802
14797,-0.0014953611
14798,0.00039672825
14799,-0.00085449195
14800,0.0019226068
14801,0.0010375979
14802,0.0014648442
14803,0.0022583003
14804,-9.155134e-05
14805,0.00027465646
14806,-0.0020446787
14807,-0.00079345657
14808,-0.0026245103
14809,-0.0011291513
14810,-0.0010681152
14811,0.0010375972
14812,-0.0029907245
14813,0.0006103534
14814,-0.0011291504
14815,-0.0015258789
14816,-0.00030517578
14817,0.0010070777
14818,0.0013427736
14819,0.00082397484
14820,0.0010986329
14821,0.0010986312
14822,0.0007019059
14823,0.0031127916
14824,0.0019226074
14825,0.0009460454
14826,9.1553666e-05
14827,0.001983643
14828,0.0026245136
14829,-0.00054931827
14830,0.00015258789
14831,-0.0021057108
14832,-0.00048828206
14833,-0.0030517583
14834,-0.00039672735
14835,-0.0031738274
14836,-0.0018920901
14837,0.00030517613
14838,0.0014343262
14839,0.0008544917
14840,0.0007019052
14841,0.0016479478
14842,-0.0015258775
14843,0.0027160645
14844,0.0011901855
14845,0.003967284
14846,0.002624508
14847,0.0018005334
14848,0.00018310547
14849,0.0013732892
14850,0.00012207031
14851,-0.00061035436
14852,-0.001556397
14853,-0.0029296905
14854,-0.0033264165
14855,-0.0030212407
14856,-0.002075194
14857,-0.0014953625
14858,-0.0020141597
14859,-2.3283064e-10
14860,-0.0005798333
14861,-0.0002746582
14862,0.0009765625
14863,0.000305176
14864,-0.0013427729
14865,0.00097656227
14866,0.0013427736
14867,0.0015258789
14868,0.0017395027
14869,-0.00039672875
14870,0.0002136234
14871,0.00018310477
14872,-0.000976563
14873,-0.0013122562
14874,-0.0004272455
14875,-0.0009155277
14876,9.155262e-05
14877,-0.00024414062
14878,3.0517462e-05
14879,-0.00036621094
14880,0.00012207033
14881,-0.0010986328
14882,0.0022277827
14883,0.0005493165
14884,0.0005187987
14885,0.0010070805
14886,0.0001831057
14887,-0.00048828096
14888,0.00048828102
14889,-0.0013732908
14890,-0.00045776367
14891,0.00027465774
14892,0.0007934575
14893,-4.656613e-10
14894,0.0022583003
14895,0.001342773
14896,0.0011291499
14897,0.0009765632
14898,-0.002319334
14899,-0.00061035156
14900,-0.002746583
14901,-0.001739502
14902,-0.0031738286
14903,-0.0004272461
14904,-0.003692626
14905,0.0
14906,-0.0031738244
14907,-0.0015869122
14908,-0.002532959
14909,-0.0023498535
14910,-0.00216675
14911,0.00036620907
14912,-0.0006408673
14913,-0.0008850116
14914,-0.0007629376
14915,-0.0005493164
14916,0.0011596661
14917,-3.0513853e-05
14918,0.0019226056
14919,0.0010681143
14920,0.0026245099
14921,0.0023498544
14922,0.0019531213
14923,0.0015563988
14924,0.0017700191
14925,0.0015258791
14926,0.0012512184
14927,0.0014648446
14928,0.0009460449
14929,0.0017089851
14930,-0.0007019043
14931,-0.0004577625
14932,-0.0006408682
14933,0.00085449126
14934,-0.0015869145
14935,-0.0017700186
14936,-0.0027160645
14937,-0.0009460412
14938,-0.0012512198
14939,-9.154994e-05
14940,-0.000579834
14941,-6.1032362e-05
14942,-6.1035156e-05
14943,0.00216675
14944,0.0018615731
14945,0.0035095224
14946,0.0019836435
14947,0.0029296866
14948,0.0012512226
14949,0.0017700177
14950,0.0018310556
14951,0.002838133
14952,0.0020751934
14953,0.0001831036
14954,0.0023803692
14955,-0.0005188007
14956,0.0010070782
14957,-0.0006713839
14958,-0.0021667513
14959,-0.002105711
14960,-0.001708983
14961,-0.0011291467
14962,-0.0024719248
14963,0.00073242374
14964,-0.0029602055
14965,-6.103539e-05
14966,-0.00012207008
14967,0.0012207034
14968,-0.00021362444
14969,0.0007324219
14970,0.0013732903
14971,-0.0018615723
14972,-0.00030517462
14973,-0.0018005371
14974,0.0007324208
14975,-0.00036621047
14976,-0.0009765626
14977,-9.155227e-05
14978,-0.0009460456
14979,-0.0005798335
14980,-0.0015869164
14981,0.00048828265
14982,-0.00216675
14983,-0.0011291467
14984,-0.0041503906
14985,-0.00045776274
14986,-0.00076294225
14987,0.00042724796
14988,-0.00082397554
14989,0.0004272489
14990,0.0009460435
14991,0.0013732901
14992,0.0029907206
14993,0.001800539
14994,0.00317383
14995,0.003997801
14996,0.003112794
14997,0.001831051
14998,0.0012512226
14999,0.0007934533
15000,0.00012207031
15001,0.0025329571
15002,-0.00021362118
15003,0.0017700214
15004,-0.00088500977
15005,0.0010681152
15006,-3.0515715e-05
15007,0.0021057148
15008,-0.0006713867
15009,-0.0018615695
15010,-0.0019836435
15011,-0.00073242234
15012,-0.0017394978
15013,-0.0012817401
15014,-0.00045776414
15015,-0.0014343256
15016,-0.003692626
15017,-0.0026550316
15018,-0.0023498517
15019,-0.0010070815
15020,6.103562e-05
15021,-0.0004272447
15022,-0.0013732929
15023,-9.1552734e-05
15024,6.1034225e-05
15025,-0.00039672805
15026,0.0007019029
15027,0.0013427767
15028,0.00021362258
15029,-0.0010375972
15030,-0.0003662114
15031,-0.001342773
15032,-0.00021362025
15033,-0.0013732887
15034,0.000183105
15035,-0.0002746596
15036,0.002166749
15037,0.0005493164
15038,0.0023193364
15039,-0.00057983585
15040,0.00012207031
15041,0.00064087124
15042,-0.0004272461
15043,-0.00082397484
15044,-0.000579834
15045,0.00033569313
15046,0.0005187994
15047,0.0012207036
15048,0.0016479492
15049,0.0031738281
15050,0.0015563965
15051,0.00051879976
15052,-0.00012206938
15053,-0.0007324228
15054,0.0006103497
15055,-0.0012207034
15056,-0.00024414062
15057,-0.00030517415
15058,0.00021362305
15059,0.0004882822
15060,0.00012206938
15061,-0.0018615721
15062,-9.15532e-05
15063,-0.00018310524
15064,0.0005798347
15065,0.0013732903
15066,-0.00021362281
15067,0.00051879743
15068,-0.0003662107
15069,0.00012207171
15070,-0.00064086635
15071,0.0021972642
15072,0.00051879836
15073,-0.00021362305
15074,-0.0008544929
15075,-0.0005493142
15076,-0.0013122552
15077,-9.15539e-05
15078,-0.00051879976
15079,-0.0022277827
15080,-0.0026855478
15081,-0.00543213
15082,-0.0010375977
15083,-0.00033569662
15084,0.00079345936
15085,0.0011596658
15086,0.0026550298
15087,0.0018615724
15088,0.0016174326
15089,0.0021362295
15090,0.0018310566
15091,0.0030822763
15092,0.002380373
15093,0.0029907217
15094,-9.155087e-05
15095,0.00079345657
15096,-0.001983639
15097,-0.0025634798
15098,-0.0026550293
15099,-0.0015869132
15100,-0.0010375965
15101,-0.0021972656
15102,-0.0021057143
15103,-0.0020751934
15104,-0.0021972656
15105,-0.00070190337
15106,0.0015258784
15107,-0.00030517578
15108,0.00033568963
15109,-0.0007019057
15110,-0.00027465867
15111,-0.00021362491
15112,0.0017700181
15113,-0.00079345517
15114,0.00097656227
15115,-0.0006408673
15116,0.0023498528
15117,0.00024414019
15118,0.001190184
15119,0.00057983585
15120,0.001708983
15121,0.00021362305
15122,0.0023803706
15123,0.002105712
15124,0.003387452
15125,0.003326416
15126,0.0020446759
15127,0.001434328
15128,-0.0030212402
15129,-0.0006713853
15130,-0.0032958982
15131,0.0002441418
15132,-0.0024108884
15133,-0.00601196
15134,-0.00631714
15135,-0.0027160589
15136,0.0058288425
15137,0.024017336
15138,0.021301258
15139,0.0061340407
15140,-0.00875853
15141,-0.030395512
15142,-0.034362793
15143,-0.022247307
15144,-0.0108947605
15145,-0.0013732873
15146,0.0043029897
15147,0.009765621
15148,0.013061534
15149,0.01550293
15150,0.0052490234
15151,0.0057678223
15152,0.0054016123
15153,0.010406496
15154,0.0044860803
15155,0.0044555664
15156,0.0030212402
15157,-0.0004882831
15158,0.001068119
15159,-0.0025024395
15160,-0.0017089825
15161,-0.0025939923
15162,0.0023498554
15163,0.00027466007
15164,6.103609e-05
15165,-0.0015869103
15166,-0.0059509287
15167,-0.0029296877
15168,-0.0037231436
15169,-0.0024719227
15170,-0.0035705573
15171,0.00082397414
15172,-0.0016174326
15173,-0.0011291513
15174,-0.0017700195
15175,-0.0020751953
15176,0.00082397275
15177,-0.0012207031
15178,0.00067138486
15179,-0.0013732901
15180,-0.00033569615
15181,-0.0023498517
15182,-0.0006713867
15183,-0.00064086914
15184,0.0016174326
15185,-0.00042724237
15186,0.0006103497
15187,0.0017089853
15188,0.001647952
15189,0.0025634745
15190,0.0022277837
15191,0.00445557
15192,0.0020141606
15193,0.00427246
15194,-0.00064087287
15195,0.0026550302
15196,0.0005187979
15197,0.0008850107
15198,-0.0007934561
15199,-0.0005187951
15200,-0.0011901846
15201,0.0014648456
15202,-0.00045776647
15203,0.0004882794
15204,0.00033569336
15205,-0.00042724516
15206,-0.001953125
15207,-0.001342773
15208,-0.004882812
15209,-0.0036926293
15210,-0.0030822763
15211,-0.00027465913
15212,-0.00445557
15213,0.0009155292
15214,-0.0018920908
15215,0.00045776274
15216,-0.0007324219
15217,0.0029907227
15218,0.00070190313
15219,0.0021972656
15220,0.0015258796
15221,0.0010070803
15222,0.0015258803
15223,0.001617431
15224,0.002166748
15225,3.0518044e-05
15226,-0.0003662114
15227,-0.0009460449
15228,-0.0032043457
15229,-0.002380372
15230,-0.0036315927
15231,-0.001495365
15232,-0.0005493164
15233,-0.00036621094
15234,-0.0012817383
15235,0.0010681152
15236,-0.0030517597
15237,1.8626451e-09
15238,0.0013427734
15239,-0.003051756
15240,0.003082275
15241,-0.00021361979
15242,0.0029907222
15243,0.0003967318
15244,0.004364013
15245,0.00021362281
15246,0.006866455
15247,-0.000549315
15248,0.00027465634
15249,0.0011901855
15250,0.0011596689
15251,-0.000457766
15252,0.0004882822
15253,0.0030822763
15254,-0.0025329567
15255,0.001647946
15256,-0.0032043448
15257,0.0019226037
15258,-0.0010070789
15259,-9.155413e-05
15260,-0.0016479474
15261,-0.0005188002
15262,0.0003051767
15263,-0.00039672956
15264,3.0517695e-05
15265,-0.0011291504
15266,0.0012817386
15267,-0.0016479499
15268,0.00030517625
15269,-0.003570557
15270,-0.0020141616
15271,-0.0016174326
15272,-0.0007629404
15273,-0.0028381357
15274,0.0012207027
15275,0.0003356943
15276,0.00085448904
15277,0.003112793
15278,0.0030822754
15279,0.0009765639
15280,0.003295896
15281,0.00036621187
15282,0.00048828032
15283,0.0006713886
15284,0.0016174298
15285,0.0014648456
15286,0.0038757343
15287,-0.0006713886
15288,0.002380371
15289,0.00094604306
15290,0.0008850079
15291,0.0010986328
15292,0.0004577646
15293,-0.0016784668
15294,-0.002685544
15295,0.00024414342
15296,-0.0024719245
15297,-0.0008544915
15298,-0.002807617
15299,-0.0031738267
15300,-0.0018920887
15301,-0.00036621105
15302,-0.0015563971
15303,0.0018615724
15304,0.00042724668
15305,-0.00012207101
15306,-0.00061035133
15307,0.0014648435
15308,-0.002380371
15309,0.0016784682
15310,-0.0007934575
15311,0.0034179697
15312,-8.1490725e-10
15313,-0.0005493169
15314,-0.003082275
15315,-0.00033569185
15316,0.0003662099
15317,-0.00048828125
15318,0.00045776414
15319,-0.002960206
15320,0.00024414062
15321,-0.0032043448
15322,-0.0009765644
15323,-0.002471921
15324,0.00015258603
15325,-0.0023803692
15326,0.0016174316
15327,-0.000671383
15328,0.00070190337
15329,0.00033569336
15330,-0.0010070791
15331,0.0006713867
15332,0.0005798341
15333,0.0038452158
15334,0.0030517578
15335,0.004852294
15336,0.0038757334
15337,0.0038757324
15338,0.002227785
15339,0.0019836407
15340,-3.0515715e-05
15341,-0.00070190616
15342,0.0009765662
15343,0.00091552734
15344,-0.00015258696
15345,-0.0010376005
15346,-0.002075193
15347,-0.0024414072
15348,-0.004028321
15349,-0.0036926265
15350,-0.0023498526
15351,-0.0012817392
15352,0.00021362305
15353,0.0010986319
15354,-0.00045776274
15355,-0.0029602041
15356,-0.004119872
15357,-0.0047302227
15358,-0.0040588398
15359,-0.0014038105
15360,-0.00054932013
15361,0.0011291467
15362,0.0017700158
15363,0.001831051
15364,-0.0025024433
15365,-0.00091553107
15366,-0.0002441397
15367,0.0015258784
15368,0.0026550284
15369,0.005523681
15370,0.0039367704
15371,0.0026245108
15372,0.0037231473
15373,0.00390625
15374,0.0021667508
15375,-0.00088500883
15376,0.0016174326
15377,-0.00036621187
15378,-0.00289917
15379,-0.004760742
15380,-0.0038757343
15381,-0.002655028
15382,0.0004272433
15383,0.0006713886
15384,-0.008392336
15385,-0.010864256
15386,-0.0025024395
15387,0.005645753
15388,0.0070495605
15389,0.004272463
15390,-0.00079345517
15391,-0.004302973
15392,-0.0038757306
15393,-0.0021362267
15394,-0.0006713886
15395,0.0021057166
15396,0.001953126
15397,0.0026550312
15398,0.002166749
15399,0.003753663
15400,0.0035400363
15401,0.0062561044
15402,0.0029907217
15403,0.0027465848
15404,0.0011901855
15405,-0.0014343262
15406,-0.0004882794
15407,0.00018310826
15408,0.001373291
15409,0.0023498554
15410,0.0041503906
15411,0.005584717
15412,0.0047302246
15413,0.0021362305
15414,0.0010681152
15415,-0.0030212412
15416,-0.0074768076
15417,-0.0054626474
15418,-0.004394533
15419,-0.004486082
15420,-0.005218505
15421,-0.0033569317
15422,-0.0072936974
15423,-0.0040588398
15424,-0.0038146954
15425,0.00076293945
15426,-0.00045776367
15427,0.005523676
15428,-0.0008239597
15429,-0.0058593825
15430,-0.0055846907
15431,-0.012420647
15432,-0.012084961
15433,-0.010681152
15434,-0.017242447
15435,-0.0119629055
15436,-0.005432129
15437,0.003723152
15438,-0.008575447
15439,0.010772705
15440,0.0041808747
15441,0.014862051
15442,0.009948734
15443,0.022674566
15444,0.01553344
15445,0.027526863
15446,0.022766113
15447,0.028533943
15448,0.025329605
15449,0.026977554
15450,0.0274048
15451,0.023803726
15452,0.018737793
15453,0.014160156
15454,0.004211411
15455,-0.00015260279
15456,-0.013061553
15457,-0.009368926
15458,-0.022918716
15459,-0.014862083
15460,-0.025634773
15461,-0.014312763
15462,-0.024505612
15463,-0.012481701
15464,-0.016876224
15465,-0.0065002516
15466,-0.009887688
15467,-0.0026550256
15468,-0.0035400428
15469,-3.051944e-05
15470,-0.0020141602
15471,0.004913328
15472,-0.0007324219
15473,0.0033569336
15474,0.002960205
15475,-0.0016479511
15476,0.0027770987
15477,-0.008666995
15478,-0.004455569
15479,-0.009674076
15480,-0.0133666955
15481,-0.0074462816
15482,-0.020446774
15483,-0.0063781515
15484,-0.024078384
15485,-0.0031738058
15486,-0.02734372
15487,0.0038757473
15488,-0.021972641
15489,0.004150361
15490,-0.01354982
15491,0.0002746284
15492,-0.009429947
15493,-0.0041504204
15494,-0.0008239895
15495,-0.007446319
15496,0.0032958835
15497,0.002899155
15498,0.0032348782
15499,0.010314934
15500,0.012115493
15501,0.009094246
15502,0.012329128
15503,0.016296394
15504,0.0056457706
15505,0.015777571
15506,0.008331319
15507,0.01623535
15508,0.007293704
15509,0.015075676
15510,0.010070809
15511,0.004943844
15512,0.0025939941
15513,0.012664791
15514,-0.00027465075
15515,0.010406479
15516,-0.011810286
15517,0.008575428
15518,-0.010498032
15519,0.009307858
15520,-0.0037536472
15521,0.0005798228
15522,0.002807632
15523,9.153038e-05
15524,0.018402115
15525,-0.013824485
15526,0.009094238
15527,0.0060424656
15528,0.017730739
15529,0.004089363
15530,-0.0036316067
15531,-0.0021057501
15532,-0.0015869252
15533,0.0077514574
15534,-0.015197728
15535,-0.017547607
15536,0.00619507
15537,-0.0056457687
15538,-0.014129626
15539,-0.012054456
15540,0.0006713923
15541,-0.01159668
15542,-0.011993406
15543,0.006652831
15544,-0.012237549
15545,0.008605957
15546,-0.0029296903
15547,0.017089844
15548,-0.008422848
15549,0.018127441
15550,-0.00894165
15551,0.008636475
15552,0.002777107
15553,0.007751461
15554,0.00024415925
15555,0.0066833384
15556,0.008026142
15557,0.0083923265
15558,0.004943855
15559,0.005218506
15560,0.005737327
15561,-0.010284442
15562,0.0063171685
15563,-0.01620483
15564,0.003814688
15565,-0.017120361
15566,0.0023803758
15567,-0.025848407
15568,0.0010376126
15569,-0.025482189
15570,-0.0071105845
15571,-0.021575928
15572,-0.010436997
15573,-0.017974854
15574,-0.0065307617
15575,-0.013519332
15576,-0.0046081394
15577,0.0010985881
15578,-0.0031432658
15579,0.0095519945
15580,0.0024719164
15581,0.01373291
15582,0.0007934794
15583,0.013458237
15584,-0.0062255412
15585,0.0051879957
15586,-0.0061950684
15587,-0.0039977804
15588,-0.008789033
15589,-0.0040283278
15590,-0.008026078
15591,-0.001251176
15592,-0.004058823
15593,-0.0018615723
15594,6.1027706e-05
15595,-0.0010375977
15596,0.008972183
15597,-0.00076292455
15598,0.013000492
15599,0.00039670244
15600,0.020629887
15601,0.0043640025
15602,0.022888191
15603,0.008453369
15604,0.02127077
15605,0.0066833347
15606,0.020812996
15607,0.008483879
15608,0.016113274
15609,0.017883286
15610,0.010101303
15611,0.016693085
15612,0.012176484
15613,0.012268066
15614,0.009094223
15615,0.006225571
15616,0.0061645657
15617,0.0021972507
15618,0.00079347193
15619,-0.0010376126
15620,-0.009338364
15621,-0.0056152344
15622,-0.010314897
15623,-0.008300796
15624,-0.017059322
15625,-0.015441887
15626,-0.014984127
15627,-0.008636467
15628,-0.017608628
15629,-0.008178711
15630,-0.011535654
15631,-0.011199944
15632,-0.007507326
15633,-0.008209225
15634,-0.0074157696
15635,-0.009307861
15636,-0.0057678223
15637,-0.0048217885
15638,-0.0019531175
15639,0.0003051646
15640,0.004699722
15641,-0.0043640286
15642,0.004363995
15643,-0.003021244
15644,0.0039978214
15645,-0.001251217
15646,0.0024414062
15647,0.0026245117
15648,-0.00244141
15649,0.0054626483
15650,0.0028076153
15651,0.0010986328
15652,0.0021972647
15653,0.004913331
15654,-0.0012207022
15655,0.006591795
15656,0.003051758
15657,0.009552005
15658,-0.0023498535
15659,0.0050353995
15660,-0.00070190243
15661,0.004333497
15662,-0.004852291
15663,0.010040287
15664,-0.00146484
15665,0.0058898907
15666,-0.0033264142
15667,0.00839233
15668,-0.004425047
15669,0.004425045
15670,-0.0007018987
15671,0.0014343187
15672,-0.0019531194
15673,0.0012512188
15674,-0.003051756
15675,-0.0019531306
15676,0.001281742
15677,-0.0017395001
15678,0.0007629404
15679,-0.005493164
15680,-0.0025024423
15681,-0.0063476553
15682,-0.0049438467
15683,0.00045776833
15684,-0.0076293973
15685,-0.0019226056
15686,-0.008148193
15687,0.00030517392
15688,-0.0052490234
15689,0.0043640127
15690,-0.0010375967
15691,0.008422852
15692,0.0020446787
15693,0.0016784645
15694,0.001434326
15695,-0.0012207017
15696,0.003112794
15697,0.0005798324
15698,0.0053710956
15699,-0.0009765634
15700,0.00012207031
15701,0.0013427725
15702,0.0036621122
15703,-0.0013732936
15704,0.006866458
15705,-0.0043334994
15706,-0.005065916
15707,-0.004272463
15708,-0.0017089806
15709,-0.008239746
15710,-0.005554201
15711,0.00045776553
15712,0.0059814453
15713,-0.001464847
15714,0.0006103525
15715,0.0027771005
15716,0.003479002
15717,-0.0037231436
15718,0.0025939923
15719,-0.0018310566
15720,-0.0045776404
15721,-0.009735109
15722,0.003051755
15723,0.0018310548
15724,0.007965085
15725,0.005859378
15726,0.004577635
15727,0.00073242094
15728,-0.00024414097
15729,0.0021057124
15730,-0.000427246
15731,-0.0018310528
15732,0.0008544917
15733,-0.0033569336
15734,-0.0050048847
15735,-0.0032043457
15736,-0.0046081543
15737,0.00082397833
15738,0.00045775995
15739,-0.0011291504
15740,0.001831051
15741,-0.002593996
15742,-0.0016784668
15743,-0.0016174335
15744,-0.0010070801
15745,0.00051879697
15746,-0.0018310547
15747,-0.003326416
15748,-0.0046081543
15749,0.0019836435
15750,0.0042419434
15751,0.012512208
15752,0.006378173
15753,0.00054931454
15754,-0.013305665
15755,-0.0014648448
15756,0.0057373038
15757,0.00881958
15758,0.010742187
15759,0.0013427734
15760,0.0014343243
15761,0.0026855487
15762,0.0032043438
15763,0.0033264179
15764,0.00039672852
15765,0.0017395038
15766,-0.0009460468
15767,-0.0012512188
15768,0.00021362305
15769,0.002685545
15770,-0.0026855469
15771,0.0008544903
15772,-0.0011291523
15773,0.0065002423
15774,-0.008239745
15775,-0.0011901883
15776,-0.017486572
15777,-0.0067138663
15778,-0.005615235
15779,0.017700195
15780,-0.011230471
15781,0.00018310873
15782,-0.0065002423
15783,0.0069885263
15784,0.001464841
15785,0.00656128
15786,0.0033569308
15787,0.0036010733
15788,-0.0010376005
15789,0.00082397554
15790,-0.0014343271
15791,0.0018920889
15792,3.0515715e-05
15793,0.0022277795
15794,-0.00079345517
15795,0.0037231464
15796,0.0031738319
15797,-0.0013427716
15798,0.0043029822
15799,-0.0025939923
15800,-0.0023803692
15801,-0.012237547
15802,-0.010894779
15803,-0.011322018
15804,0.0031433105
15805,0.004394533
15806,-0.006683344
15807,-0.005371105
15808,-0.0066528283
15809,-0.002838146
15810,0.0019531269
15811,0.006988531
15812,0.0044555794
15813,0.003540025
15814,-0.0020751907
15815,0.0041809073
15816,0.0023193387
15817,0.0031433087
15818,0.0029907217
15819,0.0014038058
15820,0.004699708
15821,0.0059204074
15822,0.0066833515
15823,0.0033874512
15824,0.0047302246
15825,-0.0020446777
15826,0.0004272461
15827,-0.0047912626
15828,-0.003601076
15829,-0.0045776335
15830,-0.0038757334
15831,-0.0030822787
15832,-0.0035095243
15833,-0.0024719238
15834,-0.005004883
15835,-0.0026550293
15836,0.00045776553
15837,-0.0019836444
15838,0.0022888165
15839,-0.00024414156
15840,-0.0005798312
15841,0.0026245124
15842,0.0039062495
15843,0.002593994
15844,0.0016479478
15845,-0.0010986319
15846,0.0032653818
15847,-0.0020141604
15848,-0.0002746589
15849,0.00085449195
15850,0.0013732912
15851,0.0028076172
15852,0.0012207045
15853,0.002380372
15854,-9.15518e-05
15855,0.000885007
15856,-0.0032348623
15857,0.0028991709
15858,-0.0019836426
15859,0.004608157
15860,0.00024413783
15861,0.0036315918
15862,0.0018615704
15863,-0.0015258822
15864,0.001525878
15865,-0.004882812
15866,-0.0036315946
15867,-0.00390625
15868,-0.0017089846
15869,-0.0010070805
15870,-0.00091552804
15871,0.0012512216
15872,0.0030517587
15873,0.0018920889
15874,0.0003051767
15875,0.0025634756
15876,-0.0028076181
15877,0.002288818
15878,-0.00024414132
15879,-0.00012207264
15880,-0.0022583005
15881,-0.0016479493
15882,-0.0016174316
15883,-0.000823976
15884,-0.0011901851
15885,-0.0020446773
15886,-0.00177002
15887,-0.00030517625
15888,-0.0014343257
15889,0.0006103496
15890,0.0019226084
15891,0.001098633
15892,0.0013732901
15893,-0.0008544915
15894,0.0004577646
15895,-0.00039672945
15896,-0.0022583005
15897,-0.0014343258
15898,0.0025024419
15899,-0.000122070196
15900,0.004882812
15901,-0.00048828195
15902,0.003723146
15903,-0.0019836435
15904,-3.0516414e-05
15905,-0.0019226079
15906,0.00073242164
15907,0.00036621094
15908,0.0004882823
15909,-0.0011596686
15910,0.0004272461
15911,-0.0016174316
15912,-0.003295898
15913,-0.0016174316
15914,-0.0014343259
15915,-0.00051879976
15916,0.0041198703
15917,0.0055236826
15918,0.0037536616
15919,-0.0017700181
15920,-0.0012207036
15921,-0.0008239746
15922,0.0019226037
15923,0.002990724
15924,-0.00079345563
15925,-0.0038146991
15926,-0.00628662
15927,-0.0055236816
15928,-0.007324217
15929,-0.0029602014
15930,-0.0018615704
15931,0.0002441425
15932,-0.0003356915
15933,0.0040893573
15934,0.00021362305
15935,0.0018310584
15936,-0.000305173
15937,9.1552734e-05
15938,0.00354004
15939,0.0049743676
15940,0.0049438467
15941,0.0035095229
15942,0.0029907227
15943,0.0006408701
15944,0.0024719248
15945,-3.0517462e-05
15946,-0.0038146982
15947,-0.004211425
15948,-0.0002441383
15949,0.0016174326
15950,0.0017395034
15951,0.0031738272
15952,-0.0010681155
15953,-0.00021362491
15954,-0.0018920896
15955,-0.0022888177
15956,-0.0020751953
15957,-0.0014648438
15958,-0.0018310547
15959,0.00064086955
15960,1.1641532e-09
15961,0.0018920903
15962,0.0010070788
15963,-0.0029907217
15964,0.0026550293
15965,0.0016174316
15966,0.0020446777
15967,0.0019531252
15968,0.0001831064
15969,-0.0021057134
15970,-0.0034179697
15971,-0.00015258748
15972,-0.0008544918
15973,0.0029602044
15974,-0.00061035133
15975,0.00201416
15976,-6.1034923e-05
15977,0.00048828113
15978,-0.0012207031
15979,0.00012207008
15980,-0.0014343259
15981,-0.000305176
15982,0.0021667485
15983,0.00033569336
15984,0.0026855473
15985,-0.0018615725
15986,-0.001434326
15987,-0.004394532
15988,0.00054931734
15989,-0.0017700208
15990,0.0025939946
15991,-0.0005187988
15992,0.005187989
15993,-0.0007324233
15994,0.00024414167
15995,-0.002380372
15996,-0.0014343264
15997,-0.002044678
15998,0.0008544931
15999,-0.0015869142
16000,0.002105712
16001,-0.0002136241
16002,0.0033569331
16003,-0.002655028
16004,0.00088500837
16005,-0.002868651
16006,-0.00021362538
16007,-0.0011901855
16008,-0.00091553014
16009,-0.0008239751
16010,-0.001983644
16011,0.0024414058
16012,-0.0005187988
16013,0.0027770987
16014,-0.0012512221
16015,0.0022888188
16016,0.0010681159
16017,0.003784181
16018,-0.0012512223
16019,0.0013122573
16020,-0.0014953618
16021,-0.0018310552
16022,0.0015258782
16023,0.001892091
16024,-0.002197266
16025,0.0012817385
16026,-0.0033874507
16027,0.0013732896
16028,-0.0009765611
16029,0.0047302227
16030,0.0011291523
16031,0.0015563956
16032,-0.00027465634
16033,0.00027465727
16034,-0.0024414035
16035,0.00024413929
16036,-0.0036926274
16037,0.0014648428
16038,-0.0026245099
16039,-0.0013427744
16040,-0.0039978
16041,-0.0017089853
16042,-0.0029602023
16043,0.00097656157
16044,9.1552734e-05
16045,-6.103609e-05
16046,-0.0006713858
16047,-0.0021972656
16048,-0.0028076172
16049,0.00015258789
16050,-0.002746582
16051,0.0013732892
16052,-0.0010070791
16053,0.0064086905
16054,-0.00024414062
16055,0.0056762714
16056,-0.006591798
16057,0.0015258784
16058,-0.003967284
16059,0.007415773
16060,0.004241944
16061,0.0046691895
16062,0.0037841802
16063,0.000946044
16064,0.0029602032
16065,-0.0036315909
16066,0.0035705562
16067,-0.0018615724
16068,-0.00073242513
16069,-0.006195068
16070,-0.0047302237
16071,-0.005584716
16072,0.0001831057
16073,0.001678467
16074,0.002380372
16075,0.0072631817
16076,0.002441411
16077,0.00753784
16078,0.00088501256
16079,0.0021362295
16080,-0.0012207031
16081,-0.005493167
16082,0.00253296
16083,-0.008789062
16084,-0.00057983305
16085,-0.0063476567
16086,0.0030212398
16087,-0.0035400388
16088,0.004364013
16089,0.0002746582
16090,0.0077514662
16091,0.0033874484
16092,0.0021362323
16093,-0.00018310733
16094,-0.005554201
16095,3.05149e-05
16096,-0.005004883
16097,0.0015869131
16098,-0.010559084
16099,0.0036315895
16100,-0.0037231445
16101,0.0079956055
16102,-0.012817379
16103,-0.0032958984
16104,-0.022796627
16105,-0.015045166
16106,0.0044250493
16107,0.0061340295
16108,0.02685548
16109,0.0489807
16110,0.010040287
16111,-0.03744507
16112,-0.045410145
16113,-0.039825425
16114,-0.0203247
16115,0.01922607
16116,0.053894043
16117,0.067657456
16118,0.063690186
16119,0.0663147
16120,0.07406616
16121,0.04852292
16122,-0.0038757324
16123,-0.04013066
16124,-0.059173584
16125,-0.056304935
16126,-0.032226566
16127,-0.01776125
16128,-0.026336674
16129,-0.030395523
16130,-0.023345947
16131,-0.00073241256
16132,0.007415764
16133,0.011260986
16134,0.013793946
16135,0.003570551
16136,-0.014404286
16137,-0.020874023
16138,-0.04943846
16139,-0.053710938
16140,-0.06173706
16141,-0.036224335
16142,-0.024963379
16143,-0.0005187541
16144,0.012298599
16145,0.032226566
16146,0.044464126
16147,0.04321291
16148,0.042266846
16149,0.025573744
16150,0.026092546
16151,0.011077868
16152,0.007568366
16153,-0.0064697247
16154,-0.010009766
16155,-0.023345962
16156,-0.025909416
16157,-0.029083282
16158,-0.025054932
16159,-0.0045776404
16160,0.009643547
16161,0.023406995
16162,0.024719257
16163,0.031585693
16164,0.028320309
16165,0.02700806
16166,0.016754158
16167,0.007141106
16168,-0.00091551244
16169,-0.009216284
16170,-0.01266478
16171,-0.020019544
16172,-0.011566156
16173,-0.01171875
16174,-0.00033568917
16175,-0.002227787
16176,0.0035705622
16177,0.0066223033
16178,0.0113525465
16179,0.015380833
16180,0.014404312
16181,0.015838608
16182,0.010986328
16183,0.0105896
16184,-0.001403831
16185,-0.0033569224
16186,-0.009857178
16187,-0.013641344
16188,-0.01422119
16189,-0.011962872
16190,-0.010650648
16191,-0.0013427604
16192,-0.0014343262
16193,0.0063171387
16194,0.00039672852
16195,0.0020141602
16196,-0.001739502
16197,0.0017089844
16198,-0.0016784687
16199,-0.002777101
16200,-0.0045471205
16201,-0.0059204134
16202,-0.009155275
16203,-0.010894777
16204,-0.004699709
16205,-0.005554199
16206,-0.00067139044
16207,-0.0066223107
16208,-0.0024108998
16209,-0.0030517466
16210,-0.00091552734
16211,0.0011596605
16212,0.0013122596
16213,-0.00030518323
16214,-0.0018615723
16215,-0.0038452148
16216,-0.0007629432
16217,0.0007324144
16218,0.00051881
16219,0.0065002386
16220,0.0014648512
16221,-0.0024108961
16222,-0.007873531
16223,-0.003631588
16224,-0.0030212514
16225,0.0021667443
16226,0.00091554224
16227,0.0024108961
16228,-0.00064089894
16229,0.0031127818
16230,0.005188005
16231,0.0030212458
16232,0.0061035007
16233,0.0010375977
16234,0.0034484863
16235,0.0002746582
16236,0.0027160682
16237,-0.0032959022
16238,0.0038757296
16239,0.0005188007
16240,0.00091552734
16241,-9.15546e-05
16242,0.0010681152
16243,0.0022583012
16244,0.0012512198
16245,0.0024719243
16246,0.00051879697
16247,0.0027160645
16248,0.005767823
16249,0.002960207
16250,-0.0078125
16251,-0.03826905
16252,-0.039154053
16253,0.0067443848
16254,0.07073974
16255,0.10360717
16256,0.04647827
16257,-0.054046646
16258,-0.07824704
16259,-0.02554322
16260,-0.007446304
16261,-0.0130920485
16262,-0.008087162
16263,0.003479017
16264,0.006500248
16265,0.006072982
16266,0.0153198205
16267,0.011352551
16268,0.003601072
16269,-0.0017395038
16270,-0.0029602037
16271,-0.002746583
16272,-0.0025939932
16273,0.0037231455
16274,0.002075198
16275,0.004608155
16276,-0.00030517578
16277,0.0047607403
16278,0.0015258808
16279,0.0048217736
16280,-0.0031433087
16281,-0.0010070838
16282,-0.0031433124
16283,0.0032043457
16284,0.001953125
16285,0.005035404
16286,-0.00082397275
16287,-0.0012207013
16288,-0.0017089825
16289,-0.00091552734
16290,0.0004882831
16291,0.0012512207
16292,-0.0009460468
16293,-0.004119872
16294,-0.0010375995
16295,-0.0006713858
16296,-0.00082397833
16297,0.0001831036
16298,-0.0008239802
16299,0.0021362286
16300,0.0012817327
16301,0.0029296884
16302,-0.0039978055
16303,-0.002838133
16304,-0.0035705576
16305,-0.00079345517
16306,-0.0053710956
16307,-0.0048828097
16308,-0.002319336
16309,-0.0023193355
16310,0.0011291504
16311,0.0014343257
16312,0.0031127932
16313,-0.00036620977
16314,0.00048828195
16315,-0.00042724842
16316,0.0009155292
16317,-0.0026245136
16318,-0.0032653827
16319,-0.0027771005
16320,-9.313226e-10
16321,0.00076293945
16322,-6.1032828e-05
16323,0.0019836435
16324,0.0018005338
16325,0.005187988
16326,0.002532959
16327,0.0020141606
16328,0.00048828032
16329,0.0044555683
16330,0.0008544903
16331,0.0047607403
16332,9.1552734e-05
16333,0.00079345517
16334,0.0011291504
16335,-0.00033569708
16336,-0.0011596642
16337,-0.0022888188
16338,-0.00045776088
16339,-0.0029602041
16340,3.0521303e-05
16341,-0.00354004
16342,0.00024414295
16343,-0.001953125
16344,0.0007324205
16345,0.0014038105
16346,0.0021362323
16347,0.00036621094
16348,-0.0014038081
16349,-0.00070190383
16350,-0.0011596694
16351,0.0021362337
16352,0.00073242106
16353,-0.0028076172
16354,-0.0036010742
16355,-0.0030212402
16356,-0.0014648444
16357,-0.002532959
16358,0.0018310549
16359,0.0033569334
16360,0.0032653813
16361,0.0018310528
16362,0.0011901855
16363,0.0013732903
16364,-0.0017395025
16365,-0.0032043455
16366,-0.00390625
16367,-0.0004882822
16368,0.0010681129
16369,0.003570558
16370,0.0024719224
16371,-0.00021362258
16372,0.001220704
16373,0.00061035063
16374,0.0049438467
16375,-0.0010986305
16376,-0.0049438477
16377,-0.011291505
16378,-0.00665283
16379,-0.0046386737
16380,0.00015258975
16381,0.00024414062
16382,0.00091552734
16383,0.002471922
16384,-0.0025634766
16385,-0.00079345517
16386,-0.0018005371
16387,0.0014038086
16388,-0.0018310547
16389,0.004577635
16390,0.0013732854
16391,-0.0011901837
16392,-0.0012207031
16393,-0.00216675
16394,-0.001434328
16395,0.00021362118
16396,0.0030212393
16397,0.0043029785
16398,0.0066833505
16399,0.0026245096
16400,0.0010375963
16401,-0.0018615716
16402,-0.0042724623
16403,0.0007019052
16404,0.0034179697
16405,0.00012207218
16406,-0.0026550302
16407,-0.0019836375
16408,-0.0022888198
16409,0.0011596684
16410,0.0027160665
16411,0.0043029794
16412,0.002807615
16413,0.0008544924
16414,-0.0032348623
16415,-0.0020446787
16416,0.00027465855
16417,-6.1034923e-05
16418,0.0015563966
16419,-0.00045776507
16420,0.0014343271
16421,0.0021667476
16422,0.0036010742
16423,-0.0011901855
16424,0.0018005371
16425,-0.00054931734
16426,0.00024414435
16427,0.00015258975
16428,0.0027771033
16429,0.0012817336
16430,0.0033264179
16431,-0.00054931873
16432,-0.0008544903
16433,-0.00909424
16434,-0.0004577618
16435,-0.004608156
16436,0.0039062505
16437,-0.00030517578
16438,0.0063476586
16439,-0.0024414072
16440,0.004394533
16441,-0.0017700205
16442,-0.0043945317
16443,-0.0034484863
16444,-0.0013732896
16445,0.000671386
16446,-0.0017089834
16447,-0.00030517462
16448,-0.0025329595
16449,0.0010986328
16450,0.0014038086
16451,-0.00021362375
16452,0.0027770996
16453,0.0013732915
16454,-0.0023193355
16455,-0.0017089844
16456,-0.004577636
16457,0.0010681144
16458,0.0032958984
16459,0.003509522
16460,-0.0014343254
16461,0.0016784668
16462,-0.0018615713
16463,-0.0023193369
16464,-0.0025024395
16465,-0.0038757352
16466,-0.0013427725
16467,-0.0023498554
16468,-0.0004882822
16469,0.0014343252
16470,0.004760742
16471,0.0065002423
16472,-0.00094604446
16473,0.0022277832
16474,-0.004760743
16475,0.0036621096
16476,-0.001861572
16477,0.004547119
16478,-0.00045776367
16479,0.0019836426
16480,0.0021362305
16481,0.002105712
16482,0.0031433124
16483,-0.0017089834
16484,0.0019531269
16485,-0.00091552734
16486,0.0054016113
16487,0.00042724237
16488,0.00021362305
16489,0.0010375995
16490,-0.0041503925
16491,-0.0012817373
16492,-0.0017089862
16493,0.0016784659
16494,0.0004882794
16495,0.006866455
16496,-0.0031433082
16497,-0.0029296896
16498,-0.007263185
16499,-0.00094604504
16500,-0.004119871
16501,0.0043640127
16502,-0.003967285
16503,0.0032043457
16504,-0.00402832
16505,-0.0014038086
16506,-0.0049743643
16507,0.00015258603
16508,-0.0025024433
16509,-0.0056762695
16510,-0.0016784668
16511,-0.0013732892
16512,0.007141115
16513,0.0021362286
16514,0.0027770968
16515,-0.0043029785
16516,0.0013122549
16517,-0.0010070838
16518,-0.0019836444
16519,-0.00018310547
16520,-0.002380371
16521,0.001434328
16522,-0.002441408
16523,0.003540039
16524,6.1034923e-05
16525,0.004486086
16526,0.0015869138
16527,0.003540041
16528,-0.00073242234
16529,0.0011291513
16530,0.0019836412
16531,0.0025329618
16532,0.0022888202
16533,0.0060424805
16534,0.004821779
16535,0.00021362142
16536,-0.0062561003
16537,-0.010681154
16538,-0.0039062467
16539,-0.003021244
16540,0.004333498
16541,0.00854492
16542,0.01086426
16543,0.003631588
16544,0.0043945312
16545,-0.0076293973
16546,-0.013519286
16547,-0.008697513
16548,0.0008544957
16549,0.0040283184
16550,0.0037231445
16551,0.0055541974
16552,0.0029907227
16553,-0.002014163
16554,-0.0023803688
16555,0.0018615695
16556,-0.0044555673
16557,-0.010803226
16558,0.005889895
16559,0.008789059
16560,-0.00894165
16561,-0.0032653818
16562,0.011016848
16563,-0.009368897
16564,-0.007385254
16565,0.012939453
16566,0.0034484882
16567,-0.01373291
16568,0.005493164
16569,0.009429932
16570,-0.01263428
16571,-0.002166748
16572,0.01098633
16573,0.0028381366
16574,-0.0049438514
16575,0.015350348
16576,0.011138916
16577,-0.01589966
16578,-0.0074768094
16579,0.013244634
16580,-0.00073242467
16581,-0.016143797
16582,0.0023803706
16583,0.0037841806
16584,-0.011657715
16585,0.0014648428
16586,0.005767822
16587,-0.00021362351
16588,-0.0050353985
16589,0.0053405752
16590,9.15532e-05
16591,-0.009887696
16592,-0.0022888165
16593,-0.0014648438
16594,-0.0036621056
16595,-0.0035705585
16596,0.0056152334
16597,-0.0007934598
16598,-0.0009765597
16599,0.0021362295
16600,0.0006713886
16601,-0.001281742
16602,0.00039673038
16603,0.0008544903
16604,-0.0047607403
16605,-3.0521303e-05
16606,0.003021244
16607,0.0007324228
16608,-0.0013122559
16609,0.0018310547
16610,-0.0014953576
16611,0.0007629413
16612,0.0017089862
16613,-0.0002136277
16614,-0.0030212384
16615,-0.00045776647
16616,0.0016479543
16617,0.0020141602
16618,0.0026550307
16619,0.006500241
16620,0.0021057166
16621,0.0018920861
16622,0.0025634822
16623,0.005218506
16624,0.0013732929
16625,-0.0014953632
16626,0.0003051767
16627,0.00061035063
16628,2.7939677e-09
16629,0.00018310547
16630,-0.0008544903
16631,-0.0024108859
16632,-0.0023498526
16633,0.0025329627
16634,0.0012817392
16635,0.0031433124
16636,0.00079345517
16637,-0.0007019043
16638,-0.0009155283
16639,-0.0022888198
16640,0.0027770968
16641,-0.0044250498
16642,0.00079345657
16643,-0.001983642
16644,-0.001983644
16645,-0.002410889
16646,0.00030517555
16647,-0.0003356929
16648,-0.00039672974
16649,0.002044679
16650,-0.0032653813
16651,0.00018310617
16652,0.000762939
16653,-0.002746582
16654,-0.0055847154
16655,-0.005126953
16656,-0.00057983235
16657,0.0006713867
16658,0.007965086
16659,0.006286621
16660,0.0010070803
16661,-0.0010681152
16662,0.0008850099
16663,-0.0035400386
16664,-0.0006103526
16665,-0.00045776332
16666,0.000671386
16667,-0.0010681151
16668,0.0038452148
16669,-0.0019226073
16670,-0.0020751953
16671,-0.002258301
16672,0.0015563965
16673,-0.0014038086
16674,0.003540039
16675,-0.00018310582
16676,-0.0009460454
16677,-0.0006713853
16678,-0.00024414156
16679,-0.00286865
16680,0.00021362165
16681,0.00030517625
16682,0.0
16683,0.0001831064
16684,6.1034225e-05
16685,-0.00030517508
16686,0.00061035063
16687,0.0013732901
16688,0.0026245133
16689,0.0015563956
16690,0.00030517764
16691,0.001464843
16692,-0.00079345726
16693,0.0018310545
16694,-0.00070190406
16695,-0.0007019061
16696,-0.0022582996
16697,3.0518277e-05
16698,-0.002319336
16699,-0.000976563
16700,0.0009765627
16701,-0.0005493169
16702,-0.00079345657
16703,-0.0010375977
16704,-0.0005188002
16705,-0.0006103511
16706,0.0006408682
16707,-0.0013427744
16708,-0.0022583017
16709,0.00064086914
16710,-0.00024414062
16711,-0.0010375977
16712,-0.001953125
16713,-0.0002441411
16714,0.0036315918
16715,0.0023498558
16716,0.0051879883
16717,0.0034179678
16718,-3.0517578e-05
16719,-0.0025939941
16720,-0.0043945303
16721,-0.0067749023
16722,-0.0063476525
16723,-0.0010986347
16724,-0.0019226056
16725,-0.00021362491
16726,0.00021362491
16727,0.0021972666
16728,0.0011901865
16729,0.0048828116
16730,0.0030517569
16731,0.003967285
16732,0.0022277832
16733,0.004180909
16734,-0.0024108896
16735,-0.00097656157
16736,-0.0045166016
16737,-0.0011291495
16738,-0.0022277823
16739,0.0039367685
16740,-0.00036621
16741,0.001373292
16742,-0.0014343271
16743,-0.001525878
16744,-0.0022583036
16745,-0.0018920861
16746,-0.0021667508
16747,0.002044681
16748,0.0016784649
16749,0.0029602083
16750,0.0020446759
16751,0.004119874
16752,-0.00015258882
16753,0.0037841806
16754,0.002014161
16755,0.0050354004
16756,0.0018310566
16757,0.005523678
16758,3.0517578e-05
16759,0.00146484
16760,-0.0009460468
16761,-6.103702e-05
16762,0.0003662072
16763,0.0006713867
16764,0.0010986328
16765,-0.0033264179
16766,-0.0020751962
16767,-0.002166749
16768,-0.0005798368
16769,-0.0058898935
16770,-0.0027770977
16771,-0.0028686526
16772,0.0017395017
16773,0.00054931524
16774,0.0012817389
16775,-0.0028686526
16776,-0.0011291509
16777,-0.0015563967
16778,0.0010070798
16779,0.0020446777
16780,0.002105713
16781,0.0030212393
16782,0.0010986337
16783,0.00042724516
16784,-0.004119874
16785,-0.0027770996
16786,-0.0018920889
16787,0.0009765625
16788,0.0007324221
16789,0.002319336
16790,-0.0018615713
16791,-0.00057983445
16792,0.0026855478
16793,0.0013427748
16794,0.0023498544
16795,0.00067138486
16796,0.0007934589
16797,-0.0004577646
16798,-0.00061035156
16799,-0.0025024393
16800,0.0010986347
16801,-0.003021242
16802,-0.0013732908
16803,0.00054931454
16804,0.0009155269
16805,0.0011291499
16806,0.0026855478
16807,-0.002288817
16808,0.0010070768
16809,-0.0002441397
16810,-0.0007324214
16811,-0.0020141588
16812,-0.001190187
16813,-0.00213623
16814,0.0025329571
16815,0.0014953613
16816,0.0039062481
16817,-0.00033569336
16818,-0.0002746582
16819,-0.0016174307
16820,0.0004272461
16821,-0.0022888202
16822,-6.1036204e-05
16823,-0.0004272447
16824,-0.0015869142
16825,3.0517112e-05
16826,-0.00048828125
16827,-0.00015258792
16828,-0.00021362316
16829,-0.0016174314
16830,0.00012207124
16831,0.0030517569
16832,0.003479004
16833,0.0027770996
16834,0.0020141583
16835,-0.0022583008
16836,0.0010375972
16837,-0.0025024435
16838,-0.002166748
16839,-0.0044555673
16840,-0.00286865
16841,-0.0036010747
16842,-0.00015258742
16843,0.0003051781
16844,0.0007629404
16845,-0.0007934589
16846,-0.0015258761
16847,-0.0018615723
16848,-0.0029907264
16849,-0.0011596624
16850,-0.00033569522
16851,-0.0001831036
16852,0.0032348623
16853,-0.00094604306
16854,0.00018310454
16855,-0.0012207013
16856,0.00018310733
16857,-0.0013427697
16858,6.1033294e-05
16859,-0.002227787
16860,0.001953125
16861,0.0017700181
16862,0.002746582
16863,0.0028991692
16864,0.003356934
16865,0.00366211
16866,0.003143312
16867,0.00094604446
16868,0.0030212402
16869,0.001983644
16870,-0.0031433115
16871,-0.0017700194
16872,-0.003509522
16873,-0.00012206915
16874,-0.002349855
16875,-0.0005798335
16876,-0.003692627
16877,-0.00061035226
16878,0.0005493164
16879,0.0021667506
16880,0.0014648435
16881,-0.0013427744
16882,0.0016174314
16883,-0.00012207031
16884,0.001342773
16885,-0.0015869134
16886,-0.0013122554
16887,-0.0016174326
16888,0.0015563974
16889,-0.0023803725
16890,-0.00036621
16891,-0.00097656064
16892,-0.0011291495
16893,0.0019226065
16894,0.0021972645
16895,0.0014038095
16896,0.0004272468
16897,-6.103469e-05
16898,-0.00033569336
16899,-0.0012207045
16900,-0.00030517718
16901,-0.0004272461
16902,-0.00091552734
16903,0.0010986333
16904,0.0018005376
16905,-0.0006103532
16906,0.0022582994
16907,-0.0009155271
16908,6.103632e-05
16909,0.00076293875
16910,-0.0014038086
16911,-0.0013427747
16912,0.0009460441
16913,0.00070190383
16914,0.0014038091
16915,0.000762939
16916,0.0024108896
16917,0.0044555664
16918,0.002227786
16919,0.002685545
16920,0.0010376009
16921,-0.002532959
16922,-0.0019836405
16923,-0.0016784684
16924,-0.0033569317
16925,-6.1033526e-05
16926,-0.00088500744
16927,0.001922607
16928,0.0013427739
16929,0.001403807
16930,-0.0018615727
16931,-0.0022582998
16932,-0.0028381348
16933,-0.0001831057
16934,0.00036621047
16935,0.0034179706
16936,0.0024719238
16937,0.0018615713
16938,0.0032653818
16939,-0.0021972656
16940,0.0036010724
16941,-0.0026245108
16942,0.0014343229
16943,-0.0040283236
16944,0.0010986314
16945,-0.0033569322
16946,0.00021362121
16947,-0.0058288565
16948,0.001983642
16949,-0.0017089839
16950,0.002471923
16951,0.0010681152
16952,0.0010375963
16953,-0.00082397414
16954,0.0006713867
16955,-0.00076293864
16956,0.0012207017
16957,-0.0028381352
16958,-0.0012817387
16959,0.0005493169
16960,0.0022277827
16961,0.0005493166
16962,-0.0016479502
16963,-0.00064086914
16964,-0.0045166025
16965,-0.0015869141
16966,-0.0028076172
16967,-0.0021362286
16968,-9.15518e-05
16969,-0.0009460449
16970,-0.0017089834
16971,0.0010070764
16972,-0.0033264179
16973,0.00061035156
16974,0.0014038086
16975,0.00021362305
16976,-0.00073242
16977,0.0009460449
16978,-0.0028381385
16979,0.003326415
16980,-0.0032348651
16981,0.0031127948
16982,-0.0015563974
16983,0.002288818
16984,6.103376e-05
16985,0.0028991683
16986,0.0028076167
16987,0.002075197
16988,0.00064087
16989,0.0015258775
16990,0.0004272461
16991,-0.0008239737
16992,0.0058898926
16993,-0.0002441397
16994,0.0054016113
16995,0.0017395038
16996,0.004180908
16997,0.000488285
16998,0.0026855469
16999,-0.003112793
17000,0.0040893555
17001,-0.004913332
17002,0.003112793
17003,-0.0032958975
17004,-0.00064086914
17005,-0.0034179743
17006,0.001953125
17007,0.00039672852
17008,-3.0515715e-05
17009,-0.0012817373
17010,0.0011901865
17011,0.0005493136
17012,-0.002532959
17013,0.0019531278
17014,-0.004241941
17015,0.0007629385
17016,-0.0030517592
17017,0.002105712
17018,-0.0044555655
17019,-0.0006103511
17020,-0.0050354013
17021,0.00061035063
17022,-0.0046691876
17023,-6.103702e-05
17024,-0.0017700158
17025,-0.0001831078
17026,0.00061035436
17027,-0.0006408701
17028,0.0011901893
17029,-0.0029602079
17030,0.0021362333
17031,-0.00082397764
17032,0.0036621096
17033,0.0011596684
17034,0.004180908
17035,0.0024719224
17036,0.0022888193
17037,0.0012817355
17038,0.0049438495
17039,0.0017395001
17040,-0.0041198707
17041,0.002838133
17042,-0.004608152
17043,0.0004272454
17044,-0.004119871
17045,-0.0023193378
17046,0.0010070782
17047,0.0024719238
17048,0.002319334
17049,0.0028381348
17050,-0.0009155264
17051,-0.0012512188
17052,0.0052185045
17053,-0.0077209463
17054,0.00015258731
17055,-0.0069885235
17056,9.1552734e-05
17057,-0.0007629404
17058,-0.0011291499
17059,-0.0011291504
17060,-9.1552734e-05
17061,-0.0020446787
17062,0.0021667485
17063,0.0022277832
17064,-0.004455563
17065,0.0025634766
17066,-0.005859372
17067,0.0011901855
17068,-0.004425049
17069,-0.0043029785
17070,-0.0006103534
17071,-0.0044250377
17072,-0.0026855618
17073,0.0019226223
17074,-0.000946071
17075,-0.004028309
17076,-0.0063476786
17077,-0.01455687
17078,-0.012054466
17079,-0.015167259
17080,-0.014007583
17081,-0.010253906
17082,-0.0045776367
17083,0.000427261
17084,-0.0013122559
17085,0.0007323995
17086,0.0011596829
17087,0.0046997294
17088,0.006011989
17089,0.010376006
17090,0.01544189
17091,0.017425545
17092,0.019683845
17093,0.021423332
17094,0.02453614
17095,0.020812988
17096,0.02551268
17097,0.017883316
17098,0.023010269
17099,0.016235352
17100,0.01473999
17101,0.010345444
17102,0.008087143
17103,0.0013733059
17104,0.0026244968
17105,-0.0052490234
17106,-0.00592041
17107,-0.006073028
17108,-0.012786835
17109,-0.0069274902
17110,-0.01159668
17111,-0.009307869
17112,-0.005279541
17113,-0.006652847
17114,-0.0087890625
17115,-0.0023498721
17116,-0.007934559
17117,-0.0017700344
17118,-0.0040893555
17119,-0.006195072
17120,-0.007934567
17121,-0.0068664607
17122,-0.007873522
17123,-0.0028381543
17124,-0.009765619
17125,-0.006500236
17126,-0.007904057
17127,-0.007629395
17128,-0.005126954
17129,0.0009460468
17130,-0.0020446796
17131,-0.0009460449
17132,-0.005706787
17133,-0.009399414
17134,-0.0009765513
17135,0.0028686523
17136,0.00064086914
17137,-0.0037841797
17138,-0.0082702935
17139,-0.015624985
17140,-0.017852798
17141,-0.01852417
17142,-0.0068970025
17143,-0.00982663
17144,-0.011993423
17145,0.001068145
17146,0.0056152493
17147,0.003906265
17148,0.0065612867
17149,0.0053405836
17150,0.008087173
17151,0.013854958
17152,0.008239754
17153,0.005828835
17154,-0.006561294
17155,-0.014526352
17156,-0.02728273
17157,-0.028808594
17158,-0.017333984
17159,-0.01159668
17160,0.0032348633
17161,0.008667022
17162,0.023010269
17163,0.010070786
17164,0.008667008
17165,0.026214626
17166,0.057647716
17167,0.047241226
17168,0.040527374
17169,0.04467775
17170,0.040100113
17171,0.020446777
17172,0.010650635
17173,0.010375962
17174,0.00686644
17175,-0.0046387017
17176,-0.009857193
17177,-0.016784683
17178,-0.015014648
17179,-0.016113289
17180,-0.017669678
17181,-0.014251724
17182,-0.0131225325
17183,-0.00888063
17184,-0.009979241
17185,-0.0075988844
17186,-0.009155277
17187,-0.006866455
17188,-0.012847888
17189,-0.0070800856
17190,-0.0070495643
17191,-0.010070795
17192,-0.0051574707
17193,-0.012115488
17194,-0.0053405724
17195,-0.011718754
17196,-0.00585936
17197,-0.013916016
17198,-0.0073242188
17199,-0.014923111
17200,-0.010314949
17201,-0.013183564
17202,-0.007843003
17203,-0.0103149265
17204,-0.0045165867
17205,-0.005645737
17206,0.0020446926
17207,0.0002746731
17208,0.004791282
17209,0.00497438
17210,0.010040261
17211,0.0056762844
17212,0.009155266
17213,0.007629402
17214,0.009887688
17215,0.013610836
17216,0.007476799
17217,0.010498066
17218,0.006683343
17219,0.01089477
17220,0.0053405855
17221,0.010467529
17222,0.0017394992
17223,0.009948732
17224,-0.00073242374
17225,0.0066833515
17226,0.0018310547
17227,0.0038452186
17228,0.003021244
17229,0.002990719
17230,0.0026855543
17231,0.0038757175
17232,0.0033874474
17233,0.0024108812
17234,0.0043945126
17235,0.001037579
17236,0.0058898814
17237,0.0069885254
17238,0.0033569187
17239,0.007720962
17240,0.0008849874
17241,-0.00036624074
17242,-0.0024108663
17243,0.0007934496
17244,-0.0041503794
17245,-0.0014648251
17246,-0.006805394
17247,-0.0024109073
17248,-0.0036620833
17249,-0.0034485087
17250,-0.003936749
17251,-0.007843008
17252,-0.005279541
17253,-0.0097046085
17254,-0.01089477
17255,-0.0118713435
17256,-0.010253901
17257,-0.009277336
17258,-0.0059814416
17259,-0.0057373047
17260,-0.004364021
17261,-0.00088500977
17262,-0.0021056868
17263,0.00045779347
17264,-0.00024414808
17265,-0.0002746433
17266,-0.0015258789
17267,-0.00039672107
17268,0.0016479678
17269,-0.0014343187
17270,0.0022277907
17271,0.001495365
17272,0.0031433217
17273,0.00015256926
17274,0.0048828237
17275,3.051944e-05
17276,0.0047302293
17277,0.007446279
17278,0.009979254
17279,0.005157469
17280,0.006591798
17281,0.003051756
17282,0.004028322
17283,0.008789064
17284,0.00064086914
17285,0.002868656
17286,-0.0005188007
17287,-6.1035156e-05
17288,-0.0013122559
17289,0.001861576
17290,0.00018310547
17291,0.003692627
17292,0.00018310547
17293,-0.0018310566
17294,-0.0027465802
17295,-0.0010681152
17296,-0.0047607403
17297,0.001800539
17298,-0.0011901855
17299,-0.0014038105
17300,-0.00363159
17301,-0.0016174288
17302,-0.0037231445
17303,3.051944e-05
17304,0.0014038086
17305,0.0023193387
17306,0.0032348633
17307,0.0032653846
17308,0.00088500977
17309,-0.00042724423
17310,-0.0044250498
17311,-0.0024414053
17312,-0.0019836444
17313,-0.003082275
17314,0.00073241955
17315,-0.0027465825
17316,0.0023193322
17317,-0.0010375958
17318,-0.000976563
17319,-0.00015258638
17320,-0.0021057148
17321,-0.0034179674
17322,-0.002441408
17323,-0.00039672665
17324,-0.003845214
17325,-0.0010375995
17326,-0.0018310528
17327,-0.0020446815
17328,0.0007629413
17329,0.000579834
17330,-0.009460449
17331,-0.012542721
17332,-0.012176508
17333,0.0011291476
17334,0.010131836
17335,0.025268555
17336,0.01763916
17337,0.0045471163
17338,-0.0039367685
17339,-0.0055236816
17340,-0.0040893564
17341,-0.009490967
17342,0.0025329571
17343,-0.011047363
17344,0.00076293945
17345,-0.008361813
17346,0.0022583082
17347,-0.0056152306
17348,0.0012207031
17349,-0.004760742
17350,0.0010681078
17351,3.0521303e-05
17352,-0.0011596605
17353,0.0021972656
17354,0.0016784612
17355,-0.00012207031
17356,0.005035404
17357,0.0013427753
17358,0.0035400428
17359,-9.154901e-05
17360,0.0040588407
17361,-0.00067138486
17362,0.00732422
17363,0.00469971
17364,0.0042114262
17365,0.0047912626
17366,0.003479002
17367,0.0055236816
17368,0.003387453
17369,0.003204342
17370,0.0008544922
17371,0.001251217
17372,-0.002838133
17373,-0.0007324219
17374,-0.0005493127
17375,-0.00012207031
17376,-0.0025329571
17377,0.0026550237
17378,-0.0021057092
17379,-0.0018615704
17380,-0.00030517392
17381,-0.0014038095
17382,-0.0011901874
17383,-0.0019226107
17384,-0.0024414044
17385,-0.00082397275
17386,0.00036620907
17387,0.0014648447
17388,-0.0017089834
17389,0.0010070829
17390,0.00061035156
17391,0.005401613
17392,0.0020141602
17393,0.0022277832
17394,-0.0003356915
17395,0.001800539
17396,-0.00039672665
17397,0.0
17398,-0.0013122577
17399,-0.00039673038
17400,-0.003112794
17401,0.0025939941
17402,-0.004699709
17403,-0.0002136277
17404,-0.0023498563
17405,-0.00073242094
17406,-0.0020751934
17407,0.0015563937
17408,0.0006713886
17409,-0.0007629427
17410,0.0027770987
17411,-0.003143312
17412,0.0013122569
17413,-0.006011965
17414,-0.0012207027
17415,-0.0050048833
17416,0.0005798368
17417,-0.004852291
17418,-0.0019836426
17419,-0.0030517578
17420,-0.0022583008
17421,0.0002441425
17422,-0.0022888165
17423,0.001159668
17424,-0.002014162
17425,0.0019226056
17426,0.00036621187
17427,0.0021057157
17428,0.0015869141
17429,0.0011291495
17430,0.0009765634
17431,-0.00054931454
17432,0.0012207022
17433,-0.0022277795
17434,0.0025634738
17435,-0.0047607385
17436,0.000579834
17437,-0.0017089806
17438,0.002044681
17439,-0.0012817369
17440,0.005401611
17441,0.0012207038
17442,0.0052490225
17443,0.0018920889
17444,0.0054626474
17445,0.0038757361
17446,0.0017700195
17447,0.0013427753
17448,9.1552734e-05
17449,0.0012512226
17450,0.0008850116
17451,0.0011596717
17452,-0.0031127902
17453,-0.0011596642
17454,0.0007019043
17455,-0.00024413876
17456,-0.0015869141
17457,0.00030517764
17458,-0.002227785
17459,-0.0019226056
17460,-0.0024719248
17461,-0.0013732908
17462,-0.0011901867
17463,-0.0018310547
17464,0.0010375977
17465,-0.0015258808
17466,-0.00073242
17467,-0.0056152362
17468,-0.0016174279
17469,-0.005401613
17470,-0.0026855469
17471,-6.1035156e-05
17472,0.0006713886
17473,0.00024413876
17474,-0.0027465783
17475,0.00018310547
17476,0.00085449405
17477,0.0026855478
17478,0.0024108905
17479,0.0014038058
17480,0.0019531278
17481,0.0017395029
17482,0.002532959
17483,-0.001373292
17484,0.00326538
17485,-0.0035705564
17486,0.005126954
17487,-0.0027160665
17488,0.0050048837
17489,-0.0029907222
17490,0.0032043464
17491,0.002105711
17492,-0.0040893555
17493,0.009552001
17494,-0.0070190416
17495,0.007080079
17496,-0.0011291504
17497,-0.010925292
17498,0.019226074
17499,-0.02822876
17500,0.038482666
17501,-0.04220581
17502,0.041931152
17503,-0.037872314
17504,0.026611328
17505,-0.011505127
17506,0.0017089872
17507,0.008911133
17508,-0.009826658
17509,0.008911133
17510,-0.008300783
17511,0.013397218
17512,-0.02346802
17513,0.025787354
17514,-0.021850586
17515,0.004547119
17516,0.0030822735
17517,0.00018310663
17518,-0.01461792
17519,0.019836426
17520,-0.020477295
17521,0.015747072
17522,-0.014617922
17523,0.020477297
17524,-0.03225708
17525,0.04046631
17526,-0.03009033
17527,0.017089844
17528,-0.00091553107
17529,-0.011535642
17530,0.014892578
17531,-0.004486085
17532,0.0009765625
17533,0.00015258789
17534,0.0009460421
17535,0.001220705
17536,0.00015258789
17537,-0.009979245
17538,0.010437014
17539,-0.02267456
17540,0.027130125
17541,-0.030639648
17542,0.020141602
17543,-0.0036926288
17544,-0.0127258245
17545,0.02456664
17546,-0.018493647
17547,0.02044677
17548,-0.020050043
17549,0.030273438
17550,-0.03588867
17551,0.03707885
17552,-0.03707885
17553,0.03677368
17554,-0.038085938
17555,0.02893066
17556,-0.02932739
17557,0.023773195
17558,-0.027069094
17559,0.029388428
17560,-0.030303955
17561,0.020446775
17562,0.0009765634
17563,-0.013488764
17564,0.031951893
17565,-0.045410153
17566,0.05117797
17567,-0.039916985
17568,0.025817875
17569,-0.016937252
17570,0.017242424
17571,-0.012969969
17572,0.014587401
17573,-0.004852297
17574,-0.001892088
17575,0.013458254
17576,-0.013244626
17577,0.0073242188
17578,-0.0045166016
17579,-0.006134033
17580,0.009613037
17581,-0.017181395
17582,0.012176513
17583,-0.014373781
17584,-0.005126954
17585,0.014556887
17586,-0.016296387
17587,0.007446291
17588,-0.0065917987
17589,0.00717163
17590,-0.008758548
17591,0.0004272461
17592,0.0034179678
17593,-0.011871338
17594,0.007995602
17595,-0.0011901865
17596,-0.0030517597
17597,0.009216309
17598,-0.012268066
17599,0.01791382
17600,-0.016601562
17601,0.011993407
17602,0.00021362677
17603,-0.0059204083
17604,0.012756348
17605,-0.005187985
17606,-0.0025634766
17607,0.012176512
17608,-0.0069274902
17609,-0.005645752
17610,0.020324707
17611,-0.025024412
17612,0.0115356445
17613,-0.004638672
17614,-0.009399415
17615,0.012634277
17616,-0.010437012
17617,0.0049743652
17618,-0.0002441425
17619,-0.0010986319
17620,0.003265379
17621,-0.002471923
17622,0.0028076172
17623,-0.0020751962
17624,-0.00091553014
17625,0.004486084
17626,-0.004913331
17627,0.0054016127
17628,-0.0041809096
17629,0.0060729985
17630,-0.00064087193
17631,-0.0009460449
17632,0.007659911
17633,-0.009094236
17634,0.01620483
17635,-0.017608639
17636,0.020568846
17637,-0.016418457
17638,0.012939454
17639,-0.011657714
17640,0.0049743624
17641,-0.007934569
17642,0.0031127916
17643,0.0025939941
17644,-0.008026123
17645,0.013244631
17646,-0.010894776
17647,0.003814698
17648,-0.004333498
17649,0.007232666
17650,-0.013824464
17651,0.015350344
17652,-0.009979248
17653,0.009155273
17654,-0.004486085
17655,0.003875731
17656,-0.0047302246
17657,0.003967286
17658,-0.0042419434
17659,0.004577636
17660,-0.004882812
17661,0.0027770994
17662,-0.0056457515
17663,0.010314941
17664,-0.014251709
17665,0.01461792
17666,-0.003967286
17667,-0.0111694345
17668,0.01754761
17669,-0.022949219
17670,0.022247314
17671,-0.019104004
17672,0.016723633
17673,-0.012969969
17674,0.019287113
17675,-0.015960693
17676,0.014801026
17677,-0.0023193369
17678,-0.007843017
17679,0.015563967
17680,-0.014953614
17681,0.00793457
17682,-0.0034484868
17683,-0.007141112
17684,0.0114746075
17685,-0.0168457
17686,0.009887695
17687,-0.009429932
17688,0.0005187988
17689,-0.0032653809
17690,0.0024719276
17691,-0.004730221
17692,0.00033569708
17693,0.0006408673
17694,-0.0054931594
17695,0.008758539
17696,-0.012176509
17697,0.015350343
17698,-0.017669676
17699,0.0163269
17700,-0.010925295
17701,0.009246826
17702,-0.0003356929
17703,0.0035400377
17704,-0.007415773
17705,0.0194397
17706,-0.019012451
17707,0.015960695
17708,-0.004272463
17709,-0.006195068
17710,0.005279539
17711,-0.0038146954
17712,0.0014343262
17713,-0.0024719248
17714,0.0052490225
17715,-0.010711671
17716,0.01296997
17717,-0.010528564
17718,0.0037841797
17719,-0.006744383
17720,0.0027160682
17721,-0.014923111
17722,0.0042419396
17723,-0.0107727125
17724,-0.0031127855
17725,0.00061035156
17726,-0.016204823
17727,-0.010498069
17728,0.0095519945
17729,-0.006378159
17730,0.011230484
17731,-0.010650665
17732,-0.026672345
17733,0.011779785
17734,0.02813723
17735,0.014984127
17736,-0.0003967136
17737,-0.028900161
17738,-0.029144272
17739,-0.026550293
17740,-0.0065307543
17741,0.0146484
17742,0.06304932
17743,0.08099368
17744,0.07348639
17745,0.10064691
17746,0.12484762
17747,0.08456406
17748,0.021515071
17749,-0.03536986
17750,-0.083984286
17751,-0.08865358
17752,-0.07861315
17753,-0.07431044
17754,-0.07559201
17755,-0.06854248
17756,-0.030334476
17757,-0.0035400256
17758,0.032745365
17759,0.042541504
17760,0.045928936
17761,0.029785164
17762,0.023101822
17763,-0.0019836486
17764,-0.023651123
17765,-0.037872292
17766,-0.048278786
17767,-0.05267334
17768,-0.03771971
17769,-0.031646743
17770,-0.017669678
17771,0.004119903
17772,0.008300811
17773,0.02545166
17774,0.027893081
17775,0.027252197
17776,0.034179688
17777,0.02615358
17778,0.016967788
17779,0.0032653548
17780,-0.010498032
17781,-0.02633667
17782,-0.029602066
17783,-0.03652954
17784,-0.030212417
17785,-0.024383575
17786,-0.014801025
17787,0.0073547065
17788,0.007507324
17789,0.035217255
17790,0.023803726
17791,0.03976439
17792,0.033325188
17793,0.025695782
17794,0.026611336
17795,0.00814819
17796,0.011047371
17797,-0.004943855
17798,-0.0035705492
17799,-0.010742184
17800,-0.008392332
17801,-0.005950935
17802,-0.00015257671
17803,0.0018615648
17804,0.01034547
17805,0.010498039
17806,0.012939453
17807,0.014923073
17808,0.01083374
17809,0.011901826
17810,0.0074463114
17811,0.003478974
17812,-0.002655059
17813,-0.005615227
17814,-0.011566162
17815,-0.0060424767
17816,-0.010406513
17817,-0.0065307654
17818,-0.0073547475
17819,-0.008850096
17820,0.0010070875
17821,-0.008178718
17822,0.0039672777
17823,-0.005859375
17824,0.0026855394
17825,-0.0069580153
17826,0.002532972
17827,-0.009094239
17828,-0.0015564058
17829,-0.005554199
17830,-0.00967407
17831,-0.009185791
17832,-0.008605955
17833,-0.008422852
17834,-0.0028686486
17835,-0.0032043457
17836,0.00054932013
17837,0.0010986328
17838,0.003479004
17839,0.0
17840,0.0025634728
17841,-0.0065917857
17842,0.0006408505
17843,-0.009490944
17844,-0.0054626577
17845,-0.0069884993
17846,-0.008728042
17847,-0.009979226
17848,-0.005615264
17849,-0.0032043457
17850,0.0040893555
17851,0.005096445
17852,0.015502913
17853,0.021179201
17854,0.020507818
17855,0.021057118
17856,0.016387943
17857,0.006164545
17858,-0.0012512208
17859,-0.009613032
17860,-0.018463122
17861,-0.008972172
17862,-0.011108397
17863,-0.0099487305
17864,-0.0012207017
17865,0.0039062514
17866,0.009796146
17867,0.009277346
17868,0.016326904
17869,0.0125122145
17870,0.020996086
17871,0.012298591
17872,0.012908921
17873,0.005249001
17874,0.004791245
17875,-0.0050048903
17876,-0.0061645806
17877,-0.012390135
17878,-0.011993416
17879,-0.013702393
17880,-0.011413565
17881,-0.015258791
17882,-0.010345468
17883,-0.012695305
17884,-0.00534058
17885,-0.010864254
17886,-0.0021362305
17887,-0.008697499
17888,0.0037841573
17889,-0.002838105
17890,0.0055847093
17891,0.0014648549
17892,0.009002686
17893,0.0036621187
17894,0.008270251
17895,0.0030822847
17896,0.0028381338
17897,0.0021057115
17898,-6.1033294e-05
17899,0.00076293945
17900,-0.0018005343
17901,-0.0017700195
17902,-0.0014648419
17903,-0.0018615704
17904,-0.0010070782
17905,-0.00363159
17906,-0.00021362305
17907,0.0010986347
17908,0.0018920903
17909,6.103888e-05
17910,0.007232663
17911,0.004058838
17912,0.0036315923
17913,0.0061950684
17914,0.0013427753
17915,0.004028322
17916,0.0036621094
17917,0.0010070819
17918,-0.0007324191
17919,0.00073242374
17920,-0.0049743634
17921,0.0015563993
17922,-0.0019531245
17923,0.000915525
17924,-0.0031127897
17925,-0.00088501116
17926,-0.0020446777
17927,-0.0031433124
17928,-0.002319334
17929,-0.002410891
17930,0.0012817399
17931,-0.0016174321
17932,0.004058839
17933,-9.1553666e-05
17934,0.0043640137
17935,-0.0009155283
17936,0.00454712
17937,-0.0012512207
17938,0.0025634784
17939,-0.0015869159
17940,0.00067138486
17941,-0.0029296898
17942,0.0008850107
17943,0.0012817369
17944,-0.0002441397
17945,-0.00018310593
17946,-9.155134e-05
17947,-0.00030517764
17948,-0.0031127934
17949,0.0020446752
17950,-0.0025024405
17951,-0.0010375965
17952,-0.0044250493
17953,-0.0007324228
17954,-0.0005798335
17955,0.0016784668
17956,-0.0004272461
17957,-0.0002746582
17958,-0.00051879906
17959,-0.00027465844
17960,0.0015258788
17961,-0.0003967292
17962,-6.103469e-05
17963,-0.0005493164
17964,-0.0027770982
17965,0.00073242094
17966,-0.0015563974
17967,0.0033264142
17968,-0.001159668
17969,0.0023803706
17970,0.00018310547
17971,0.0018005366
17972,-0.0018005373
17973,0.0024414062
17974,6.1034923e-05
17975,0.0011596677
17976,-0.00057983375
17977,-0.00045776367
17978,0.00012207055
17979,-0.0009460447
17980,0.0005493162
17981,-0.0016174316
17982,0.0026855469
17983,0.0015258798
17984,0.002319335
17985,-0.00030517578
17986,0.00048828032
17987,-0.0015869141
17988,0.0019836416
17989,-0.00024414156
17990,0.001098631
17991,-0.0005493155
17992,-6.103609e-05
17993,-0.0014953613
17994,-0.0004577656
17995,-0.0011901855
17996,-0.0020446777
17997,-0.0010070796
17998,-0.0006408696
17999,-0.0018615723
18000,-0.0012512198
18001,-0.0010986323
18002,-0.0016784659
18003,-0.0010375995
18004,-0.0017395001
18005,-0.0016174316
18006,0.001739502
18007,0.0005188016
18008,0.0006713853
18009,0.0010681143
18010,-9.155087e-05
18011,-0.00045776274
18012,-0.0017089834
18013,-0.0015563965
18014,-0.00012207404
18015,-0.00012206938
18016,-0.00067138486
18017,0.00012206985
18018,0.0014953623
18019,0.0025939946
18020,0.0021972656
18021,0.0016784668
18022,0.0014648448
18023,0.00064086856
18024,-0.0005493164
18025,3.0517578e-05
18026,-0.001098633
18027,-0.0007324214
18028,0.0006408701
18029,-0.0012207031
18030,3.0516647e-05
18031,-3.051688e-05
18032,0.0016784668
18033,-0.0014038093
18034,9.1552734e-05
18035,-0.0005187995
18036,0.0007324219
18037,6.9849193e-10
18038,0.00042724598
18039,-0.00036621187
18040,0.0010681157
18041,0.0016174314
18042,0.0013427734
18043,0.00018310535
18044,0.0007019043
18045,-0.0008544922
18046,3.0518044e-05
18047,-0.00042724598
18048,-0.0004882816
18049,-0.002746582
18050,0.0014648433
18051,-0.0007019043
18052,0.00015258789
18053,-0.00048828078
18054,-0.00015258696
18055,-0.0016174305
18056,0.0005187995
18057,-0.0011291504
18058,0.0018005362
18059,0.0015258797
18060,0.00036621094
18061,0.00024414016
18062,-0.003753662
18063,-0.0012512216
18064,-0.002105712
18065,0.0014953611
18066,2.910383e-11
18067,0.002502441
18068,0.0011291513
18069,0.0033569317
18070,6.1037485e-05
18071,0.0009460426
18072,0.0014953632
18073,0.002471921
18074,0.0021362305
18075,0.0015258761
18076,0.0025634784
18077,0.0009765569
18078,0.002746582
18079,-6.103702e-05
18080,0.0013122559
18081,-0.002166748
18082,0.0009765644
18083,-0.000579834
18084,0.001861576
18085,0.0002746582
18086,-0.0028381338
18087,-0.0028991704
18088,-0.0042419424
18089,-0.00082397135
18090,-0.0030517578
18091,-0.0013122577
18092,-0.0021362307
18093,0.0014343269
18094,-0.0018615723
18095,-0.0010070803
18096,-0.0026855469
18097,-0.00070190476
18098,-0.00039672828
18099,0.0007324207
18100,0.0012817396
18101,0.0014953614
18102,3.0517578e-05
18103,-0.00036621164
18104,0.00012207031
18105,-0.0015563958
18106,0.00057983375
18107,0.00021362363
18108,0.0009155269
18109,0.00097656157
18110,-0.001373292
18111,-0.0022583008
18112,-0.0021057124
18113,0.0005798363
18114,0.00079345796
18115,-0.0003356943
18116,-0.0006713881
18117,-0.00057983305
18118,-0.0009765639
18119,0.00012207497
18120,0.0010070796
18121,-0.0010986319
18122,0.00048828125
18123,0.0007019085
18124,-0.001495366
18125,0.0007019071
18126,0.00088500744
18127,0.0018005385
18128,3.051525e-05
18129,0.002014161
18130,-0.00015258684
18131,0.0005187992
18132,0.00076293864
18133,0.000549317
18134,0.0021667473
18135,0.00021362398
18136,0.0012817369
18137,-0.00048828055
18138,0.0013427725
18139,-0.0006103518
18140,0.00024414016
18141,9.155368e-05
18142,-0.0028686533
18143,-0.0006103512
18144,-0.001434326
18145,0.0016479493
18146,-0.0017089844
18147,0.001373291
18148,-0.0017395024
18149,0.0013122561
18150,0.0012207036
18151,0.0018920891
18152,0.0013427744
18153,-9.155506e-05
18154,0.0014648438
18155,-9.1552734e-05
18156,0.0005493178
18157,-0.0019836419
18158,0.0005493178
18159,-0.0012512207
18160,0.00015258789
18161,0.0008544931
18162,0.00012206973
18163,-0.0015563974
18164,-0.0028076167
18165,-0.002136231
18166,-0.0021057124
18167,0.0012207029
18168,0.00036621152
18169,0.000823974
18170,3.0518277e-05
18171,0.0021057124
18172,0.0014343265
18173,-0.0008544922
18174,0.00039672863
18175,-0.0012817382
18176,0.00091552734
18177,-3.051688e-05
18178,0.0015258798
18179,0.0003051767
18180,0.0018920894
18181,0.0014343252
18182,0.0002746582
18183,0.00012207124
18184,-0.0023498507
18185,0.00024414156
18186,0.00091552734
18187,-0.00094604585
18188,0.00012207264
18189,-0.00036621187
18190,-0.000701905
18191,-0.00177002
18192,-0.0021972673
18193,-0.0023498521
18194,-0.001037599
18195,-0.0011291509
18196,-0.0008850115
18197,0.0012817384
18198,0.0033264155
18199,0.00085449417
18200,-0.00036621134
18201,0.0012207027
18202,0.00045776367
18203,-0.0012207027
18204,-0.00079345657
18205,-0.0017089846
18206,-0.0012512202
18207,0.0016174311
18208,0.00033569348
18209,0.0015258795
18210,-0.00015258731
18211,0.0006408687
18212,-0.0014038081
18213,0.00021362212
18214,0.00021362398
18215,-0.00064087147
18216,-0.0017089825
18217,0.0004577646
18218,-0.002105712
18219,-0.00045776553
18220,0.0006408668
18221,0.00042724633
18222,0.00048828073
18223,0.001312258
18224,0.0010681152
18225,0.0017089848
18226,0.00042724557
18227,0.00030517648
18228,0.00094604475
18229,-0.0009765626
18230,-0.00076293934
18231,-0.0008544922
18232,-0.00015258847
18233,0.001190186
18234,0.0013427734
18235,0.00091552595
18236,0.0021057143
18237,0.0015258752
18238,0.00015258836
18239,0.0011291504
18240,0.00039672758
18241,0.0002746554
18242,0.0005493164
18243,-9.15546e-05
18244,0.0006408682
18245,-0.002319334
18246,-0.000915529
18247,-0.0025024423
18248,-0.00048828108
18249,-0.0013732896
18250,-0.00042724703
18251,-0.0003662105
18252,-0.0019226072
18253,-6.103517e-05
18254,0.00027465814
18255,0.0006103514
18256,0.00061035156
18257,0.0009765626
18258,0.00048828125
18259,0.0004882817
18260,-0.0003967292
18261,0.00061035156
18262,0.002380369
18263,0.00012207043
18264,0.00018310407
18265,-0.0022582994
18266,-0.00082397414
18267,-0.0007324214
18268,-0.0018005373
18269,-0.0021362305
18270,0.0004577638
18271,0.0014648441
18272,0.0006408697
18273,0.00015258696
18274,9.155343e-05
18275,-0.0008544922
18276,-0.0014343269
18277,-0.00085449265
18278,-0.0005187993
18279,0.0002746568
18280,-0.0021667462
18281,0.0009765607
18282,0.0017089837
18283,0.0020446777
18284,0.002044678
18285,0.00039672677
18286,-0.00027465716
18287,0.00021362257
18288,0.00024414057
18289,-0.002166748
18290,0.0005187988
18291,0.00033569336
18292,0.0020141597
18293,0.00033569336
18294,0.0019226079
18295,0.00051879976
18296,0.0002746582
18297,-0.00061035145
18298,-0.00018310777
18299,-0.0026550307
18300,-0.00097656227
18301,-0.0025634766
18302,-0.001373292
18303,-0.0025634766
18304,6.103469e-05
18305,-0.0015869159
18306,-0.00036620954
18307,-0.0004577646
18308,0.0010681166
18309,0.0015869134
18310,0.00039673038
18311,0.0005493148
18312,0.0012512216
18313,0.002471923
18314,0.00021362421
18315,-0.0011596687
18316,-0.000610351
18317,3.0517578e-05
18318,0.00033569336
18319,0.0012207032
18320,-0.0013732908
18321,0.0004577639
18322,-3.0517345e-05
18323,0.0013122557
18324,-0.0015563963
18325,0.001220704
18326,-0.0017089848
18327,-0.0030822735
18328,-0.0015563974
18329,-0.00091552874
18330,0.0011901844
18331,0.0014953618
18332,0.0033874533
18333,-0.0010375965
18334,0.0046386714
18335,-0.00048828032
18336,0.0024414044
18337,0.00039672758
18338,0.003173829
18339,-0.00027466193
18340,0.00073242374
18341,-0.00048828125
18342,0.00039673038
18343,0.001373291
18344,-6.103562e-05
18345,0.0002441397
18346,-0.0018310552
18347,-0.0013732883
18348,-0.0025634759
18349,-0.0010681154
18350,-0.0021057155
18351,-0.0010681129
18352,-0.00027466007
18353,-0.0032043457
18354,-0.0021362323
18355,-0.0029907227
18356,0.0006408682
18357,-0.0006103497
18358,0.002319336
18359,-0.0020141606
18360,0.00201416
18361,0.0019226079
18362,0.0023803706
18363,0.0012512214
18364,0.0009765624
18365,0.00067138695
18366,0.001708983
18367,0.0007324228
18368,0.002716064
18369,0.0010986328
18370,0.0014648447
18371,9.155506e-05
18372,-0.0003967313
18373,-0.0021667476
18374,0.00030517438
18375,-0.0005188007
18376,-0.00027465774
18377,-0.0013122555
18378,0.000152588
18379,-0.0021972652
18380,-0.00061035086
18381,-0.0017089851
18382,-0.0010375972
18383,-0.0018005369
18384,0.0016784675
18385,-0.0017395027
18386,0.001464843
18387,-0.0011596689
18388,-9.1553666e-05
18389,-0.0017394992
18390,0.00015258742
18391,-3.0518044e-05
18392,0.0011596675
18393,-0.0022583003
18394,0.0013122554
18395,-0.0019836412
18396,0.0006103511
18397,-0.00036621094
18398,0.0011291495
18399,-0.0026855431
18400,0.0010681124
18401,-0.0021362277
18402,-0.0014953623
18403,0.0002441425
18404,-0.0006713867
18405,0.00088500977
18406,0.0018920891
18407,0.0034484873
18408,0.00051879906
18409,0.002166748
18410,0.0004882817
18411,0.002319335
18412,0.0010375981
18413,0.00079345657
18414,0.0004272461
18415,-0.0011291504
18416,0.0007324219
18417,-0.001129151
18418,0.00015258795
18419,0.0002441411
18420,-0.00045776507
18421,-0.0021972642
18422,-0.0014953637
18423,-0.0029602046
18424,-0.0014648438
18425,-0.0005187979
18426,0.0008239746
18427,0.00018310826
18428,0.00039672758
18429,0.0014343254
18430,0.00079345796
18431,0.0021362305
18432,-0.0014953607
18433,0.00082397414
18434,0.0013732911
18435,0.001831055
18436,0.00076293945
18437,-0.00070190436
18438,-0.00033569333
18439,-0.00027465814
18440,-0.00039672852
18441,-0.00042724598
18442,0.00051879894
18443,-0.0016479495
18444,0.001190186
18445,-0.0007324226
18446,-0.0027771
18447,0.00042724586
18448,-0.0008544929
18449,0.00070190546
18450,0.0018005377
18451,0.0017395016
18452,-0.0019531255
18453,0.002441407
18454,-0.0015258789
18455,-0.001098633
18456,-0.0010070796
18457,0.0015258789
18458,-0.0005187986
18459,0.00021362305
18460,-0.00021362305
18461,-0.0017089839
18462,-3.051851e-05
18463,-0.0010681148
18464,0.0013732905
18465,0.00057983445
18466,0.0019226079
18467,0.00039672933
18468,-9.1553375e-05
18469,0.00067138695
18470,6.103562e-05
18471,0.0015563953
18472,0.0005187993
18473,0.0024414053
18474,-0.00045776414
18475,0.0019226079
18476,0.00070190337
18477,-0.00021362538
18478,0.00039673038
18479,-0.0002441397
18480,-6.103702e-05
18481,0.001434328
18482,0.0024414044
18483,0.0011596652
18484,-0.00039672852
18485,0.0004882794
18486,-0.0010375986
18487,-0.0015563965
18488,9.313226e-10
18489,-0.00045776693
18490,-0.0015563956
18491,0.0003967262
18492,-0.00061034877
18493,-0.00033569476
18494,-0.0022582998
18495,-0.0004882831
18496,-0.0012817372
18497,-0.001586915
18498,-0.0018615718
18499,-0.002624513
18500,-0.0024719234
18501,9.1552734e-05
18502,-0.0002746568
18503,0.001037599
18504,0.0026855455
18505,-0.00094604585
18506,0.00091552804
18507,-0.00082397484
18508,-0.00073242234
18509,0.0009765641
18510,0.00030517648
18511,0.00079345587
18512,0.0016784663
18513,0.0001831064
18514,0.003112791
18515,0.0037231445
18516,0.0028076153
18517,0.00216675
18518,0.0005493164
18519,0.00015258975
18520,-9.1552734e-05
18521,0.0006713886
18522,0.00015259162
18523,0.0011596698
18524,0.00033569336
18525,0.00042724516
18526,-0.0007934575
18527,-0.004943845
18528,-0.0036926274
18529,-0.0034790058
