0,0.008361815
1,0.01864624
2,0.023590088
3,0.022888182
4,0.018127441
5,0.026000975
6,0.015625004
7,0.017700197
8,0.0061950693
9,0.008331298
10,0.0028686495
11,0.0061645526
12,0.008026123
13,0.012420655
14,0.01464844
15,0.006317136
16,0.003967285
17,0.005615238
18,0.004272459
19,-0.0012512207
20,0.0006103497
21,0.0005188007
22,0.0032043466
23,-0.0017395001
24,0.0047302227
25,0.0025634766
26,-0.0011291523
27,0.0027770996
28,0.008331299
29,0.002288822
30,0.006774904
31,0.005554199
32,0.0070495596
33,0.0133667
34,0.007995606
35,0.011291504
36,0.01489258
37,0.013641356
38,0.015960693
39,0.021240233
40,0.009613035
41,0.012969971
42,0.009857176
43,0.0030212393
44,0.0017089874
45,-0.010131838
46,-0.019836428
47,-0.016326902
48,-0.024230955
49,-0.0385437
50,-0.031066898
51,-0.038146973
52,-0.028015137
53,-0.034210205
54,-0.03451538
55,-0.04351806
56,-0.044006348
57,-0.049377434
58,-0.05227662
59,-0.03671264
60,-0.031066889
61,-0.026306154
62,-0.015441894
63,-0.011993408
64,-0.0079956055
65,0.0005493164
66,-6.103702e-05
67,0.016845705
68,0.009552
69,0.014221193
70,0.019195559
71,0.013854979
72,0.005767826
73,0.011688233
74,0.013153073
75,0.012329102
76,0.014678954
77,0.014526366
78,0.017181393
79,0.0175476
80,0.010192875
81,0.015747067
82,0.019958492
83,0.017211916
84,0.02267456
85,0.027648926
86,0.031921387
87,0.026092531
88,0.01672363
89,0.02206421
90,0.018157959
91,0.017303469
92,0.024902344
93,0.032958984
94,0.025421144
95,0.026885986
96,0.032287598
97,0.0047302283
98,0.026519775
99,0.033264156
100,0.030273438
101,0.036834713
102,0.02523804
103,0.026214592
104,0.015991211
105,0.020202635
106,0.012115477
107,0.0078125
108,0.002288822
109,-0.011047363
110,-0.02026368
111,-0.031616215
112,-0.034881596
113,-0.031188969
114,-0.03430175
115,-0.03414916
116,-0.018402098
117,-0.030395512
118,-0.025756842
119,-0.0062256027
120,-0.008666992
121,-0.015075676
122,-0.0064697266
123,-0.009521472
124,0.0027160607
125,0.009063717
126,0.018676758
127,0.0355835
128,0.03265382
129,0.040405285
130,0.038909912
131,0.04483031
132,0.04223632
133,0.033264175
134,0.029846191
135,0.02651979
136,0.0166931
137,0.005737312
138,0.0044555645
139,-0.006195066
140,-0.022094723
141,-0.014862066
142,-0.0426941
143,-0.05914306
144,-0.06570435
145,-0.0821228
146,-0.098388664
147,-0.10437012
148,-0.10592651
149,-0.11526491
150,-0.107696526
151,-0.11502075
152,-0.1067505
153,-0.09552003
154,-0.09051513
155,-0.07873535
156,-0.061462402
157,-0.053619385
158,-0.031707764
159,-0.009429939
160,0.006317146
161,0.035217278
162,0.04898072
163,0.038238533
164,0.059356682
165,0.080261216
166,0.07794189
167,0.087829575
168,0.06723024
169,0.057891857
170,0.049468998
171,0.036987312
172,0.028930647
173,0.011291493
174,0.005065929
175,-0.010742173
176,-0.023925778
177,-0.035278335
178,-0.03256225
179,-0.04220584
180,-0.043670636
181,-0.03878784
182,-0.048431396
183,-0.04473877
184,-0.03613282
185,-0.060394287
186,-0.03051757
187,-0.016937258
188,-0.008666986
189,0.011901857
190,0.013366695
191,0.025512682
192,0.039581295
193,0.04986573
194,0.06295777
195,0.07678224
196,0.07885742
197,0.08035276
198,0.07601926
199,0.07073976
200,0.06896971
201,0.05496216
202,0.044036854
203,0.023773216
204,0.0008239746
205,-0.01742554
206,-0.040222175
207,-0.032867447
208,-0.056518555
209,-0.0684204
210,-0.07312012
211,-0.08251954
212,-0.07501219
213,-0.059051536
214,-0.060516372
215,-0.05966187
216,-0.05175779
217,-0.02627562
218,-0.020446792
219,-0.01556398
220,-0.0029602125
221,0.005004883
222,0.006256096
223,0.022979755
224,0.04037474
225,0.021484382
226,0.03741456
227,0.028350834
228,0.016204849
229,0.029418934
230,0.0065917782
231,-0.00045777112
232,-0.009796161
233,-0.02560427
234,-0.021697972
235,-0.024383554
236,-0.040863052
237,-0.046630867
238,-0.043090817
239,-0.048309326
240,-0.044036873
241,-0.032135006
242,-0.023529029
243,-0.013732923
244,0.005950941
245,0.008392324
246,0.024047863
247,0.036224358
248,0.04373169
249,0.05850219
250,0.060455322
251,0.07501221
252,0.07183837
253,0.069305405
254,0.07031249
255,0.065856926
256,0.07724
257,0.06417848
258,0.063049324
259,0.063568115
260,0.06079101
261,0.06201171
262,0.059631363
263,0.06185913
264,0.07138063
265,0.06411743
266,0.06701661
267,0.056732167
268,0.05203247
269,0.06726072
270,0.048797607
271,0.051574707
272,0.041564938
273,0.04458619
274,0.03753663
275,0.021057133
276,0.016113285
277,0.0021972675
278,0.0034789965
279,-0.0032653753
280,-0.010589596
281,-0.01971435
282,-0.028625496
283,-0.024291998
284,-0.034576416
285,-0.038909912
286,-0.033142097
287,-0.032409668
288,-0.045013443
289,-0.037414543
290,-0.019409193
291,-0.02221681
292,-0.0062561072
293,-0.006072986
294,-0.006958003
295,0.0017700279
296,0.004730234
297,0.003601077
298,0.0018920964
299,-0.0057983366
300,-0.0027771061
301,0.006988529
302,-0.004638668
303,-0.016571036
304,-0.015991218
305,-0.035400398
306,-0.048583984
307,-0.048767075
308,-0.052520752
309,-0.05880738
310,-0.06860352
311,-0.056915283
312,-0.04727173
313,-0.06497193
314,-0.04321289
315,-0.043365467
316,-0.033538803
317,-0.030273426
318,-0.02722167
319,-0.020202635
320,-0.020507809
321,-0.018585201
322,-0.010223397
323,-0.015075685
324,-0.010467522
325,-0.010803228
326,-0.006683346
327,-0.01434326
328,-0.009613035
329,-0.006286619
330,-0.009887697
331,-0.0042114155
332,-1.8626451e-09
333,-0.007415767
334,-0.018890379
335,-0.018157952
336,-0.028900139
337,-0.023040779
338,-0.010864265
339,-0.01678466
340,-0.014831547
341,-0.011596672
342,-0.0011291392
343,0.0021057092
344,0.00048828125
345,-0.0013732985
346,-0.0034790002
347,-0.0040893704
348,-0.013244621
349,-0.012207026
350,-0.00488282
351,-0.01687622
352,-0.020172117
353,-0.015869131
354,-0.021057129
355,-0.02819824
356,-0.042144775
357,-0.016448978
358,-0.03033448
359,-0.05206299
360,0.014343247
361,-0.004882816
362,-0.04400634
363,0.011474613
364,0.019195564
365,0.0021972684
366,0.009918206
367,0.0005493162
368,-0.0068969745
369,-0.015869126
370,-0.020141609
371,-0.03842164
372,-0.05389404
373,-0.01809692
374,-0.042419437
375,-0.04809571
376,-0.04370116
377,-0.011169434
378,-0.026367188
379,-0.053985596
380,-0.052459717
381,0.009429928
382,-0.028015131
383,0.00061035063
384,0.042724624
385,-0.004669194
386,0.0010070717
387,0.015563968
388,-0.0073242225
389,-0.0066223135
390,0.003021242
391,0.012756348
392,0.033813484
393,0.03338623
394,0.020996097
395,0.031280518
396,0.052551277
397,0.044769295
398,0.0647583
399,0.04046631
400,0.049316406
401,0.08889771
402,0.07754518
403,0.09115599
404,0.0815735
405,0.050262466
406,0.06192015
407,0.04718018
408,0.045440678
409,0.04525756
410,0.06240845
411,0.085784905
412,0.04891968
413,0.06723021
414,0.04824829
415,0.05981446
416,0.08035278
417,0.028778076
418,0.023651123
419,0.04632569
420,0.047180172
421,0.023193358
422,0.028076176
423,0.053588863
424,0.05706788
425,0.009948728
426,0.07312011
427,0.06582643
428,0.008728021
429,0.075469986
430,0.07153322
431,0.04840087
432,0.04656983
433,0.021667475
434,0.023895264
435,-0.0051269545
436,-0.01678468
437,-0.034545906
438,-0.02847291
439,-0.00030517438
440,-0.02966309
441,-0.03134156
442,-0.034484856
443,0.0021362295
444,-0.011962889
445,-0.04055788
446,-0.046203613
447,-0.047485348
448,-0.015289322
449,0.0021057082
450,-0.026519757
451,-0.017852785
452,0.003448492
453,-0.017425532
454,-0.048583988
455,-0.058837883
456,-0.051086426
457,-0.07882689
458,-0.046539318
459,-0.08135988
460,-0.10855102
461,-0.03756714
462,-0.048522957
463,-0.07086183
464,-0.055450432
465,-0.02572632
466,-0.03857422
467,-0.059387214
468,-0.07131958
469,-0.0078124944
470,-0.047821045
471,-0.05044557
472,0.0014343392
473,-0.06323243
474,-0.02621461
475,-0.012603755
476,-0.02078247
477,0.032348633
478,0.00067138486
479,0.022125252
480,0.050994873
481,0.04092408
482,0.024566654
483,0.021148684
484,0.022430424
485,0.015167241
486,0.02804565
487,-0.012573244
488,-0.008605958
489,0.009613045
490,-0.0018005463
491,0.008911134
492,-0.009582523
493,-0.035125747
494,-0.015533451
495,-0.02032471
496,-0.013336187
497,-0.00247192
498,0.024780272
499,0.05935669
500,0.030761719
501,0.051208504
502,0.04248047
503,0.05441285
504,0.059020996
505,0.027099613
506,0.018554688
507,0.026458744
508,0.021881098
509,-0.006500244
510,-0.0051879873
511,-0.010925287
512,-0.0070495675
513,-0.014587399
514,-0.044830322
515,-0.03109742
516,-0.012695315
517,-0.020874027
518,-0.038574226
519,-0.021331783
520,-0.023315433
521,-0.03970337
522,-0.018188477
523,-0.012664797
524,-0.024047842
525,-0.0047912607
526,0.004058838
527,-0.018280031
528,0.00033569615
529,-0.0026550265
530,-0.013671881
531,-0.016693115
532,-0.0037841816
533,-0.0048522856
534,0.0073547354
535,-0.011779785
536,-0.036010742
537,-0.02703858
538,-0.009063726
539,-0.024505615
540,-0.042572025
541,-0.021026613
542,-0.019805906
543,-0.04425049
544,-0.010070803
545,-0.022247318
546,-0.031677242
547,-0.013854983
548,0.0024108887
549,-0.010375977
550,0.001647949
551,0.0062255915
552,-0.01730347
553,-0.009490969
554,-0.007934572
555,0.0017395087
556,0.014038082
557,-0.016113281
558,-0.009674073
559,-0.0079040555
560,-0.02239991
561,0.003631593
562,-0.012786863
563,-0.016540525
564,-0.009063721
565,-0.024536131
566,-0.0008850116
567,0.0037536602
568,-0.013916016
569,0.004272458
570,0.015899658
571,0.0029907227
572,0.009277343
573,0.014038088
574,0.007751463
575,0.017547607
576,0.010375978
577,0.002532958
578,0.012207029
579,0.0071411133
580,0.0046691913
581,0.022979734
582,0.014343263
583,0.023468018
584,0.01171875
585,0.013854981
586,0.015319822
587,0.0020751934
588,0.017425539
589,0.018524168
590,0.022552494
591,0.02505493
592,0.021331787
593,0.013092039
594,0.0256958
595,0.018463135
596,0.019775392
597,0.020507812
598,0.02432251
599,0.022430424
600,0.019897463
601,0.014282224
602,0.01220703
603,0.014495851
604,0.013458252
605,0.010223388
606,0.009002684
607,0.013519284
608,0.022552492
609,0.010040281
610,0.024139404
611,3.0519208e-05
612,0.011657718
613,0.0043334994
614,0.0039367676
615,0.011108397
616,0.007904054
617,0.0061950674
618,-0.0013732901
619,0.0021362305
620,0.0069274893
621,0.007843018
622,0.0024414062
623,0.0029907199
624,0.0013122559
625,0.0006103539
626,-0.0025024405
627,0.0038146973
628,0.004180908
629,0.0052185045
630,0.009735109
631,0.0010070796
632,0.016571045
633,-0.0029907227
634,-0.0020446768
635,-0.003326416
636,-0.0007324219
637,0.020538334
638,0.009307859
639,0.02029419
640,0.014465332
641,0.019378662
642,0.016052246
643,0.017333984
644,0.017639156
645,0.019073486
646,0.018218996
647,0.0107421875
648,0.005645754
649,0.0077514667
650,-0.0016174335
651,-0.0039062463
652,-0.00579834
653,-0.0010681152
654,-0.009307863
655,0.0028381348
656,-0.008514402
657,-0.0067443848
658,-0.009765632
659,-0.017272947
660,-0.018280018
661,-0.013702396
662,-0.008117676
663,-0.011566158
664,-0.00579834
665,-0.010589605
666,-0.0074462965
667,-0.010711681
668,-0.0012512207
669,-0.001800539
670,-0.0041503906
671,-0.0053710938
672,-0.009918215
673,-0.0043945312
674,0.0027770968
675,0.006011963
676,0.0028076186
677,0.015655518
678,0.010742189
679,0.012664799
680,0.00860596
681,0.0005187993
682,0.0074157687
683,0.00012207171
684,0.0025634759
685,-0.008972165
686,-0.0013427758
687,-0.0023193331
688,6.1040744e-05
689,-0.007690425
690,-0.00933838
691,-0.0020751962
692,0.0012512177
693,0.00021362398
694,0.0055847187
695,0.0010375967
696,-0.0031738286
697,-0.0034484854
698,-0.004852296
699,0.006652831
700,0.0055541974
701,0.004516599
702,0.0071105985
703,0.0024414086
704,0.008331294
705,0.0046386747
706,0.006042483
707,0.0020751958
708,-0.0018005371
709,0.002075198
710,0.00073242467
711,0.006561282
712,0.002105713
713,0.0065612793
714,0.0055236816
715,0.004272462
716,0.0078125
717,0.006622318
718,-0.0013122559
719,-0.00033569336
720,-0.002014162
721,0.008728029
722,0.001159668
723,0.001312254
724,-0.0004272554
725,-0.009124756
726,-0.013488758
727,-0.014343265
728,-0.017242428
729,-0.0069274874
730,-0.013153075
731,-0.020843513
732,-0.022186287
733,-0.025329601
734,-0.018096926
735,-0.0206604
736,-0.02346802
737,-0.022613525
738,-0.025634766
739,-0.023590088
740,-0.019226072
741,-0.026977539
742,-0.024993896
743,-0.02319336
744,-0.024627686
745,-0.025604248
746,-0.027801521
747,-0.034606934
748,-0.032165516
749,-0.038177494
750,-0.031555176
751,-0.027343746
752,-0.028137207
753,-0.03890992
754,-0.037567146
755,-0.039733898
756,-0.03677368
757,-0.034729004
758,-0.034423828
759,-0.03457642
760,-0.027252197
761,-0.026977543
762,-0.015380858
763,-0.018341064
764,-0.012695311
765,-0.0113220215
766,-0.012084961
767,-0.013641358
768,-0.010070798
769,-0.005310059
770,0.0052185
771,0.009368901
772,0.012817384
773,0.012420654
774,0.008239747
775,0.017517092
776,0.020141607
777,0.021667484
778,0.01904297
779,0.019622803
780,0.030700687
781,0.027252197
782,0.02825928
783,0.02786255
784,0.024475098
785,0.027923584
786,0.030059816
787,0.0295105
788,0.028808597
789,0.028289795
790,0.031951908
791,0.025726318
792,0.03417968
793,0.03689576
794,0.028930668
795,0.024383545
796,0.018127443
797,0.02270508
798,0.019744877
799,0.023315433
800,0.029052734
801,0.043396004
802,0.050415047
803,0.050720222
804,0.035949707
805,0.02368164
806,0.0095214825
807,0.014892576
808,0.009979248
809,0.0065917987
810,0.004669193
811,0.0009460449
812,-0.015686039
813,-0.034240723
814,-0.053863518
815,-0.063415535
816,-0.06625368
817,-0.07147217
818,-0.0649109
819,-0.05871582
820,-0.055450425
821,-0.063903816
822,-0.05346679
823,-0.046386722
824,-0.034667965
825,-0.010559083
826,0.0147094745
827,0.04049683
828,0.061523438
829,0.07247925
830,0.071563706
831,0.08236694
832,0.09600831
833,0.098480225
834,0.1079712
835,0.10934449
836,0.107574455
837,0.09939577
838,0.09869386
839,0.08566285
840,0.06979371
841,0.054229736
842,0.04348755
843,0.032043464
844,0.0021667518
845,-0.01675415
846,-0.03161621
847,-0.047485363
848,-0.0602417
849,-0.07058717
850,-0.0682068
851,-0.075531006
852,-0.08956908
853,-0.090850815
854,-0.085205086
855,-0.073974594
856,-0.057403557
857,-0.038970944
858,-0.020172123
859,-0.00039672107
860,0.0223999
861,0.039001465
862,0.03292847
863,0.045043945
864,0.05307007
865,0.057464607
866,0.06683349
867,0.08209229
868,0.092041016
869,0.08679199
870,0.07281495
871,0.061096188
872,0.04437257
873,0.03494262
874,0.028289806
875,0.014282227
876,-0.009094227
877,-0.022583013
878,-0.033935554
879,-0.052459717
880,-0.07217406
881,-0.07730104
882,-0.08615114
883,-0.08682251
884,-0.086059585
885,-0.07952881
886,-0.07656859
887,-0.07150269
888,-0.044586174
889,-0.01492309
890,0.0049133375
891,0.016571056
892,0.019165037
893,0.043762222
894,0.055664062
895,0.051605225
896,0.05691526
897,0.06555175
898,0.06375123
899,0.05307006
900,0.036163323
901,0.017517103
902,-0.010589585
903,-0.04031372
904,-0.07098389
905,-0.08383178
906,-0.07247926
907,-0.092803955
908,-0.106842026
909,-0.11865236
910,-0.11526488
911,-0.117889404
912,-0.11135863
913,-0.10467531
914,-0.09283447
915,-0.07211304
916,-0.062622085
917,-0.041656494
918,-0.034149177
919,-0.014587394
920,0.0067138746
921,0.03384401
922,0.04620362
923,0.05264284
924,0.06878662
925,0.06723024
926,0.067779556
927,0.06359864
928,0.05303956
929,0.050048828
930,0.050720215
931,0.039550785
932,0.017456064
933,-0.0071105976
934,-0.021820066
935,-0.019287124
936,-0.034820545
937,-0.05108644
938,-0.057769775
939,-0.04635621
940,-0.05377195
941,-0.05703734
942,-0.06121826
943,-0.054077134
944,-0.033081047
945,-0.025726315
946,-0.01571656
947,0.004486084
948,0.032806396
949,0.041778564
950,0.036895756
951,0.04824829
952,0.061431877
953,0.05969239
954,0.04739379
955,0.045837395
956,0.030639645
957,0.03512573
958,0.04040528
959,0.048095696
960,0.045501724
961,0.04049682
962,0.04122926
963,0.022094725
964,0.007812504
965,-0.0075378427
966,-0.007812499
967,0.0041503785
968,0.0010681096
969,-0.002288824
970,0.009582519
971,0.011322023
972,0.023284916
973,0.022705078
974,0.009521481
975,0.01724244
976,0.009582514
977,-0.0019531343
978,-0.010650642
979,-0.019256588
980,-0.014221196
981,-0.009307854
982,-0.01785278
983,-0.036193848
984,-0.026702888
985,-0.028350836
986,-0.017059334
987,-0.008666995
988,-0.012847896
989,0.011199939
990,0.02365112
991,0.013122556
992,0.00857544
993,0.022735596
994,0.03765869
995,0.033294678
996,0.027648922
997,0.03741456
998,0.03454589
999,0.028228762
1000,0.02481079
1001,0.008544929
1002,0.01898193
1003,-0.0014343187
1004,-0.023834229
1005,-0.028808592
1006,-0.02606202
1007,-0.019958505
1008,-0.014251713
1009,0.0013732882
1010,-0.0023193378
1011,0.014160153
1012,0.011627195
1013,0.015258779
1014,0.0086669875
1015,0.013122558
1016,0.014556885
1017,0.028564453
1018,0.032928467
1019,0.04180909
1020,0.040863037
1021,0.036376953
1022,0.031585693
1023,0.030120857
1024,0.034606926
1025,0.027252207
1026,0.024261476
1027,0.023620607
1028,0.01879882
1029,0.02359008
1030,0.023406982
1031,0.021881102
1032,0.022674555
1033,0.023529053
1034,0.00506592
1035,0.005523678
1036,0.0019836472
1037,-0.019104002
1038,-0.01690674
1039,-0.01535034
1040,-0.032653805
1041,-0.026855461
1042,-0.020751948
1043,-0.030853273
1044,-0.02670289
1045,-0.026916493
1046,-0.031890877
1047,-0.028747557
1048,-0.025634767
1049,-0.024230957
1050,-0.023834236
1051,-0.0262146
1052,-0.01895142
1053,-0.01940918
1054,-0.02038574
1055,-0.02822876
1056,-0.016998293
1057,-0.004119875
1058,-0.009552002
1059,-0.0068359375
1060,-0.0058898926
1061,-0.005340576
1062,0.007598875
1063,0.004272446
1064,0.011291495
1065,0.010620112
1066,0.0112915095
1067,0.0132751465
1068,0.010345459
1069,0.0013122596
1070,0.0027770977
1071,0.007507325
1072,0.004760737
1073,-0.00057983026
1074,-0.011138915
1075,-0.014831541
1076,-0.018798826
1077,-0.028930664
1078,-0.021026613
1079,-0.007934569
1080,-0.0166626
1081,-0.013732911
1082,-0.021209715
1083,-0.027191162
1084,-0.01791382
1085,-0.01806641
1086,-0.025604255
1087,-0.019897457
1088,-0.017547602
1089,-0.02194214
1090,-0.019714355
1091,-0.020812985
1092,-0.013031004
1093,-0.00839233
1094,-0.010925295
1095,-0.0033569317
1096,-0.010955811
1097,-0.015167236
1098,-0.022186274
1099,-0.015594482
1100,-0.023681642
1101,-0.026855469
1102,-0.017089844
1103,-0.027252197
1104,-0.029907227
1105,-0.035217285
1106,-0.053253166
1107,-0.046844468
1108,-0.05007934
1109,-0.04522705
1110,-0.03564454
1111,-0.03356933
1112,-0.032592773
1113,-0.034942627
1114,-0.024627684
1115,-0.027038574
1116,-0.02578735
1117,-0.01855469
1118,-0.009674073
1119,-0.014373778
1120,-0.0075073205
1121,-0.0004577646
1122,0.0018615741
1123,0.0035705548
1124,0.01638794
1125,0.013702393
1126,0.024963377
1127,0.02355957
1128,0.011901865
1129,0.026336666
1130,0.028808594
1131,0.024810795
1132,0.028106686
1133,0.024353027
1134,0.023620598
1135,0.024932861
1136,0.025299078
1137,0.019195555
1138,0.015319822
1139,0.009582522
1140,0.008422852
1141,0.0032043452
1142,0.0048828106
1143,-0.0011596698
1144,0.003967285
1145,0.0038146973
1146,-0.00018310547
1147,0.0061950684
1148,0.0074157715
1149,0.012145994
1150,0.024230955
1151,0.028747551
1152,0.029693596
1153,0.03430175
1154,0.026763914
1155,0.027282717
1156,0.023681642
1157,0.02807617
1158,0.02127075
1159,0.02142334
1160,0.019622805
1161,0.020263674
1162,0.014892577
1163,0.02041626
1164,0.01889038
1165,0.018005371
1166,0.013885498
1167,0.015350342
1168,0.013366698
1169,0.014984133
1170,0.0119018555
1171,0.013488771
1172,0.024200436
1173,0.015563969
1174,0.020385742
1175,0.023345947
1176,0.027313232
1177,0.032867428
1178,0.027801521
1179,0.02734375
1180,0.025848389
1181,0.020111084
1182,0.026000977
1183,0.02304077
1184,0.023162842
1185,0.025177002
1186,0.024902344
1187,0.023590088
1188,0.024902344
1189,0.019866945
1190,0.024993895
1191,0.027008057
1192,0.02609253
1193,0.025024416
1194,0.037322998
1195,0.027404778
1196,0.029449457
1197,0.031616226
1198,0.033782966
1199,0.033416733
1200,0.033966057
1201,0.02017212
1202,0.016052244
1203,0.016357422
1204,0.010528566
1205,0.003845213
1206,0.00027465913
1207,-0.009796143
1208,-0.008361816
1209,-0.01867676
1210,-0.01675415
1211,-0.01660156
1212,-0.023773193
1213,-0.018127443
1214,-0.0194397
1215,-0.013946533
1216,6.1035156e-05
1217,-0.0056457594
1218,-0.007415775
1219,-0.0071411002
1220,-0.008789057
1221,-0.004638681
1222,-0.004577646
1223,-0.010559082
1224,-0.01855469
1225,-0.0061950656
1226,-0.014709471
1227,-0.019592283
1228,-0.016967773
1229,-0.019775389
1230,-0.025115967
1231,-0.02355957
1232,-0.024658203
1233,-0.022369385
1234,-0.026245117
1235,-0.024627684
1236,-0.032348633
1237,-0.030548094
1238,-0.03781128
1239,-0.037384026
1240,-0.0319519
1241,-0.032775883
1242,-0.031860355
1243,-0.033569332
1244,-0.027130127
1245,-0.021759035
1246,-0.01702881
1247,-0.011016846
1248,-0.009429931
1249,-0.008239748
1250,-0.0021667462
1251,0.0045166016
1252,0.0053405757
1253,0.011932372
1254,0.012878419
1255,0.016296387
1256,0.02218628
1257,0.02532959
1258,0.021301273
1259,0.022064209
1260,0.013885498
1261,0.0040588416
1262,0.0053405724
1263,0.0007019006
1264,-0.007781988
1265,-0.0152282715
1266,-0.0118408175
1267,-0.009033205
1268,-0.00088500883
1269,-0.010406494
1270,-0.0051879873
1271,-0.0075378413
1272,-0.010894775
1273,-0.0099487305
1274,-0.008422848
1275,-0.015045166
1276,-0.014099124
1277,-0.021209717
1278,-0.01550293
1279,-0.023071289
1280,-0.015563968
1281,-0.013793943
1282,-0.009033207
1283,-0.02264404
1284,-0.026306154
1285,-0.024108894
1286,-0.031311035
1287,-0.021575926
1288,-0.02124023
1289,-0.014556885
1290,-0.017456055
1291,-0.017730711
1292,-0.011535646
1293,-0.013732906
1294,-0.010650633
1295,-0.011840818
1296,-0.0132751465
1297,-0.015136721
1298,-0.017059328
1299,-0.017944336
1300,-0.02856445
1301,-0.027496336
1302,-0.028503418
1303,-0.03201294
1304,-0.023315437
1305,-0.036468506
1306,-0.039672848
1307,-0.039855964
1308,-0.040283203
1309,-0.031860348
1310,-0.034729
1311,-0.027648922
1312,-0.030700684
1313,-0.023651123
1314,-0.01577759
1315,-0.009613039
1316,-0.0047912584
1317,-0.00140381
1318,0.004058836
1319,0.007812498
1320,0.0135498075
1321,0.019195559
1322,0.013702394
1323,0.023590088
1324,0.016845707
1325,0.018127445
1326,0.012817383
1327,0.017944336
1328,0.013031004
1329,0.014160157
1330,0.015533447
1331,0.011505125
1332,0.009277346
1333,0.0116882315
1334,0.0105896015
1335,0.015350341
1336,0.021728514
1337,0.007873531
1338,0.01245117
1339,0.004211422
1340,0.016906738
1341,0.02493286
1342,0.022186283
1343,0.022033691
1344,0.0178833
1345,0.017669678
1346,0.015625
1347,0.018615723
1348,0.016998293
1349,0.028289797
1350,0.025909424
1351,0.021148684
1352,0.02255249
1353,0.01803589
1354,0.017211914
1355,0.017944336
1356,0.01586914
1357,0.009063721
1358,0.006805416
1359,0.013793945
1360,0.01159668
1361,0.005065918
1362,0.0030212402
1363,0.0049438477
1364,0.0028076181
1365,0.0025634766
1366,0.005126953
1367,0.0026245127
1368,0.011230469
1369,0.010681152
1370,0.019348145
1371,0.038085938
1372,0.038604736
1373,0.032470703
1374,0.03491211
1375,0.037750244
1376,0.032470703
1377,0.039611816
1378,0.041900635
1379,0.040161133
1380,0.032592773
1381,0.039489746
1382,0.029174807
1383,0.032653812
1384,0.020202635
1385,0.008819579
1386,0.009582518
1387,0.009735109
1388,0.009490967
1389,0.015472416
1390,0.01889038
1391,0.017822264
1392,0.008605958
1393,0.0050353995
1394,-0.0011291485
1395,-1.8626451e-09
1396,0.0016479492
1397,-0.008972169
1398,-0.011413576
1399,-0.011199951
1400,-0.012542725
1401,-0.003570558
1402,0.0021667506
1403,-0.0047302255
1404,-0.0061340327
1405,0.0054321284
1406,0.00454712
1407,0.00415039
1408,0.006439207
1409,0.013153074
1410,0.014495847
1411,0.014068602
1412,0.013977051
1413,0.009826657
1414,0.0018615769
1415,-0.004302975
1416,-0.005065916
1417,-0.0020446759
1418,-0.0017395038
1419,-0.0049743615
1420,-0.0075683584
1421,-0.021270752
1422,-0.023803711
1423,-0.021911623
1424,-0.021240234
1425,-0.038970947
1426,-0.02914429
1427,-0.029968265
1428,-0.022888184
1429,-0.018798824
1430,-0.011871338
1431,-0.014984133
1432,-0.020812988
1433,-0.028625488
1434,-0.028289795
1435,-0.031036379
1436,-0.019165039
1437,-0.015380856
1438,-0.017333983
1439,-0.021331783
1440,-0.0184021
1441,-0.017028803
1442,-0.010620116
1443,-0.010406494
1444,-0.010314941
1445,-0.0153808575
1446,-0.01779175
1447,-0.012664797
1448,-0.014526372
1449,-0.022735598
1450,-0.022949219
1451,-0.022216793
1452,-0.020019531
1453,-0.018585205
1454,-0.020080565
1455,-0.020721437
1456,-0.022399902
1457,-0.013671875
1458,-0.010894776
1459,-0.0037231455
1460,-0.0046691876
1461,-0.0064086933
1462,-0.0042114276
1463,-0.0010070801
1464,0.006591796
1465,0.010375978
1466,0.018035887
1467,0.015350342
1468,0.013763428
1469,0.022857666
1470,0.01977539
1471,0.013061523
1472,0.00314331
1473,-0.0007934561
1474,-0.001037597
1475,-0.0021057143
1476,0.0027465834
1477,0.0071105966
1478,-0.00039673038
1479,0.00015258789
1480,-0.0067138663
1481,-0.01580811
1482,-0.007904051
1483,-0.0018310603
1484,-0.0057373047
1485,-0.007843019
1486,-0.0043640155
1487,-0.0054016123
1488,-0.00061035436
1489,-0.0038452162
1490,-0.0054016085
1491,0.007965089
1492,0.01086426
1493,0.017333986
1494,0.014099121
1495,0.010833739
1496,0.008270264
1497,0.009979247
1498,0.015289307
1499,0.015594482
1500,0.01651001
1501,0.0071411133
1502,0.004333497
1503,0.0022888198
1504,0.013397219
1505,0.013244628
1506,0.012939452
1507,0.010040283
1508,0.006561282
1509,-0.0020446791
1510,-0.0021972647
1511,-0.005584717
1512,-0.012695312
1513,-0.0071105976
1514,-0.0072631836
1515,0.0012512202
1516,0.006011963
1517,0.0039367666
1518,0.0016784649
1519,0.007751466
1520,0.0035705543
1521,0.006958007
1522,0.006713868
1523,0.006835937
1524,0.00042724703
1525,0.0046386733
1526,0.0105896
1527,0.01037598
1528,0.0060730004
1529,0.0079956055
1530,0.0061645517
1531,0.009765625
1532,0.008605959
1533,0.0076904297
1534,0.008911131
1535,0.0013122521
1536,-0.005828859
1537,-0.0031127944
1538,-0.0044860835
1539,-0.00543213
1540,-0.0074768066
1541,-0.009643555
1542,-0.009857178
1543,-0.0100708
1544,-0.013580324
1545,-0.013092041
1546,-0.01461792
1547,-0.011352541
1548,-0.014160158
1549,-0.011535645
1550,-0.019317625
1551,-0.021881102
1552,-0.018005375
1553,-0.019592285
1554,-0.0144958515
1555,-0.013671877
1556,-0.0095214825
1557,-0.014099121
1558,-0.008697508
1559,-0.006378173
1560,-0.0058898935
1561,-0.0016174298
1562,-0.00054931454
1563,-0.0035705566
1564,0.0002441425
1565,-0.005004883
1566,-0.007812503
1567,-0.009429932
1568,-0.0034484863
1569,-0.003967286
1570,-0.0037231445
1571,-0.004486085
1572,-0.0018310519
1573,0.0003967313
1574,0.0007629376
1575,0.0025024395
1576,0.005706787
1577,0.00680542
1578,0.012115479
1579,0.012573241
1580,0.014434814
1581,0.018096926
1582,0.018432617
1583,0.019226074
1584,0.015960693
1585,0.018310547
1586,0.016632076
1587,0.011199947
1588,0.011566165
1589,0.012817382
1590,0.008117675
1591,0.006591798
1592,0.007904053
1593,-0.0014038086
1594,0.0067443857
1595,0.0056152306
1596,0.0007019043
1597,0.0013732929
1598,-0.0025024377
1599,0.0036926288
1600,0.0016479474
1601,0.004577635
1602,-0.003753662
1603,-0.0041503916
1604,-0.006134033
1605,-0.0074768076
1606,-0.006805421
1607,-0.005554199
1608,-0.009552004
1609,-0.0113830585
1610,-0.0025024414
1611,0.0007934589
1612,0.0010375972
1613,0.008117676
1614,0.0050964337
1615,0.011016847
1616,0.0101623535
1617,0.014373779
1618,0.009368896
1619,0.008850101
1620,0.011138915
1621,0.0057373033
1622,-0.0020751972
1623,0.006164551
1624,-0.0004882831
1625,-0.0025329622
1626,-0.0023498512
1627,-0.003784176
1628,-0.00552368
1629,-0.010253904
1630,-0.005981443
1631,-0.0037536612
1632,-0.002532959
1633,-0.0015563974
1634,-0.00064086635
1635,-0.0022277813
1636,-0.00097656064
1637,0.0022888212
1638,-9.15518e-05
1639,0.0011596698
1640,0.0012817373
1641,0.0009765634
1642,0.006011961
1643,0.003295901
1644,-0.00012206752
1645,-9.313226e-10
1646,0.010711672
1647,0.009429931
1648,0.015808105
1649,0.024139404
1650,0.024871826
1651,0.026275635
1652,0.026428223
1653,0.025268553
1654,0.022491457
1655,0.027526854
1656,0.016967773
1657,0.02053833
1658,0.019409182
1659,0.0013122559
1660,-0.00039672758
1661,-0.0050048847
1662,-0.010894777
1663,-0.01043701
1664,-0.012268065
1665,-0.012481686
1666,-0.0066223107
1667,-0.014434814
1668,0.002746584
1669,0.009216308
1670,0.018066408
1671,0.012817379
1672,-0.00091552734
1673,-0.001861576
1674,-0.010406494
1675,-0.0113830585
1676,-0.0014953625
1677,0.001342773
1678,0.010528561
1679,0.014892579
1680,0.010406496
1681,0.01687622
1682,0.014129637
1683,0.011535643
1684,0.0132751465
1685,0.016174328
1686,0.012023937
1687,0.015533453
1688,0.015991213
1689,0.014129641
1690,-0.0031738207
1691,-0.013183594
1692,-0.014678955
1693,-0.025756836
1694,-0.019714355
1695,-0.01776123
1696,-0.025299072
1697,-0.028503418
1698,-0.021514893
1699,-0.028594969
1700,-0.023010254
1701,-0.026824951
1702,-0.030212402
1703,-0.023010254
1704,-0.023895264
1705,-0.015686035
1706,-0.012756348
1707,-0.011962898
1708,-0.0138244685
1709,-0.022155765
1710,-0.022949226
1711,-0.016723635
1712,-0.02780152
1713,-0.02722168
1714,-0.033691406
1715,-0.028808594
1716,-0.017211914
1717,-0.015777588
1718,-0.004425048
1719,-0.0064086914
1720,-0.005889891
1721,-0.009887697
1722,-0.0105285635
1723,-0.012908936
1724,-0.010437012
1725,-0.017669678
1726,-0.021911621
1727,-0.021057129
1728,-0.025604252
1729,-0.02801514
1730,-0.026184086
1731,-0.022369385
1732,-0.025604252
1733,-0.021972656
1734,-0.0053711
1735,0.0005798321
1736,-0.002532958
1737,0.0056762695
1738,-0.009643555
1739,-0.017425537
1740,-0.013427734
1741,-0.015167234
1742,-0.013488771
1743,-0.013122557
1744,-0.007598877
1745,0.0030212402
1746,0.007232664
1747,0.005493164
1748,0.009277342
1749,0.005920411
1750,0.009613035
1751,0.0066223238
1752,0.008880626
1753,0.02212525
1754,0.024261482
1755,0.023040777
1756,0.04287721
1757,0.044647217
1758,0.047790527
1759,0.043548584
1760,0.024169922
1761,0.014892582
1762,0.01272583
1763,0.017700197
1764,0.008453369
1765,0.011138915
1766,0.013458251
1767,0.016082762
1768,0.01022339
1769,0.025115969
1770,0.027069092
1771,0.023742676
1772,0.030914307
1773,0.033996593
1774,0.031005869
1775,0.03588868
1776,0.035278328
1777,0.030181887
1778,0.018371595
1779,0.016235352
1780,0.013153077
1781,0.0064697247
1782,0.021759031
1783,0.020507816
1784,0.020904541
1785,0.026062012
1786,0.014251708
1787,0.017303465
1788,0.016571045
1789,0.001983643
1790,6.1034225e-05
1791,-0.0041503888
1792,0.001953125
1793,0.0033874512
1794,-0.0009460449
1795,0.008758541
1796,0.0034484817
1797,-0.0059814486
1798,-0.00048828777
1799,0.0002441369
1800,-0.007995611
1801,-0.008758545
1802,-0.01159668
1803,-0.012481691
1804,-0.007019043
1805,-0.0028991718
1806,-0.00033569522
1807,-0.005218506
1808,-0.0062561044
1809,-0.006713868
1810,-0.008850098
1811,-0.015136719
1812,-0.012908937
1813,-0.018035889
1814,-0.01715088
1815,-0.012878419
1816,-0.02230835
1817,-0.017761238
1818,-0.0149230985
1819,-0.018554691
1820,-0.021148685
1821,-0.017517088
1822,-0.028686529
1823,-0.031372067
1824,-0.03817749
1825,-0.03311157
1826,-0.02764892
1827,-0.024810795
1828,-0.030822754
1829,-0.033111572
1830,-0.0335083
1831,-0.032135006
1832,-0.038604733
1833,-0.03488159
1834,-0.033416748
1835,-0.028961182
1836,-0.03201294
1837,-0.02819824
1838,-0.021362305
1839,-0.03234864
1840,-0.024108892
1841,-0.018737791
1842,-0.018096924
1843,-0.010284424
1844,-0.001129153
1845,0.0075683594
1846,0.014648436
1847,0.026947035
1848,0.05203247
1849,0.059783936
1850,0.065185554
1851,0.07598878
1852,0.07901002
1853,0.08135987
1854,0.07934572
1855,0.073699966
1856,0.06900026
1857,0.06433105
1858,0.05609131
1859,0.044403065
1860,0.03747558
1861,0.018096922
1862,0.005065914
1863,-0.0042114286
1864,-0.015686035
1865,-0.02575683
1866,-0.030700684
1867,-0.038360603
1868,-0.04357909
1869,-0.051513672
1870,-0.057495125
1871,-0.068206795
1872,-0.06994629
1873,-0.07241823
1874,-0.06652832
1875,-0.058715813
1876,-0.053131104
1877,-0.050201423
1878,-0.036651623
1879,-0.03118895
1880,-0.014617919
1881,-0.004577635
1882,0.00900269
1883,0.029968262
1884,0.033935547
1885,0.042083733
1886,0.057434082
1887,0.06869507
1888,0.068847656
1889,0.072082534
1890,0.07720947
1891,0.074127175
1892,0.057708737
1893,0.05563356
1894,0.048980713
1895,0.037078857
1896,0.02944947
1897,0.020965561
1898,0.011413567
1899,0.008270256
1900,-0.0042114295
1901,-0.010589596
1902,-0.022705078
1903,-0.03497314
1904,-0.032592766
1905,-0.035888672
1906,-0.036804195
1907,-0.035522457
1908,-0.031005865
1909,-0.026885992
1910,-0.028533936
1911,-0.017730715
1912,-0.016448978
1913,-0.006072985
1914,0.0062255915
1915,0.023345947
1916,0.042083744
1917,0.052673347
1918,0.058685306
1919,0.05593873
1920,0.06121827
1921,0.063629165
1922,0.05606081
1923,0.057708725
1924,0.050689697
1925,0.033843983
1926,0.021759026
1927,0.002838133
1928,-0.008758541
1929,-0.023376461
1930,-0.033355713
1931,-0.05017089
1932,-0.057556145
1933,-0.0631714
1934,-0.06915282
1935,-0.07391355
1936,-0.06738281
1937,-0.07186892
1938,-0.062072746
1939,-0.053161636
1940,-0.046752933
1941,-0.04724118
1942,-0.036041245
1943,-0.028381348
1944,-0.018127441
1945,-0.014099114
1946,-0.00244141
1947,9.154901e-05
1948,0.001647953
1949,0.0074462853
1950,-0.00045777485
1951,0.002014149
1952,0.0018920992
1953,-0.009460434
1954,-0.0037536547
1955,-0.009063711
1956,-0.013824448
1957,-0.017303474
1958,-0.028228767
1959,-0.036102295
1960,-0.04437256
1961,-0.045928963
1962,-0.04779052
1963,-0.042633057
1964,-0.040527344
1965,-0.033905037
1966,-0.028076183
1967,-0.017578118
1968,-0.019378655
1969,-0.0053100567
1970,0.0108947735
1971,0.01776123
1972,0.03555298
1973,0.04846191
1974,0.050201416
1975,0.06530762
1976,0.06619263
1977,0.07058717
1978,0.07632446
1979,0.078033425
1980,0.0710144
1981,0.07797243
1982,0.073638916
1983,0.07357789
1984,0.06851197
1985,0.06875609
1986,0.07095336
1987,0.06347656
1988,0.06414795
1989,0.05633545
1990,0.049346928
1991,0.046051025
1992,0.042877197
1993,0.036621094
1994,0.037811287
1995,0.029541021
1996,0.020538326
1997,0.017059319
1998,0.0040893536
1999,-0.006561281
2000,-0.0084838895
2001,-0.017059334
2002,-0.025634762
2003,-0.02764893
2004,-0.030822754
2005,-0.044036865
2006,-0.043518078
2007,-0.044311523
2008,-0.049469
2009,-0.04672242
2010,-0.045166016
2011,-0.04809569
2012,-0.041992195
2013,-0.036224354
2014,-0.0350952
2015,-0.0269165
2016,-0.02764893
2017,-0.03146363
2018,-0.029754642
2019,-0.036071785
2020,-0.034271244
2021,-0.040985107
2022,-0.0411377
2023,-0.0454712
2024,-0.04736328
2025,-0.05639649
2026,-0.054107662
2027,-0.061492927
2028,-0.056213386
2029,-0.054473877
2030,-0.059539802
2031,-0.051025406
2032,-0.050964355
2033,-0.044097893
2034,-0.04040528
2035,-0.030517567
2036,-0.020935055
2037,-0.010681152
2038,-0.006256096
2039,0.0038452037
2040,0.00894165
2041,0.014709463
2042,0.02420045
2043,0.02658081
2044,0.0296936
2045,0.03167724
2046,0.03137207
2047,0.04025269
2048,0.03826904
2049,0.045623787
2050,0.041412354
2051,0.041534424
2052,0.03375244
2053,0.029357914
2054,0.03198243
2055,0.03356933
2056,0.027801517
2057,0.027343746
2058,0.015472411
2059,0.006286622
2060,0.004608157
2061,0.00558473
2062,0.001373292
2063,0.010894775
2064,0.009674069
2065,0.009857171
2066,0.011016844
2067,0.008239746
2068,0.0083313
2069,0.00845337
2070,0.00888061
2071,0.010589602
2072,0.0052490234
2073,0.0016784691
2074,-0.0021667462
2075,-0.007202143
2076,-0.006286612
2077,-0.00912476
2078,-0.0046997033
2079,-0.0072021503
2080,-0.011627195
2081,-0.013305666
2082,-0.017059326
2083,-0.018249502
2084,-0.016387938
2085,-0.015472407
2086,-0.011108404
2087,-0.009307862
2088,-0.01144409
2089,-0.0033264188
2090,0.0005493127
2091,0.0008544987
2092,0.002685545
2093,0.0061950693
2094,0.00280762
2095,-0.00015258882
2096,0.0027465825
2097,-0.004241938
2098,-0.005981438
2099,-0.015502932
2100,-0.01959228
2101,-0.01620484
2102,-0.01834108
2103,-0.0144958515
2104,-0.01370238
2105,-0.011688232
2106,-0.012420654
2107,-0.01580811
2108,-0.013458241
2109,-0.019409176
2110,-0.017883303
2111,-0.011077885
2112,-0.0036010742
2113,0.0006103534
2114,0.0063476544
2115,0.017028812
2116,0.016204838
2117,0.018066406
2118,0.026824953
2119,0.022308353
2120,0.022674568
2121,0.026062012
2122,0.025085453
2123,0.025543205
2124,0.026214588
2125,0.030395508
2126,0.029235855
2127,0.034973145
2128,0.0340271
2129,0.03320312
2130,0.028350841
2131,0.022399904
2132,0.023681642
2133,0.021759035
2134,0.017791748
2135,0.024047852
2136,0.023223873
2137,0.022796629
2138,0.015350344
2139,0.01525879
2140,0.010772705
2141,0.014556883
2142,0.010314939
2143,0.017272951
2144,0.015167234
2145,0.013305662
2146,0.014068608
2147,0.014099122
2148,0.008972166
2149,0.012451174
2150,0.016479494
2151,0.012573243
2152,0.011657709
2153,0.010803223
2154,0.007843019
2155,0.0045776386
2156,0.0065002413
2157,0.0006713893
2158,-0.0001831057
2159,-0.00015259022
2160,0.002441404
2161,-0.00021362305
2162,0.004272459
2163,0.0050353995
2164,0.004272461
2165,0.0058288574
2166,0.013610843
2167,0.0112915
2168,0.013336185
2169,0.012512203
2170,0.008453364
2171,0.00823975
2172,0.0077819824
2173,9.1552734e-05
2174,0.0019836389
2175,0.0030517578
2176,-0.005401613
2177,-0.0057983436
2178,-0.008514406
2179,-0.012298586
2180,-0.017089846
2181,-0.011474609
2182,-0.0128478985
2183,-0.022003174
2184,-0.014434814
2185,-0.024017332
2186,-0.029418945
2187,-0.030761719
2188,-0.034210205
2189,-0.034851074
2190,-0.047332764
2191,-0.047363278
2192,-0.04635621
2193,-0.046508785
2194,-0.05206299
2195,-0.05255127
2196,-0.04379273
2197,-0.044403076
2198,-0.039581306
2199,-0.04046631
2200,-0.033355713
2201,-0.031951908
2202,-0.037475586
2203,-0.042114258
2204,-0.035858154
2205,-0.043395996
2206,-0.044433594
2207,-0.037902832
2208,-0.04232788
2209,-0.042633057
2210,-0.04296875
2211,-0.044006348
2212,-0.041564938
2213,-0.0458374
2214,-0.035400394
2215,-0.03738403
2216,-0.03665161
2217,-0.030029297
2218,-0.02120972
2219,-0.016632082
2220,-0.013824465
2221,-0.008209226
2222,0.0024414035
2223,-0.0033874493
2224,-0.0045776367
2225,-0.0058288593
2226,-0.005218506
2227,3.0515715e-05
2228,0.0035095196
2229,0.014129635
2230,0.026367188
2231,0.020050049
2232,0.030151367
2233,0.030975346
2234,0.04067993
2235,0.04791259
2236,0.044067383
2237,0.0390625
2238,0.039123535
2239,0.026672363
2240,0.029144287
2241,0.028381348
2242,0.02752686
2243,0.027893068
2244,0.029968258
2245,0.022399902
2246,0.020751953
2247,0.02709961
2248,0.026123047
2249,0.033294678
2250,0.03604126
2251,0.029968262
2252,0.03414917
2253,0.037017822
2254,0.030853271
2255,0.025726318
2256,0.016998291
2257,0.020538326
2258,0.01132202
2259,0.0061035138
2260,0.0108032245
2261,0.008300783
2262,0.008972166
2263,0.0119018555
2264,0.010437014
2265,0.018737793
2266,0.011138916
2267,0.019866947
2268,0.014648437
2269,0.017700195
2270,0.021697998
2271,0.019592285
2272,0.014343261
2273,0.01818848
2274,0.0061645526
2275,0.010620117
2276,0.0019226066
2277,0.0082092285
2278,0.000854493
2279,0.0018920919
2280,0.0054016095
2281,-0.00033569318
2282,0.006591796
2283,0.0152282715
2284,0.013977051
2285,0.019439694
2286,0.0140686035
2287,0.0087890625
2288,0.014984131
2289,0.009307862
2290,0.006927489
2291,0.0050354013
2292,0.005004882
2293,0.005004883
2294,-0.0009765631
2295,0.0037231443
2296,0.005920412
2297,0.0013732905
2298,0.008819582
2299,0.018951416
2300,0.02902222
2301,0.026550295
2302,0.03213501
2303,0.033172607
2304,0.027893066
2305,0.02896118
2306,0.023529053
2307,0.016448975
2308,0.012573241
2309,0.0030822759
2310,0.0007324228
2311,-0.0071716327
2312,-0.002319334
2313,-0.0054931636
2314,-0.010467531
2315,-0.0030517569
2316,-0.006744384
2317,-0.008605957
2318,-0.0014648428
2319,-0.008331301
2320,-0.0050964355
2321,-0.009490966
2322,-0.007873533
2323,-0.014587398
2324,-0.018066406
2325,-0.01602173
2326,-0.027313232
2327,-0.03424072
2328,-0.032470707
2329,-0.038757324
2330,-0.032440186
2331,-0.027008057
2332,-0.041046143
2333,-0.025573732
2334,-0.026977539
2335,-0.022644043
2336,-0.022094727
2337,-0.025909424
2338,-0.024993898
2339,-0.020111086
2340,-0.024139404
2341,-0.019012451
2342,-0.020812988
2343,-0.02749634
2344,-0.033477783
2345,-0.033874508
2346,-0.026702885
2347,-0.02838135
2348,-0.029663084
2349,-0.024536131
2350,-0.025146484
2351,-0.020172115
2352,-0.016601562
2353,-0.0128479
2354,-0.015319824
2355,-0.011993406
2356,-0.009216307
2357,-0.015411378
2358,-0.008483888
2359,-0.009368897
2360,-0.0071411137
2361,-0.0028076153
2362,-0.0025024414
2363,-0.004608152
2364,9.15518e-05
2365,0.006011964
2366,0.0077209473
2367,0.011016844
2368,0.020507812
2369,0.017974855
2370,0.02584839
2371,0.022338863
2372,0.018463137
2373,0.021301271
2374,0.020202637
2375,0.008148193
2376,0.014343261
2377,0.010406494
2378,0.017089844
2379,0.011383055
2380,0.022613525
2381,0.02114868
2382,0.017944336
2383,0.014373781
2384,0.019836422
2385,0.014923094
2386,0.01763916
2387,0.0166626
2388,0.021453857
2389,0.014831542
2390,0.01235962
2391,0.016143803
2392,0.017700199
2393,0.012298582
2394,0.011993406
2395,0.0041503897
2396,0.007781986
2397,0.004180908
2398,0.0011291504
2399,0.0054626446
2400,0.0045166016
2401,0.0086364765
2402,0.007537841
2403,0.0026245136
2404,0.0036621094
2405,0.0027160626
2406,0.00033569336
2407,0.0018310547
2408,0.0072631836
2409,0.0016784668
2410,0.00039672852
2411,-0.0040283203
2412,-0.0079956055
2413,-0.0073547363
2414,-0.0074768085
2415,-0.0038146954
2416,-0.0074768085
2417,-0.0021667518
2418,-0.008911132
2419,-0.005065917
2420,-0.0048217773
2421,-0.008483889
2422,-0.012451174
2423,-0.011108398
2424,-0.024963379
2425,-0.031433105
2426,-0.028533936
2427,-0.030761719
2428,-0.040618896
2429,-0.030426022
2430,-0.02746582
2431,-0.025299076
2432,-0.022338867
2433,-0.0234375
2434,-0.012908935
2435,-0.010375977
2436,-0.004333499
2437,-0.003112793
2438,-0.0037231417
2439,0.0032653816
2440,0.0003967262
2441,0.0010986326
2442,0.009216309
2443,0.0046997094
2444,0.0018310552
2445,-0.00012207124
2446,-0.0015869122
2447,-0.002197268
2448,-0.0014038095
2449,-0.008666988
2450,-0.013793943
2451,-0.014251707
2452,-0.021850586
2453,-0.025207518
2454,-0.024200436
2455,-0.027252197
2456,-0.025115974
2457,-0.024108883
2458,-0.021148672
2459,-0.026184075
2460,-0.021484382
2461,-0.021606453
2462,-0.01843262
2463,-0.013305668
2464,-0.009643553
2465,-0.0052795485
2466,-0.0050048735
2467,-0.0010986254
2468,0.0067138746
2469,0.0068054274
2470,0.013427742
2471,0.013671882
2472,0.022491455
2473,0.021759033
2474,0.01876831
2475,0.014190678
2476,0.020904541
2477,0.026275637
2478,0.022064207
2479,0.03189087
2480,0.030731197
2481,0.031677242
2482,0.035736084
2483,0.03811646
2484,0.038787846
2485,0.048339847
2486,0.040100098
2487,0.041748047
2488,0.040649414
2489,0.036102295
2490,0.038055416
2491,0.039215088
2492,0.039703365
2493,0.043487545
2494,0.037475586
2495,0.042480472
2496,0.039916992
2497,0.041931152
2498,0.04623413
2499,0.051208496
2500,0.048522953
2501,0.04559326
2502,0.044860832
2503,0.047760006
2504,0.039764408
2505,0.03717041
2506,0.04019165
2507,0.03286743
2508,0.030151367
2509,0.026794437
2510,0.02389526
2511,0.010040281
2512,0.005645749
2513,0.009185786
2514,0.00033568963
2515,0.0015258752
2516,-0.008880613
2517,-0.013793943
2518,-0.021392819
2519,-0.029510496
2520,-0.032897945
2521,-0.029754639
2522,-0.031250007
2523,-0.024749752
2524,-0.022766106
2525,-0.018432606
2526,-0.022827158
2527,-0.03903199
2528,-0.027862556
2529,-0.048583988
2530,-0.044219967
2531,-0.04241944
2532,-0.042572014
2533,-0.04165649
2534,-0.048553467
2535,-0.061004635
2536,-0.078430176
2537,-0.0897827
2538,-0.09567259
2539,-0.10662842
2540,-0.10641478
2541,-0.11230469
2542,-0.11627197
2543,-0.10006714
2544,-0.102630615
2545,-0.09194945
2546,-0.073699936
2547,-0.068389885
2548,-0.04837037
2549,-0.02264405
2550,-0.009368904
2551,0.00967408
2552,0.02603148
2553,0.03555298
2554,0.038879395
2555,0.043029778
2556,0.052520767
2557,0.054443352
2558,0.06991577
2559,0.07623291
2560,0.07159422
2561,0.06979369
2562,0.06451415
2563,0.06146241
2564,0.054931633
2565,0.0449524
2566,0.029174803
2567,0.014190666
2568,-0.002136236
2569,-0.012573244
2570,-0.027465811
2571,-0.024169922
2572,-0.043396004
2573,-0.041961662
2574,-0.049255367
2575,-0.053771965
2576,-0.051696762
2577,-0.060180657
2578,-0.05505371
2579,-0.040100105
2580,-0.03509522
2581,-0.024200443
2582,-0.00979615
2583,-0.0009155199
2584,0.008270267
2585,0.018493645
2586,0.03225708
2587,0.032012947
2588,0.047851562
2589,0.057800286
2590,0.05371093
2591,0.067749016
2592,0.06011963
2593,0.042724617
2594,0.051300053
2595,0.037506104
2596,0.03332519
2597,0.0269165
2598,0.036926262
2599,0.033996582
2600,0.02416992
2601,0.022857679
2602,0.0027465671
2603,-0.012512211
2604,-0.016662579
2605,-0.031372074
2606,-0.037261955
2607,-0.046325684
2608,-0.046417236
2609,-0.038604744
2610,-0.021697987
2611,-0.0031433012
2612,0.009155275
2613,0.03286743
2614,0.042816162
2615,0.04577637
2616,0.06518556
2617,0.067077644
2618,0.072418205
2619,0.07833864
2620,0.080902085
2621,0.07809446
2622,0.08279419
2623,0.06622314
2624,0.05499266
2625,0.03741456
2626,0.013610847
2627,0.0032043308
2628,-0.017913828
2629,-0.028655995
2630,-0.04226685
2631,-0.048034675
2632,-0.051910385
2633,-0.061096184
2634,-0.057281494
2635,-0.053985596
2636,-0.052764885
2637,-0.03659057
2638,-0.039306644
2639,-0.026550269
2640,-0.01696778
2641,-0.0030212095
2642,-0.0077819824
2643,-0.004577646
2644,0.005828863
2645,0.0073852222
2646,0.027709948
2647,0.02694702
2648,0.024963358
2649,0.038391106
2650,0.031036373
2651,0.033782966
2652,0.038024902
2653,0.022979738
2654,0.016021725
2655,0.0078124953
2656,-0.0064697284
2657,-0.013092045
2658,-0.026245113
2659,-0.033447266
2660,-0.046264663
2661,-0.049957264
2662,-0.058349613
2663,-0.06018065
2664,-0.060821526
2665,-0.05035398
2666,-0.056640614
2667,-0.04840088
2668,-0.04653931
2669,-0.040374756
2670,-0.023559583
2671,-0.015106199
2672,-0.0021972544
2673,0.006591793
2674,0.013824463
2675,0.013671879
2676,0.004730221
2677,0.0036010705
2678,0.006530758
2679,0.0047302227
2680,0.019042969
2681,0.018188477
2682,0.021850586
2683,0.02874756
2684,0.02441406
2685,0.018096924
2686,0.019134518
2687,0.02645874
2688,0.026428226
2689,0.03228761
2690,0.034118652
2691,0.036346424
2692,0.045532227
2693,0.048217773
2694,0.050109863
2695,0.057617184
2696,0.04812622
2697,0.052886963
2698,0.045074455
2699,0.025695797
2700,0.025054932
2701,0.008575437
2702,0.0010070801
2703,0.006347658
2704,-0.001861562
2705,-0.013214124
2706,-0.012542715
2707,-0.013916019
2708,-0.022308346
2709,-0.026336677
2710,-0.023651134
2711,-0.023071285
2712,-0.021179184
2713,-0.013885505
2714,-0.0056762616
2715,0.002380372
2716,0.013763417
2717,0.020477295
2718,0.028320318
2719,0.027648928
2720,0.02850341
2721,0.024200436
2722,0.013854981
2723,0.009490961
2724,0.0007019052
2725,-0.007507323
2726,-0.0089111235
2727,-0.017822271
2728,-0.025085444
2729,-0.021209726
2730,-0.02651977
2731,-0.034942634
2732,-0.03845216
2733,-0.042388912
2734,-0.042907704
2735,-0.043029785
2736,-0.040832505
2737,-0.03640747
2738,-0.027709965
2739,-0.030120853
2740,-0.017181396
2741,-0.027313234
2742,-0.029144287
2743,-0.021057129
2744,-0.021087646
2745,-0.013702393
2746,-0.006317142
2747,-0.0041503906
2748,-0.0017089769
2749,0.006530757
2750,-0.006469724
2751,-0.0036010798
2752,-0.0021362305
2753,-0.0024414142
2754,-0.007141119
2755,-0.010864258
2756,-0.0096130315
2757,-0.010650635
2758,-0.0060119573
2759,-0.005981447
2760,-0.0018920953
2761,-0.00012207031
2762,-0.005645756
2763,-0.011901854
2764,-0.011901857
2765,-0.018920898
2766,-0.0084228525
2767,-0.0095825195
2768,-0.015899658
2769,-0.00744629
2770,-0.016326902
2771,-0.011627202
2772,-0.008697506
2773,-0.016296387
2774,-0.01733398
2775,-0.009918213
2776,-0.00912476
2777,0.0016479427
2778,-0.005249019
2779,-0.009979247
2780,-0.009246826
2781,-0.0017089825
2782,0.007781978
2783,0.014434814
2784,0.0073242188
2785,0.01766968
2786,0.02252197
2787,0.017364502
2788,0.009735107
2789,0.0036621075
2790,0.00039673038
2791,0.0059509287
2792,0.0041503925
2793,0.0008850093
2794,0.007598874
2795,0.002685544
2796,0.005157471
2797,0.015686037
2798,0.021026611
2799,0.019317629
2800,0.017761229
2801,0.024597168
2802,0.015930174
2803,0.013793949
2804,0.013305665
2805,0.012939453
2806,0.017242435
2807,0.019989014
2808,0.01605225
2809,0.016723633
2810,0.008789061
2811,0.004425051
2812,0.013977051
2813,0.006744382
2814,0.0064086923
2815,0.0054626474
2816,0.0048828125
2817,0.0074157687
2818,0.0072326665
2819,0.0065002437
2820,0.003479002
2821,0.00021362328
2822,0.0004577618
2823,-9.1553666e-05
2824,0.006378175
2825,-0.001953125
2826,-0.011566161
2827,-0.013793947
2828,-0.010314943
2829,-0.020446777
2830,-0.016296385
2831,-0.015319823
2832,-0.008331302
2833,-0.003204343
2834,0.0012207003
2835,-0.0025024442
2836,-0.003723146
2837,-0.004180908
2838,-0.0035095178
2839,-0.008575439
2840,-0.0150756845
2841,-0.018188478
2842,-0.020202639
2843,-0.014617922
2844,-0.015563965
2845,-0.013916013
2846,-0.0031433105
2847,-0.0005188007
2848,0.0015869141
2849,-0.0021972666
2850,-0.0025024423
2851,-0.007293701
2852,-0.00039672852
2853,0.0033569327
2854,0.0047302246
2855,0.011444092
2856,0.008239747
2857,0.006011964
2858,0.007934568
2859,0.018768307
2860,0.022186281
2861,0.011932373
2862,0.019317629
2863,0.01675415
2864,0.018371582
2865,0.029541016
2866,0.02468872
2867,0.031097416
2868,0.021087645
2869,0.024047852
2870,0.02996826
2871,0.022613524
2872,0.013427736
2873,0.017242432
2874,0.012634279
2875,0.013305664
2876,-0.0017394992
2877,-0.0054931636
2878,-0.0014038077
2879,-0.008331297
2880,-0.007598878
2881,-0.0010681162
2882,-0.0065307627
2883,-0.0003356943
2884,0.010009764
2885,0.009674071
2886,0.013214111
2887,0.009338382
2888,0.014160155
2889,0.01751709
2890,0.014099119
2891,0.006866457
2892,0.0039367676
2893,0.0016174315
2894,0.0029907236
2895,0.00064087205
2896,0.002593995
2897,0.0048217783
2898,-0.001617433
2899,0.0040893564
2900,0.004333496
2901,-0.00354004
2902,-0.002532959
2903,-0.008026123
2904,-0.017181396
2905,-0.006896971
2906,-0.009979252
2907,-0.010742189
2908,-0.009246826
2909,-0.0105896015
2910,-0.011688234
2911,-0.015563965
2912,-0.008117672
2913,-0.014709473
2914,-0.02282715
2915,-0.014251708
2916,-0.01235962
2917,-0.029571531
2918,-0.014526366
2919,0.010589588
2920,-0.020935059
2921,-0.0034484863
2922,-0.002166748
2923,-0.01751709
2924,-0.00018310547
2925,-0.010498047
2926,-0.032043457
2927,-0.022583008
2928,-0.018920898
2929,-0.032714844
2930,-0.034057617
2931,-0.03616333
2932,-0.021087646
2933,-0.02468872
2934,-0.039398193
2935,-0.021575928
2936,-0.034088135
2937,-0.033264156
2938,-0.025756836
2939,0.011413572
2940,-0.018859852
2941,-0.04351807
2942,-0.0028686523
2943,-0.025024407
2944,-0.027832028
2945,-0.010040281
2946,-0.025054934
2947,-0.011138916
2948,0.009155272
2949,0.0016174316
2950,0.00048828125
2951,0.00619507
2952,0.003112791
2953,0.019317625
2954,0.0075683584
2955,0.0068359366
2956,-0.0023193378
2957,-0.008789061
2958,0.022949219
2959,0.024230955
2960,0.0021362314
2961,0.012329099
2962,0.012145991
2963,0.018951422
2964,0.031066893
2965,0.024169918
2966,0.021026611
2967,0.025024412
2968,0.0362854
2969,0.039489746
2970,0.037200928
2971,0.031158447
2972,0.03338623
2973,0.048400875
2974,0.042419434
2975,0.028045656
2976,0.03857422
2977,0.03729248
2978,0.045410156
2979,0.03289795
2980,0.032775875
2981,0.021728514
2982,0.019104002
2983,-0.0026245099
2984,0.025360102
2985,0.04815673
2986,0.018218994
2987,0.038787838
2988,0.04336547
2989,0.026184082
2990,0.044036858
2991,0.034027092
2992,0.0053710975
2993,0.021759033
2994,0.02999878
2995,0.013397217
2996,0.023620605
2997,0.005249027
2998,0.015197754
2999,0.011962891
3000,0.011199955
3001,0.018371582
3002,-0.018768312
3003,-0.025756828
3004,-0.010040282
3005,-0.016967773
3006,-0.028198231
3007,-0.020874038
3008,-0.04034424
3009,-0.033630364
3010,-0.031585686
3011,-0.03335571
3012,-0.04763794
3013,-0.046295162
3014,-0.046722412
3015,-0.039916992
3016,-0.03656006
3017,-0.059204094
3018,-0.045532227
3019,-0.028930666
3020,-0.02935791
3021,-0.027404785
3022,-0.055389404
3023,-0.03817749
3024,-0.03189087
3025,-0.03366088
3026,-0.035308838
3027,-0.015228273
3028,-0.04864501
3029,-0.061279297
3030,-0.032104492
3031,-0.042297356
3032,-0.03747558
3033,-0.018981934
3034,-0.026763914
3035,-0.027465818
3036,-0.007507324
3037,-0.018310545
3038,-0.02810669
3039,-0.0073242164
3040,-0.0076599102
3041,0.011260984
3042,0.014068605
3043,0.012664796
3044,-0.010437013
3045,-0.004333494
3046,0.024719238
3047,0.028381348
3048,0.018981932
3049,0.021118164
3050,0.033447262
3051,0.039978035
3052,0.040130615
3053,0.040588375
3054,0.034790028
3055,0.03253174
3056,0.050018307
3057,0.03598022
3058,0.025024412
3059,0.017730713
3060,0.01651001
3061,0.03024292
3062,0.017944336
3063,0.007659916
3064,0.0071105957
3065,0.00091552734
3066,0.010253917
3067,0.0071105957
3068,-0.009979244
3069,-0.002716072
3070,-0.0026855431
3071,0.0002136156
3072,0.015258789
3073,0.0010070913
3074,0.013031006
3075,0.009185787
3076,0.0019531138
3077,0.011657713
3078,0.0039367657
3079,0.008148188
3080,0.01675415
3081,0.010406493
3082,0.015808105
3083,0.022338867
3084,0.020050049
3085,0.019897461
3086,0.01296998
3087,0.025024425
3088,0.045959465
3089,0.029266361
3090,0.014160155
3091,0.024810795
3092,0.014068605
3093,0.008300779
3094,0.0078124953
3095,-0.015167232
3096,-0.0049743652
3097,-0.020233156
3098,-0.011840819
3099,-0.006134034
3100,-0.032958977
3101,-0.02041626
3102,-0.0073547373
3103,-0.015106201
3104,-0.018371582
3105,-0.021667482
3106,-0.017974857
3107,-0.023529053
3108,-0.02487183
3109,-0.004974369
3110,0.0073242155
3111,0.0046997108
3112,0.01272583
3113,0.018218994
3114,0.017547606
3115,0.012298589
3116,0.01879882
3117,0.008087155
3118,0.008880615
3119,-0.009307863
3120,0.007873534
3121,0.004333497
3122,-0.006866453
3123,-0.003662108
3124,0.0045471173
3125,0.0037841802
3126,-0.007812502
3127,-0.0184021
3128,-0.016784668
3129,-0.023925783
3130,-0.032104496
3131,-0.04589844
3132,-0.012176499
3133,-0.019348152
3134,-0.033599854
3135,-0.03182984
3136,-0.011901859
3137,-0.008667007
3138,-0.005249016
3139,0.010803234
3140,-0.026214598
3141,0.0039978027
3142,0.008575436
3143,-0.0019226093
3144,-0.01190185
3145,0.0032958947
3146,-0.010314941
3147,-0.00808716
3148,-0.015960693
3149,-0.020690922
3150,-0.00967407
3151,-0.019348139
3152,-0.024688715
3153,-0.019073475
3154,-0.012969968
3155,-0.027343756
3156,-0.0127258245
3157,-0.014404301
3158,-0.04061888
3159,-0.032714844
3160,-0.02392577
3161,-0.046356197
3162,-0.017944336
3163,-0.00579834
3164,-0.029815666
3165,-0.027038576
3166,-0.0068054143
3167,-0.008483879
3168,-0.021850584
3169,-0.0023193378
3170,0.024871828
3171,0.0044860803
3172,0.028320309
3173,0.028900146
3174,0.035827644
3175,0.063751236
3176,0.042388916
3177,0.034851078
3178,0.052612305
3179,0.04180909
3180,0.025482181
3181,0.017120369
3182,0.01437377
3183,-0.0017395066
3184,0.008483885
3185,-0.013916016
3186,-0.023223873
3187,-0.013305664
3188,-0.019439695
3189,-0.03259277
3190,-0.0032043476
3191,-0.0065917987
3192,-0.0144348135
3193,0.005157469
3194,-0.00918579
3195,0.0010681115
3196,0.011138914
3197,-0.012908941
3198,0.011810302
3199,0.029327396
3200,0.014373779
3201,0.017944338
3202,0.04754637
3203,0.035125725
3204,0.028381346
3205,0.050079342
3206,-0.002166748
3207,-0.0045471266
3208,0.010589581
3209,-0.0043640137
3210,-0.015197756
3211,0.006866444
3212,0.014678944
3213,0.004058836
3214,-0.015625002
3215,-0.011016847
3216,-0.016448973
3217,-0.016479496
3218,-0.025756838
3219,-0.029296879
3220,-0.0022583045
3221,-6.103143e-05
3222,0.0039367676
3223,0.0015563983
3224,0.023681628
3225,0.030700676
3226,0.03610231
3227,0.04736329
3228,0.013519287
3229,0.05108643
3230,0.06552124
3231,0.029327393
3232,0.038482666
3233,0.07339477
3234,0.027923588
3235,0.025177002
3236,0.041503906
3237,0.0010070782
3238,0.025634762
3239,0.004699707
3240,-0.022186285
3241,0.019439694
3242,0.0086975135
3243,-0.020202633
3244,0.009796143
3245,0.0020446796
3246,-0.01733398
3247,0.0032043532
3248,0.017272953
3249,-0.008758548
3250,0.025665283
3251,0.023162847
3252,0.020172128
3253,0.015136721
3254,0.020599365
3255,0.03250123
3256,0.0016784724
3257,0.010040284
3258,0.046813965
3259,0.013366701
3260,0.03762817
3261,0.023559572
3262,0.006866452
3263,0.020019526
3264,0.00802613
3265,-0.0184021
3266,-0.017486572
3267,-0.012023921
3268,-0.022186277
3269,-0.018890377
3270,-0.016723638
3271,-0.025329592
3272,0.0016784687
3273,-0.014160164
3274,-0.023895271
3275,0.00067139044
3276,-0.0057373047
3277,-0.024169926
3278,-0.013061531
3279,-0.011444092
3280,-0.0048217773
3281,0.015686035
3282,-0.00726318
3283,-0.0035705566
3284,0.006988531
3285,-0.018096922
3286,-0.027771002
3287,-0.024383547
3288,-0.040771484
3289,-0.030426024
3290,-0.033874504
3291,-0.035247803
3292,-0.042480476
3293,-0.039337166
3294,-0.020263674
3295,-0.03170777
3296,-0.041992195
3297,-0.027801514
3298,-0.01837158
3299,-0.04852295
3300,-0.034057625
3301,-0.027221682
3302,-0.04248047
3303,-0.019592287
3304,-0.045043945
3305,-0.03466797
3306,-0.014770508
3307,-0.029266357
3308,-0.05151368
3309,-0.027923586
3310,-0.043182373
3311,-0.04562378
3312,-0.0437622
3313,-0.049346916
3314,-0.06451417
3315,-0.047454834
3316,-0.039367676
3317,-0.049011234
3318,-0.052581776
3319,-0.044158936
3320,-0.03488159
3321,-0.06811523
3322,-0.035888664
3323,-0.03753662
3324,-0.057678223
3325,-0.036376953
3326,-0.048187252
3327,-0.036956787
3328,-0.02191162
3329,-0.026092527
3330,-0.019500738
3331,0.003479001
3332,0.0029296875
3333,0.011962891
3334,0.023284914
3335,0.024322513
3336,0.019287108
3337,0.040771484
3338,0.03515625
3339,0.03555299
3340,0.034912117
3341,0.03695679
3342,0.03387451
3343,0.019897463
3344,0.036071785
3345,0.02532959
3346,0.014831543
3347,0.027282715
3348,0.019622803
3349,0.020843508
3350,0.025939941
3351,0.015441898
3352,0.017211912
3353,0.031066893
3354,0.034332275
3355,0.032012943
3356,0.044281006
3357,0.036499023
3358,0.03845215
3359,0.041656498
3360,0.03918457
3361,0.048706062
3362,0.046142586
3363,0.045043945
3364,0.044281006
3365,0.048675537
3366,0.03942872
3367,0.037322998
3368,0.03881836
3369,0.03857422
3370,0.03186035
3371,0.040924072
3372,0.034484856
3373,0.02459717
3374,0.020416258
3375,0.018676754
3376,0.018157957
3377,0.0068054236
3378,0.0026855431
3379,-0.0043335
3380,-0.006805422
3381,-0.0103759775
3382,-0.017211918
3383,-0.011047366
3384,-0.007537836
3385,-0.008789064
3386,-0.000122068916
3387,0.0051269517
3388,0.002716072
3389,0.0030822745
3390,0.009429933
3391,0.0100097675
3392,0.014160156
3393,0.025695803
3394,0.028778067
3395,0.031341553
3396,0.0328064
3397,0.020111082
3398,0.018188477
3399,0.0123291
3400,0.0047607403
3401,0.006866455
3402,-0.0020751962
3403,-0.0088500995
3404,-0.008880615
3405,-0.017700203
3406,-0.0107421875
3407,-0.011199951
3408,-0.008331301
3409,-0.0065612793
3410,0.00042724516
3411,-0.0025634733
3412,-0.0017089811
3413,0.00015258882
3414,0.006042479
3415,0.009185793
3416,0.015441898
3417,0.015045167
3418,0.022277832
3419,0.028564455
3420,0.028686523
3421,0.033599854
3422,0.03604126
3423,0.035614014
3424,0.031219482
3425,0.02798462
3426,0.030181887
3427,0.017578129
3428,0.01602173
3429,0.016723631
3430,0.0035095215
3431,0.0074462905
3432,0.008911133
3433,0.006622313
3434,-0.001831054
3435,-0.001770017
3436,-0.0011291523
3437,-0.010040281
3438,-0.016174315
3439,-0.018157957
3440,-0.016815187
3441,-0.013519285
3442,-0.012390139
3443,-0.009979242
3444,-0.007080078
3445,-0.0077209473
3446,-0.010223392
3447,-0.002746582
3448,-0.0010986328
3449,-0.010681147
3450,-0.014160154
3451,-0.009033207
3452,-0.02102661
3453,-0.015594486
3454,-0.022491455
3455,-0.020751953
3456,-0.030395508
3457,-0.03222656
3458,-0.035705566
3459,-0.038635254
3460,-0.04638672
3461,-0.039215088
3462,-0.04022217
3463,-0.046813965
3464,-0.037719727
3465,-0.044769287
3466,-0.043457035
3467,-0.03778076
3468,-0.033477783
3469,-0.030090334
3470,-0.029144287
3471,-0.021392819
3472,-0.01907349
3473,-0.024993898
3474,-0.021057127
3475,-0.029785156
3476,-0.03598022
3477,-0.040466305
3478,-0.04086305
3479,-0.05456543
3480,-0.05645752
3481,-0.06442259
3482,-0.056549065
3483,-0.052459717
3484,-0.0557251
3485,-0.050689697
3486,-0.04248047
3487,-0.034332283
3488,-0.01867676
3489,-0.0053405743
3490,0.0107727125
3491,0.025115967
3492,0.046661384
3493,0.07141115
3494,0.08569335
3495,0.08880615
3496,0.100250244
3497,0.10012819
3498,0.1003418
3499,0.09747313
3500,0.097045906
3501,0.09014891
3502,0.08325196
3503,0.05929564
3504,0.055358876
3505,0.03448486
3506,0.013519286
3507,0.0051879883
3508,-0.018127445
3509,-0.030609138
3510,-0.04394532
3511,-0.060699455
3512,-0.07015993
3513,-0.07785034
3514,-0.08383179
3515,-0.08636476
3516,-0.09124755
3517,-0.08935548
3518,-0.07983399
3519,-0.071289055
3520,-0.06625367
3521,-0.051635746
3522,-0.042144764
3523,-0.01873779
3524,-0.0039367676
3525,0.014526363
3526,0.02297974
3527,0.035858154
3528,0.054687507
3529,0.060119636
3530,0.06744385
3531,0.080200195
3532,0.07772828
3533,0.07489012
3534,0.07608033
3535,0.0708313
3536,0.06292724
3537,0.046875
3538,0.030120848
3539,0.025360115
3540,0.015960703
3541,0.0007324107
3542,-0.010345448
3543,-0.0215454
3544,-0.034912124
3545,-0.041259762
3546,-0.049835205
3547,-0.04266356
3548,-0.054138172
3549,-0.048675537
3550,-0.042724613
3551,-0.04171753
3552,-0.023651116
3553,-0.014282223
3554,-0.0053405743
3555,0.0057678223
3556,0.022033699
3557,0.03842163
3558,0.048065193
3559,0.057098404
3560,0.064392075
3561,0.06695557
3562,0.0718689
3563,0.06863404
3564,0.07128908
3565,0.06866454
3566,0.0646057
3567,0.055053696
3568,0.04205323
3569,0.025115969
3570,0.013702389
3571,-0.0022583026
3572,-0.02172852
3573,-0.024261476
3574,-0.03479004
3575,-0.039886482
3576,-0.048278816
3577,-0.051971428
3578,-0.04705811
3579,-0.04638672
3580,-0.044189446
3581,-0.030975342
3582,-0.02618409
3583,-0.024810813
3584,-0.014678955
3585,-0.009033173
3586,0.00091551244
3587,0.007446263
3588,0.01644899
3589,0.024444565
3590,0.019805908
3591,0.023956284
3592,0.022918694
3593,0.02017212
3594,0.0132751465
3595,0.012237553
3596,-0.003143318
3597,-0.0038452297
3598,-0.009094236
3599,-0.022918709
3600,-0.031646736
3601,-0.043090828
3602,-0.050842296
3603,-0.051879898
3604,-0.055236816
3605,-0.049652103
3606,-0.05386353
3607,-0.04336548
3608,-0.034454353
3609,-0.028656004
3610,-0.0140380785
3611,-0.008483883
3612,-0.006500244
3613,0.010864258
3614,0.022521975
3615,0.024200443
3616,0.042236343
3617,0.05212403
3618,0.050018303
3619,0.05734253
3620,0.062896736
3621,0.06396483
3622,0.060516354
3623,0.058441155
3624,0.05612182
3625,0.053649895
3626,0.051330563
3627,0.05123903
3628,0.048278823
3629,0.04315185
3630,0.047882076
3631,0.05047609
3632,0.04724122
3633,0.04394532
3634,0.044647213
3635,0.037750237
3636,0.037597656
3637,0.030853275
3638,0.022644043
3639,0.018432613
3640,0.013397222
3641,-0.0049743582
3642,-0.0161438
3643,-0.021606443
3644,-0.03948975
3645,-0.04989624
3646,-0.05984497
3647,-0.06842041
3648,-0.07196044
3649,-0.0834961
3650,-0.08041382
3651,-0.084228516
3652,-0.08059691
3653,-0.07833862
3654,-0.07760619
3655,-0.06271362
3656,-0.057159428
3657,-0.05044556
3658,-0.045104973
3659,-0.038330074
3660,-0.034057632
3661,-0.030212414
3662,-0.019714342
3663,-0.016265862
3664,-0.01361084
3665,-0.016662594
3666,-0.023345945
3667,-0.02478027
3668,-0.032409668
3669,-0.036407463
3670,-0.037261955
3671,-0.039916996
3672,-0.039611816
3673,-0.037261963
3674,-0.037841782
3675,-0.041870117
3676,-0.04385376
3677,-0.03933716
3678,-0.041351322
3679,-0.036865234
3680,-0.032440174
3681,-0.02996826
3682,-0.011291517
3683,-0.00979615
3684,-0.002441395
3685,0.01431275
3686,0.026916506
3687,0.029876713
3688,0.04220581
3689,0.051849365
3690,0.056854255
3691,0.061767574
3692,0.061218258
3693,0.063964844
3694,0.06375122
3695,0.067474365
3696,0.068023674
3697,0.06219483
3698,0.06298828
3699,0.0522461
3700,0.048828118
3701,0.04208374
3702,0.038909912
3703,0.034301758
3704,0.030212402
3705,0.02380371
3706,0.021636963
3707,0.01101685
3708,0.011840817
3709,0.012512214
3710,0.012054443
3711,0.010620119
3712,0.014434822
3713,0.012756338
3714,0.012390136
3715,0.007843018
3716,0.010620115
3717,0.011383062
3718,0.006195063
3719,0.012146001
3720,0.010223394
3721,0.0053100637
3722,0.003051754
3723,0.006164546
3724,-0.00064087287
3725,0.00036621257
3726,-0.008514399
3727,-0.009368895
3728,-0.009216309
3729,-0.017242432
3730,-0.018585203
3731,-0.013641355
3732,-0.014007564
3733,-0.030029293
3734,-0.055877674
3735,-0.055511475
3736,-0.02871704
3737,-0.008422848
3738,-0.00900269
3739,-0.0040283306
3740,-0.017181389
3741,-0.02166748
3742,-0.027557379
3743,-0.031280518
3744,-0.02664183
3745,-0.028503416
3746,-0.022918701
3747,-0.020050043
3748,-0.020294186
3749,-0.013854978
3750,-0.020874023
3751,-0.012542726
3752,-0.016845705
3753,-0.011474608
3754,-0.0072326646
3755,0.0006103534
3756,0.01834106
3757,0.018432627
3758,0.00982666
3759,0.010925296
3760,0.006408686
3761,0.0076293857
3762,0.010772707
3763,0.01678467
3764,0.023925776
3765,0.029663082
3766,0.038269047
3767,0.030120853
3768,0.039733887
3769,0.028442383
3770,0.028961187
3771,0.03414917
3772,0.03411865
3773,0.02972412
3774,0.026519774
3775,0.024383545
3776,0.019561768
3777,0.026947016
3778,0.031372063
3779,0.029235845
3780,0.010589601
3781,0.0072631836
3782,-0.0040588407
3783,-0.0039367685
3784,0.00030518416
3785,-0.0010681143
3786,-0.00024414482
3787,0.0029907185
3788,0.0035095187
3789,0.005065916
3790,0.005004883
3791,0.0065612765
3792,0.0046081566
3793,0.0038757315
3794,0.0061340304
3795,-0.0019836416
3796,0.0038452153
3797,0.005401613
3798,0.00881958
3799,-0.0023803748
3800,-0.0364685
3801,-0.032775886
3802,-0.0064697256
3803,0.002960205
3804,0.0034790016
3805,0.004791258
3806,-0.0060424767
3807,-0.022521975
3808,-0.023712162
3809,-0.035705566
3810,-0.04074096
3811,-0.028991697
3812,-0.034240723
3813,-0.021148682
3814,-0.019622803
3815,-0.015197752
3816,-0.029541016
3817,-0.015899656
3818,-0.011505127
3819,-0.0040283184
3820,0.013854982
3821,0.0015869141
3822,-0.022460926
3823,-0.013488783
3824,0.013732912
3825,0.023071289
3826,0.027862549
3827,0.024871824
3828,0.009094238
3829,-0.0050354013
3830,-0.0050964355
3831,-0.019683834
3832,-0.017211907
3833,-0.01300049
3834,-0.021728516
3835,-0.020812988
3836,-0.00912476
3837,-0.016387938
3838,-0.026092526
3839,-0.011352538
3840,-0.023498535
3841,-0.027954102
3842,-0.023437498
3843,-0.02429199
3844,0.0014343215
3845,-0.0054931585
3846,-0.010894775
3847,-0.018676758
3848,-0.023864744
3849,-0.015228271
3850,-0.016815184
3851,-0.008392333
3852,0.00027465785
3853,-0.002899171
3854,0.0031738242
3855,0.0018920894
3856,-0.006866454
3857,-0.007415771
3858,0.0035400381
3859,-0.009002686
3860,0.004455566
3861,0.013153075
3862,0.0046081548
3863,0.00805664
3864,-0.00466919
3865,-0.0054626446
3866,0.010375973
3867,0.010894781
3868,-0.00085449126
3869,-0.0048217783
3870,-0.004364012
3871,6.103702e-05
3872,0.005218504
3873,0.012756346
3874,0.004547121
3875,0.012390133
3876,0.010467526
3877,0.00054931827
3878,0.0017395029
3879,0.009887696
3880,0.0012512237
3881,0.0057067852
3882,0.011779784
3883,0.004913329
3884,0.010498049
3885,0.010498047
3886,0.013458253
3887,0.018707277
3888,0.030975338
3889,0.033081055
3890,0.011627196
3891,0.0065917955
3892,-0.0033874512
3893,-0.014984131
3894,-0.0056762686
3895,-0.0078430185
3896,-0.0061950693
3897,-0.0001220731
3898,0.0037841767
3899,0.0005798349
3900,0.0031433105
3901,0.008758545
3902,-0.0017395002
3903,0.013397219
3904,0.012756347
3905,0.006134032
3906,0.017181396
3907,0.013183597
3908,0.019927977
3909,0.02609253
3910,0.039581295
3911,0.03439331
3912,0.01849365
3913,0.01409912
3914,0.0069885273
3915,0.00793457
3916,0.011871341
3917,0.011840825
3918,0.024810793
3919,0.019683838
3920,0.014221189
3921,0.01699829
3922,0.0073242206
3923,0.0107421875
3924,0.006958008
3925,-0.007202146
3926,-0.0076904274
3927,-0.0059509296
3928,-0.009155271
3929,-0.0045776353
3930,-0.01361084
3931,-0.010437013
3932,-0.006927492
3933,-0.0122680655
3934,-0.0059509277
3935,-0.0076904306
3936,-0.0046386695
3937,0.0002441411
3938,0.0051879883
3939,0.0039062498
3940,-0.0025329567
3941,-0.001159667
3942,-0.0063476553
3943,-0.00051879836
3944,-6.1034225e-05
3945,-0.0013427746
3946,0.0016174302
3947,-0.012451173
3948,-0.009246828
3949,0.003540039
3950,-0.006835937
3951,-0.0012207002
3952,-0.015930176
3953,-0.0116882315
3954,-0.01211548
3955,-0.009277344
3956,-0.006652831
3957,-0.0032653823
3958,-0.0019531269
3959,-0.006866455
3960,-0.0039062481
3961,6.103143e-05
3962,-0.0025939955
3963,0.0010375959
3964,0.0040283203
3965,0.0040893564
3966,0.009033203
3967,-0.0003051767
3968,0.005126953
3969,0.008361815
3970,0.011138914
3971,0.005096437
3972,0.0043945312
3973,0.0035705594
3974,0.0009155264
3975,-0.0010375958
3976,-0.0054626474
3977,-0.010498045
3978,-0.008880615
3979,-0.0071105966
3980,-0.014801027
3981,-0.00933838
3982,-0.009246824
3983,0.00021362118
3984,0.008483885
3985,0.008178709
3986,0.014465332
3987,0.009246828
3988,0.01550293
3989,0.010650635
3990,0.005859374
3991,0.015106201
3992,0.015655518
3993,-0.0031738319
3994,0.010192872
3995,0.004302977
3996,0.009399414
3997,0.008728028
3998,-0.00061035133
3999,0.0008544945
4000,-0.0039978027
4001,-0.012359619
4002,-0.0068054195
4003,-0.011383055
4004,-0.009033205
4005,-0.005065918
4006,-0.0069885226
4007,-0.005950928
4008,-0.01473999
4009,-0.011871339
4010,-0.012084962
4011,-0.0069885254
4012,-0.013702392
4013,-0.0126342755
4014,-0.01272583
4015,-0.02444458
4016,-0.017486574
4017,-0.01565552
4018,-0.012207031
4019,-0.0023498551
4020,-0.009460449
4021,3.051944e-05
4022,-0.008758545
4023,-0.010894774
4024,-0.004180907
4025,-0.009216307
4026,-0.006469727
4027,-0.010131837
4028,-0.021087646
4029,-0.016113283
4030,-0.020263674
4031,-0.01449585
4032,-0.0122680655
4033,-0.010894777
4034,-0.008636472
4035,-0.006500244
4036,-0.006103516
4037,-0.004425048
4038,-0.0050048833
4039,-0.0034484873
4040,-0.002990724
4041,0.0001831064
4042,0.0010681143
4043,0.0046081557
4044,0.0011901846
4045,0.004821778
4046,0.005249022
4047,0.008697508
4048,0.0073242197
4049,0.003417967
4050,0.007385252
4051,0.0094299335
4052,0.016357422
4053,0.013366702
4054,0.0178833
4055,0.014099121
4056,0.021240234
4057,0.020843502
4058,0.018493652
4059,0.02166748
4060,0.021148685
4061,0.015563969
4062,0.00921631
4063,0.0081481915
4064,0.007873535
4065,0.0024414044
4066,0.004882809
4067,0.0030517569
4068,0.0072021484
4069,0.007446289
4070,0.010803222
4071,0.010498047
4072,0.01321411
4073,0.012878418
4074,0.019989014
4075,0.013732912
4076,0.014801025
4077,0.010559082
4078,0.012298581
4079,0.021179195
4080,0.026245117
4081,0.031555176
4082,0.014739991
4083,0.010803224
4084,0.016967777
4085,0.006530761
4086,0.0056457506
4087,0.0054931636
4088,0.0054626483
4089,0.0017395029
4090,0.010040283
4091,0.009399416
4092,0.005432131
4093,-0.0015869141
4094,0.0025939941
4095,0.0018005371
4096,0.0010375939
4097,-0.0006408701
4098,-0.0045166016
4099,0.002471923
4100,-0.010803223
4101,-0.013824464
4102,-0.014312746
4103,-0.016998291
4104,-0.01580811
4105,-0.0123291025
4106,-0.013092042
4107,-0.0067138677
4108,-0.01071167
4109,-0.009002684
4110,-0.004241942
4111,-0.013183594
4112,-0.0028381338
4113,-0.011108398
4114,-0.008392332
4115,-0.003021242
4116,-0.0113830585
4117,-0.0031433105
4118,-0.013214111
4119,-0.0042419434
4120,-0.0014038086
4121,-0.003753662
4122,-0.014221189
4123,-0.023986816
4124,-0.022460938
4125,-0.019500734
4126,-0.01663208
4127,-0.021484375
4128,-0.021575931
4129,-0.016967773
4130,-0.0136413565
4131,-0.019470215
4132,-0.012512209
4133,-0.007843018
4134,-0.017120361
4135,-0.019317627
4136,-0.0143432645
4137,-0.024139404
4138,-0.02947998
4139,-0.020202637
4140,-0.021606445
4141,-0.023101807
4142,-0.02114868
4143,-0.027038574
4144,-0.00878906
4145,-0.0032958973
4146,0.0021972656
4147,0.005859375
4148,-0.005981444
4149,-0.008544922
4150,-0.0011291532
4151,-0.00997925
4152,0.0012207044
4153,-0.003967288
4154,-0.0064697256
4155,0.0012817383
4156,0.001312254
4157,0.014312745
4158,9.155227e-05
4159,-0.0018310528
4160,-0.0059814453
4161,-0.019226074
4162,-0.011810304
4163,-0.022857666
4164,-0.01550293
4165,-0.004486086
4166,0.010070803
4167,0.029174812
4168,0.030639648
4169,0.016113281
4170,0.0014953609
4171,0.0078124963
4172,0.010925295
4173,-0.006225588
4174,-0.009460438
4175,-0.013549797
4176,-0.021942139
4177,-0.031341556
4178,-0.03292846
4179,-0.036956787
4180,-0.04431151
4181,-0.038207993
4182,-0.036499023
4183,-0.037200935
4184,-0.028747551
4185,-0.02722169
4186,-0.020019531
4187,-0.0065612756
4188,-0.0025329618
4189,0.0014953562
4190,0.017272945
4191,0.043487556
4192,0.06637573
4193,0.08343504
4194,0.091552734
4195,0.10000611
4196,0.0975647
4197,0.10940552
4198,0.116577156
4199,0.11462402
4200,0.11947632
4201,0.10296629
4202,0.109313965
4203,0.10403442
4204,0.08969116
4205,0.08056641
4206,0.065246575
4207,0.04736328
4208,0.027404793
4209,-0.0028991774
4210,-0.027648922
4211,-0.05117798
4212,-0.06518554
4213,-0.06314087
4214,-0.06500245
4215,-0.08044434
4216,-0.08590698
4217,-0.079498306
4218,-0.08273316
4219,-0.07006836
4220,-0.055572506
4221,-0.051696777
4222,-0.041198738
4223,-0.027984604
4224,-0.016723635
4225,-0.008880618
4226,0.00390625
4227,0.014221193
4228,0.019958492
4229,0.034637455
4230,0.042266846
4231,0.052642822
4232,0.061523434
4233,0.069366455
4234,0.05511475
4235,0.028778076
4236,0.021789545
4237,0.008270267
4238,-0.0075988807
4239,-0.0053100623
4240,-0.013122536
4241,-0.017242417
4242,-0.033935554
4243,-0.049652107
4244,-0.059295647
4245,-0.10269165
4246,-0.097259514
4247,-0.068054184
4248,-0.118621826
4249,-0.0796509
4250,-0.08508299
4251,-0.057098404
4252,-0.02517701
4253,-0.023437496
4254,0.018829348
4255,0.037872322
4256,0.043914787
4257,0.033538822
4258,0.067199714
4259,0.07595825
4260,0.07736207
4261,0.085144065
4262,0.08456422
4263,0.065948494
4264,0.049621582
4265,0.043762207
4266,0.0060424944
4267,0.0061035
4268,-0.020751946
4269,-0.04904174
4270,-0.0435791
4271,-0.07800294
4272,-0.07742308
4273,-0.090362564
4274,-0.10119628
4275,-0.090270996
4276,-0.08575439
4277,-0.074829094
4278,-0.055267334
4279,-0.030120838
4280,-0.01849366
4281,0.0052490095
4282,0.021636963
4283,0.02584839
4284,0.042572007
4285,0.045043938
4286,0.057189956
4287,0.06100464
4288,0.05978393
4289,0.0776062
4290,0.06036377
4291,0.042297356
4292,0.059387207
4293,0.030670175
4294,0.025421137
4295,0.000915532
4296,-0.017456045
4297,-0.022033695
4298,-0.040771484
4299,-0.042053223
4300,-0.04757689
4301,-0.04400634
4302,-0.05279543
4303,-0.06085206
4304,-0.05892946
4305,-0.05996707
4306,-0.056732178
4307,-0.042144775
4308,-0.03680419
4309,-0.02929688
4310,-0.008361828
4311,-0.036407456
4312,-0.0019836402
4313,0.03625488
4314,0.0054016113
4315,0.059173584
4316,0.05316162
4317,0.06298829
4318,0.07714843
4319,0.041656494
4320,0.048980705
4321,0.045562737
4322,0.031402595
4323,0.031341553
4324,0.03204345
4325,0.0131835975
4326,0.007141106
4327,0.0034789965
4328,-0.0051879883
4329,0.0008544922
4330,-0.012939459
4331,0.0008544903
4332,0.009429924
4333,-0.02487183
4334,0.010040278
4335,0.042907707
4336,0.009399415
4337,0.050109863
4338,0.049682617
4339,0.053070076
4340,0.05633544
4341,0.02017212
4342,0.022369381
4343,0.011779782
4344,0.0008544874
4345,0.009155266
4346,0.021362312
4347,0.009521495
4348,0.011108402
4349,0.011322029
4350,0.008148188
4351,0.0004272405
4352,-0.0018310659
4353,0.0072021494
4354,-1.8626451e-09
4355,0.023284908
4356,0.017303461
4357,0.009490967
4358,0.03503418
4359,0.012237554
4360,0.0231018
4361,0.021392826
4362,0.009277348
4363,0.016815187
4364,0.001342773
4365,0.0010070797
4366,-0.0007934603
4367,-0.00067139417
4368,-0.007263177
4369,-0.008483876
4370,-0.01159667
4371,-0.01708984
4372,-0.01361084
4373,-0.026489258
4374,-0.01651002
4375,-0.022979736
4376,-0.031158444
4377,-0.0076293936
4378,-0.019012453
4379,-0.030548092
4380,-0.014709473
4381,-0.024169918
4382,-0.025848389
4383,-0.02029419
4384,-0.019592281
4385,-0.0017394975
4386,-0.014801023
4387,-0.007141113
4388,-0.010467534
4389,-0.01126099
4390,-0.018280022
4391,-0.015319817
4392,-0.01074218
4393,-0.018798823
4394,-0.011291515
4395,-0.015563966
4396,-0.006927495
4397,-0.0075073177
4398,-0.0145874
4399,0.00952148
4400,-2.7939677e-09
4401,-0.018737793
4402,0.0021362314
4403,-0.01550293
4404,-0.013610838
4405,-0.0161438
4406,-0.022613524
4407,-0.0050354027
4408,-0.018005367
4409,-0.03054809
4410,-0.03115845
4411,-0.0368042
4412,-0.04660034
4413,-0.035949707
4414,-0.03479004
4415,-0.030609127
4416,-0.032226574
4417,-0.024780273
4418,-0.014526368
4419,-0.014007566
4420,-0.006835933
4421,0.0128478985
4422,0.002960202
4423,-0.012329101
4424,0.025146483
4425,0.00039672805
4426,0.015472411
4427,0.016326904
4428,0.009582521
4429,0.03149414
4430,0.02832031
4431,0.012115479
4432,0.023223877
4433,0.015777592
4434,0.01147461
4435,0.016937256
4436,0.015075684
4437,0.016082764
4438,0.013031008
4439,0.021575926
4440,0.014648436
4441,0.011535642
4442,0.021881104
4443,0.01565552
4444,0.011779785
4445,0.009307861
4446,0.0066833496
4447,0.0031433124
4448,-0.003967286
4449,0.0011291495
4450,0.0019226084
4451,0.0017700195
4452,0.0048828106
4453,-0.0029296875
4454,0.0047912593
4455,-0.0006103525
4456,-0.0035095206
4457,-0.004333496
4458,-0.010101318
4459,-0.011932373
4460,-0.0122070275
4461,-0.010742186
4462,-0.013519286
4463,-0.015136719
4464,-0.009002687
4465,-0.003692625
4466,-0.0054016113
4467,0.0068054195
4468,-0.0011901837
4469,0.00030517485
4470,-0.001892088
4471,-0.002441408
4472,0.00064086914
4473,0.006011961
4474,-0.0009460449
4475,0.00518799
4476,0.002105713
4477,0.0073547326
4478,0.007873533
4479,0.009979248
4480,0.0069885245
4481,0.0063476562
4482,0.008453375
4483,0.0027770998
4484,0.0008544917
4485,-0.0038452134
4486,3.0517578e-05
4487,0.00091552874
4488,-0.0066223154
4489,-0.0073547373
4490,-0.0058288593
4491,-0.005218507
4492,-0.00601196
4493,-0.008178711
4494,-0.010284427
4495,-0.0041503906
4496,-0.007843018
4497,-0.0047302237
4498,-0.006042481
4499,-0.0063171387
4500,0.0010681166
4501,0.0047607445
4502,0.007293702
4503,0.010131835
4504,0.014251711
4505,0.014190673
4506,0.00878906
4507,0.0099487305
4508,0.012573244
4509,0.0045471205
4510,0.008758547
4511,-0.0030212402
4512,0.0066528292
4513,0.005340576
4514,-0.0035705562
4515,0.0013427734
4516,0.0053100586
4517,0.00024414295
4518,0.004486083
4519,0.0035400386
4520,0.0064697242
4521,-0.0002441397
4522,-0.004272459
4523,-0.008056639
4524,-0.002014158
4525,-0.0025634784
4526,-0.0032959005
4527,-0.006073
4528,-0.0019226082
4529,-0.008972167
4530,-0.010589598
4531,-0.0054321303
4532,-0.009643556
4533,-3.051851e-05
4534,0.00030517764
4535,0.003479003
4536,-0.003112794
4537,0.0028076135
4538,0.004547122
4539,-0.0069885254
4540,0.003326415
4541,-0.0012817383
4542,0.002746583
4543,0.008789061
4544,-0.0033569336
4545,0.0028991685
4546,0.0015869131
4547,0.004486085
4548,0.010437014
4549,0.007598878
4550,0.017242432
4551,0.018341064
4552,0.015106201
4553,0.028167723
4554,0.020477297
4555,0.030517578
4556,0.02999878
4557,0.02835083
4558,0.0340271
4559,0.03186035
4560,0.02609253
4561,0.029174805
4562,0.021820068
4563,0.01599121
4564,0.015441896
4565,0.020202637
4566,0.01824951
4567,0.019470215
4568,0.003875731
4569,-0.0067138663
4570,-0.00588989
4571,-0.010040282
4572,-0.024505615
4573,-0.029693607
4574,-0.024139408
4575,-0.026947021
4576,-0.027832026
4577,-0.02435303
4578,-0.024932861
4579,-0.022644043
4580,-0.0044860877
4581,-0.011871336
4582,-0.009155274
4583,-0.0064392085
4584,-0.008697508
4585,-0.0012207045
4586,-0.002685546
4587,-0.005279541
4588,-0.0021667462
4589,-0.007110594
4590,0.00082397275
4591,-0.0028076153
4592,-0.00579834
4593,-0.0012817392
4594,-0.0060729976
4595,-0.0057373047
4596,0.001800539
4597,-0.012725831
4598,-0.0035400414
4599,-0.0020141604
4600,-0.012939452
4601,-0.0065917964
4602,-0.008972169
4603,-0.014312745
4604,-0.013610842
4605,-0.022460936
4606,-0.018981932
4607,-0.011138918
4608,-0.019104004
4609,-0.011779785
4610,-0.013122559
4611,-0.0119628925
4612,-0.00894165
4613,0.0016174316
4614,0.00067138765
4615,0.00015258777
4616,0.013183595
4617,0.019195557
4618,0.01287842
4619,0.014526369
4620,0.016906735
4621,0.015380859
4622,0.014434814
4623,0.009857177
4624,0.006561284
4625,0.0065002437
4626,0.0021667462
4627,-0.0018920898
4628,-0.008605957
4629,-0.012207032
4630,-0.016082762
4631,-0.0069274893
4632,0.005004882
4633,0.004791255
4634,-0.004058838
4635,-0.0058288584
4636,-0.0015869108
4637,-0.005828855
4638,-0.009735107
4639,-0.003997807
4640,-0.016662601
4641,-0.010772705
4642,-0.008697503
4643,-0.011657719
4644,-0.0022583026
4645,-0.005371092
4646,0.0036315913
4647,0.008392334
4648,0.015441893
4649,0.023376465
4650,0.019500732
4651,0.016326904
4652,0.01852417
4653,0.01702881
4654,0.026855467
4655,0.020111082
4656,0.013427733
4657,0.0027465848
4658,-0.005187987
4659,-0.010009763
4660,-0.01663208
4661,-0.031707767
4662,-0.030731205
4663,-0.036621094
4664,-0.029205317
4665,-0.026123049
4666,-0.02355957
4667,-0.01876831
4668,-0.011047364
4669,-0.008026122
4670,-0.0002441397
4671,0.004608157
4672,0.007202147
4673,0.010620117
4674,0.019958494
4675,0.016723633
4676,0.014923096
4677,0.021118164
4678,0.022521973
4679,0.030822754
4680,0.02166748
4681,0.023773193
4682,0.021850586
4683,0.015136718
4684,0.017181395
4685,0.015991215
4686,0.015747065
4687,0.018493654
4688,0.014801024
4689,0.014404297
4690,0.0015563965
4691,-0.0007324219
4692,-0.006866453
4693,-0.012664795
4694,-0.010131836
4695,-0.01876831
4696,-0.014984131
4697,-0.016815186
4698,-0.022033693
4699,-0.019958496
4700,-0.022033693
4701,-0.013336183
4702,-0.014373779
4703,-0.008453371
4704,-0.011352539
4705,-0.0073242164
4706,-0.0044555687
4707,-0.001281736
4708,0.0032043427
4709,0.010681154
4710,0.026062006
4711,0.020324701
4712,0.012237556
4713,0.016815191
4714,-0.0045471173
4715,-0.0050354004
4716,-0.0014953595
4717,-0.014556883
4718,-0.019317627
4719,-0.029296875
4720,-0.030548096
4721,-0.042144775
4722,-0.037231445
4723,-0.037017822
4724,-0.033416748
4725,-0.03149414
4726,-0.018585205
4727,-0.009033201
4728,-0.011138911
4729,-0.010253906
4730,-0.0064697294
4731,-0.021942139
4732,-0.016052244
4733,-0.017181393
4734,-0.022125246
4735,-0.023498535
4736,-0.015319824
4737,-0.012908932
4738,-0.011810303
4739,-0.007965084
4740,-0.0074462816
4741,-0.0013122484
4742,-0.009307861
4743,-0.009613037
4744,-0.008911137
4745,-0.0119934045
4746,-0.00958251
4747,-0.0032043457
4748,0.008178711
4749,0.013671875
4750,0.012054447
4751,0.016937261
4752,0.016876213
4753,0.012908936
4754,0.008514406
4755,0.0070495624
4756,0.0107421875
4757,0.0012817364
4758,0.0066833496
4759,0.019073484
4760,0.02514648
4761,0.031616207
4762,0.029388428
4763,0.025115969
4764,0.026123045
4765,0.034454346
4766,0.028625492
4767,0.033660885
4768,0.03625488
4769,0.027618408
4770,0.02532959
4771,0.030639648
4772,0.024719238
4773,0.031433105
4774,0.0352478
4775,0.0446167
4776,0.04406738
4777,0.05276489
4778,0.060394295
4779,0.06085205
4780,0.053649906
4781,0.046081543
4782,0.03475952
4783,0.0395813
4784,0.03271484
4785,0.019927977
4786,0.018280026
4787,0.019439697
4788,0.020324707
4789,0.0126953125
4790,0.019042963
4791,0.012634279
4792,0.009399412
4793,0.008209229
4794,0.013336181
4795,-0.00082397554
4796,0.0066833533
4797,0.020721437
4798,0.017059319
4799,0.026855465
4800,0.031494144
4801,0.017028809
4802,0.015014649
4803,0.007141116
4804,-0.008453367
4805,-0.016448967
4806,-0.027709952
4807,-0.03390502
4808,-0.033721924
4809,-0.04248047
4810,-0.041625984
4811,-0.050231926
4812,-0.042846672
4813,-0.041259766
4814,-0.029357912
4815,-0.02319336
4816,-0.02908325
4817,-0.021118164
4818,-0.026611328
4819,-0.029907225
4820,-0.028808594
4821,-0.031677246
4822,-0.035125736
4823,-0.05822754
4824,-0.049865723
4825,-0.035339355
4826,-0.04257202
4827,-0.04327392
4828,-0.049835198
4829,-0.05322265
4830,-0.033233643
4831,-0.036865234
4832,-0.04174805
4833,-0.032226555
4834,-0.036651604
4835,-0.026153564
4836,-0.027130125
4837,-0.024841309
4838,-0.031433105
4839,-0.020721436
4840,-0.027191162
4841,-0.03717041
4842,-0.035491943
4843,-0.044891354
4844,-0.04095459
4845,-0.03552246
4846,-0.0395813
4847,-0.019989017
4848,-0.01132202
4849,-0.0054321345
4850,-0.0056762733
4851,0.0017089837
4852,0.013763428
4853,0.018249512
4854,0.016510013
4855,0.028076172
4856,0.02401733
4857,0.02243042
4858,0.014129637
4859,0.016326904
4860,0.018157957
4861,0.011199953
4862,0.007751465
4863,-3.0514784e-05
4864,-0.006500241
4865,-0.011657712
4866,-0.0031433126
4867,0.013000487
4868,0.018676756
4869,0.010528563
4870,0.012878416
4871,0.015136717
4872,0.024597166
4873,0.036926266
4874,0.023803711
4875,0.027801516
4876,0.033813477
4877,0.028442383
4878,0.037811276
4879,0.03378296
4880,0.032073975
4881,0.03515625
4882,0.04446411
4883,0.03579712
4884,0.03262329
4885,0.028350834
4886,0.023376467
4887,0.01815796
4888,0.014709472
4889,0.018676758
4890,0.025512697
4891,0.013366698
4892,0.016296385
4893,0.02212524
4894,0.026306152
4895,0.02398681
4896,0.011291505
4897,0.007720947
4898,0.012420659
4899,0.01245117
4900,0.015808102
4901,0.017639158
4902,0.0130615225
4903,0.015747072
4904,0.017730715
4905,0.018951416
4906,0.025146484
4907,0.018035889
4908,0.015380859
4909,0.020690916
4910,-0.00036620995
4911,0.0106811505
4912,0.0048828125
4913,-0.0040283194
4914,0.0031127934
4915,0.008575435
4916,0.011535642
4917,0.0055236784
4918,0.0019531245
4919,0.003753661
4920,0.006805421
4921,0.0049743624
4922,-0.002593996
4923,0.004089355
4924,-0.0042724614
4925,-0.0066223154
4926,-0.0054016113
4927,-0.012176513
4928,-0.008972168
4929,-0.013031005
4930,-0.014190672
4931,-0.013061523
4932,-0.02029419
4933,-0.01376343
4934,-0.016479492
4935,-0.02227783
4936,-0.020080566
4937,-0.024871826
4938,-0.02154541
4939,-0.0244751
4940,-0.02999878
4941,-0.027618406
4942,-0.030792238
4943,-0.040252686
4944,-0.037200928
4945,-0.03668213
4946,-0.030273436
4947,-0.031280518
4948,-0.02557373
4949,-0.029632566
4950,-0.032440186
4951,-0.02319336
4952,-0.018829346
4953,-0.016693113
4954,-0.007415772
4955,-0.0053710938
4956,-0.0035095229
4957,-0.010284425
4958,-0.0035400395
4959,-0.005126951
4960,-0.0023193369
4961,-0.0041198726
4962,-0.001800539
4963,0.0046081534
4964,-0.0065002446
4965,0.0004882822
4966,0.005035398
4967,-0.0024108868
4968,0.0042419434
4969,0.006896974
4970,0.0050964374
4971,0.0024108891
4972,0.004974365
4973,0.0021667448
4974,0.0004272461
4975,0.0061035138
4976,0.0003051767
4977,-3.0516763e-05
4978,0.004119872
4979,-0.00027465716
4980,0.0026550288
4981,0.013000488
4982,0.006439208
4983,0.0108032245
4984,0.01159668
4985,0.010559082
4986,0.014709473
4987,0.019073486
4988,0.013580322
4989,0.009155274
4990,0.009918215
4991,0.0066223163
4992,0.004821777
4993,0.0055847163
4994,0.012878418
4995,0.0046081534
4996,-0.0005187979
4997,0.013092042
4998,0.006042481
4999,0.00015258789
5000,0.0074768066
5001,0.0068969727
5002,0.0029907208
5003,0.0068969727
5004,0.00018310733
5005,0.00045776367
5006,0.0002746582
5007,0.0022277832
5008,0.010009766
5009,0.0113220215
5010,0.010955811
5011,-0.0018005362
5012,0.003387453
5013,-0.004913329
5014,-0.011993408
5015,-0.0038146973
5016,-0.0048217764
5017,-0.007965087
5018,-0.0070190458
5019,-0.0077819796
5020,-0.006072999
5021,-0.008728026
5022,-0.016174313
5023,-0.019165039
5024,-0.019866943
5025,-0.026519775
5026,-0.021575928
5027,-0.024322513
5028,-0.017852783
5029,-0.014587403
5030,-0.017883299
5031,-0.014282226
5032,-0.012084961
5033,-0.004272458
5034,-0.0033874498
5035,-0.005523681
5036,-0.0028076163
5037,-0.0002746582
5038,-0.009643551
5039,0.002105713
5040,0.0029602041
5041,-0.007354738
5042,-0.0044860835
5043,-0.0020446777
5044,-0.010345459
5045,-0.007904054
5046,-0.0027465816
5047,-0.0013427747
5048,0.002319336
5049,0.0048828144
5050,0.007507325
5051,0.005432127
5052,0.0025939932
5053,-0.0042419434
5054,-0.007720947
5055,0.0027160626
5056,-0.0036315937
5057,-0.0031738281
5058,0.0014648456
5059,0.0025024405
5060,-0.0015563928
5061,-0.0054626483
5062,0.0022888165
5063,0.0007324219
5064,-0.0022888184
5065,0.0052795396
5066,0.009399412
5067,0.021636963
5068,0.021118162
5069,0.027191162
5070,0.024261476
5071,0.024017334
5072,0.026550293
5073,0.016021727
5074,0.022644043
5075,0.02078247
5076,0.021759033
5077,0.016357422
5078,0.015563964
5079,0.013916013
5080,0.017059328
5081,0.01651001
5082,0.009338377
5083,0.0010681162
5084,0.0028381366
5085,0.0073242243
5086,0.008728029
5087,0.0047912598
5088,0.01696777
5089,0.020599363
5090,0.018585203
5091,0.018249512
5092,0.010375978
5093,0.007141111
5094,0.009399412
5095,0.0073852516
5096,0.0076904297
5097,0.0116882315
5098,0.016571043
5099,0.0045166016
5100,0.0105285635
5101,0.0051879864
5102,0.0018005352
5103,0.0070495605
5104,0.0023803692
5105,0.017425543
5106,0.006652832
5107,0.0013122559
5108,0.008483887
5109,0.0012207031
5110,-0.0050353985
5111,-0.012786865
5112,-0.017944336
5113,-0.027099611
5114,-0.024871834
5115,-0.03283692
5116,-0.04199219
5117,-0.03942872
5118,-0.042510975
5119,-0.040985115
5120,-0.042663567
5121,-0.036926277
5122,-0.04269409
5123,-0.036529537
5124,-0.029754646
5125,-0.02505494
5126,-0.02124023
5127,-0.001800538
5128,0.009704591
5129,0.01626587
5130,0.036224373
5131,0.05010987
5132,0.0610962
5133,0.08059694
5134,0.08328247
5135,0.09234619
5136,0.094055176
5137,0.08914184
5138,0.077636726
5139,0.07235719
5140,0.06591796
5141,0.048767082
5142,0.030364992
5143,0.01971436
5144,-0.0042419434
5145,-0.016510002
5146,-0.035675045
5147,-0.04922485
5148,-0.06347657
5149,-0.09304811
5150,-0.09643555
5151,-0.105834946
5152,-0.11425781
5153,-0.119720474
5154,-0.13027956
5155,-0.114685066
5156,-0.092224136
5157,-0.08053589
5158,-0.06652833
5159,-0.04571533
5160,-0.032592766
5161,-0.010620116
5162,0.018920902
5163,0.02819824
5164,0.04364013
5165,0.050750747
5166,0.050415035
5167,0.057128895
5168,0.069396965
5169,0.06893921
5170,0.06744385
5171,0.065216064
5172,0.053070076
5173,0.04501343
5174,0.03399659
5175,0.021789543
5176,0.023559581
5177,-0.0045166053
5178,-0.0134887695
5179,-0.023986828
5180,-0.050750736
5181,-0.054809578
5182,-0.049652107
5183,-0.054260265
5184,-0.051971428
5185,-0.055297844
5186,-0.052001953
5187,-0.045959476
5188,-0.03146362
5189,-0.031768795
5190,-0.025909426
5191,-0.01141358
5192,-0.003540028
5193,0.020263676
5194,0.03817748
5195,0.045684807
5196,0.06555176
5197,0.08547975
5198,0.09014893
5199,0.09899904
5200,0.10430908
5201,0.09976197
5202,0.09539796
5203,0.0887451
5204,0.06726073
5205,0.04437257
5206,0.0133056715
5207,-0.0067749117
5208,-0.02307127
5209,-0.044006363
5210,-0.061798096
5211,-0.065032944
5212,-0.08291627
5213,-0.09420776
5214,-0.108520515
5215,-0.097778335
5216,-0.099853516
5217,-0.1293945
5218,-0.094940186
5219,-0.075805664
5220,-0.07211305
5221,-0.035247795
5222,-0.01940918
5223,-0.013916008
5224,0.017425522
5225,0.023559563
5226,0.023956314
5227,0.04064944
5228,0.03677368
5229,0.037414543
5230,0.036651623
5231,0.029876731
5232,0.011138901
5233,-0.0013427809
5234,-0.010314945
5235,-0.017028801
5236,-0.015930187
5237,-0.02764894
5238,-0.033843987
5239,-0.01745604
5240,-0.04339599
5241,-0.06405642
5242,-0.08139038
5243,-0.07171631
5244,-0.059753433
5245,-0.06356813
5246,-0.047546398
5247,-0.041137688
5248,-0.024261473
5249,-0.0070190504
5250,0.023101803
5251,0.04299926
5252,0.046081528
5253,0.06747438
5254,0.068115234
5255,0.073913574
5256,0.09152222
5257,0.085754395
5258,0.10745239
5259,0.10748291
5260,0.10397339
5261,0.13162231
5262,0.11920166
5263,0.10708618
5264,0.10165406
5265,0.08694458
5266,0.08511351
5267,0.090087876
5268,0.08566284
5269,0.07583619
5270,0.06820678
5271,0.06918335
5272,0.06491089
5273,0.07235719
5274,0.07553099
5275,0.059967034
5276,0.061798103
5277,0.067565925
5278,0.06484986
5279,0.0541687
5280,0.039642334
5281,0.048156742
5282,0.025176995
5283,-0.02999877
5284,-0.027862553
5285,-0.024658207
5286,-0.027008053
5287,-0.04254152
5288,-0.061462395
5289,-0.06680296
5290,-0.06304932
5291,-0.062103257
5292,-0.061035164
5293,-0.05722045
5294,-0.06964113
5295,-0.06753539
5296,-0.04949952
5297,-0.05407714
5298,-0.042022713
5299,-0.028167738
5300,-0.024078365
5301,-0.0053710938
5302,-0.0146789495
5303,0.0021057166
5304,0.00045776647
5305,-0.049499504
5306,-0.05355835
5307,-0.040069588
5308,-0.034057632
5309,-0.047668464
5310,-0.071563706
5311,-0.1035156
5312,-0.10372924
5313,-0.086151116
5314,-0.07839964
5315,-0.080718994
5316,-0.081207275
5317,-0.08300781
5318,-0.07763672
5319,-0.056182854
5320,-0.03833008
5321,-0.03927613
5322,-0.026367184
5323,-0.011383049
5324,0.0036010817
5325,0.008575441
5326,0.025177002
5327,0.053955074
5328,0.04220581
5329,0.04745485
5330,0.05334472
5331,0.050781257
5332,0.051086433
5333,0.033294685
5334,0.021545406
5335,0.035278317
5336,0.024688726
5337,0.008422853
5338,0.00088502094
5339,-0.017059334
5340,-0.03186036
5341,-0.029815689
5342,-0.023376461
5343,-0.028320312
5344,-0.034973145
5345,-0.040191654
5346,-0.036468506
5347,-0.043640137
5348,-0.0463562
5349,-0.022064215
5350,-0.01593018
5351,-0.024078358
5352,-0.03292846
5353,-0.029571537
5354,-0.02508544
5355,-0.015594498
5356,-0.015686048
5357,-0.013488773
5358,-0.016845709
5359,-0.008270258
5360,-0.007751454
5361,-0.004058843
5362,-0.008026117
5363,-0.0022277888
5364,0.009674073
5365,0.011505127
5366,0.014739989
5367,0.011077877
5368,0.011505127
5369,0.0031433105
5370,-0.007690424
5371,0.0017395006
5372,0.006286621
5373,-0.015777584
5374,-0.0159912
5375,-0.015075689
5376,-0.024505608
5377,-0.01409914
5378,-0.0166626
5379,-0.0326538
5380,-0.02993775
5381,-0.035369877
5382,-0.023559576
5383,-0.0045166034
5384,-0.0011901697
5385,-0.016815186
5386,0.002288811
5387,0.06515503
5388,0.02526856
5389,0.04696656
5390,0.052825928
5391,0.0067749023
5392,0.02908325
5393,0.04397583
5394,0.030456543
5395,0.007507324
5396,0.06677246
5397,0.019531257
5398,0.020294178
5399,0.055603027
5400,0.035583504
5401,0.04699707
5402,0.031066887
5403,0.031433094
5404,0.047119133
5405,0.03778077
5406,0.022216804
5407,0.051635742
5408,0.036651623
5409,0.0021667555
5410,0.024475105
5411,0.024871834
5412,0.008483887
5413,0.01824951
5414,0.02609253
5415,0.03060913
5416,0.046813965
5417,0.06793214
5418,0.015655514
5419,0.03546143
5420,0.04342651
5421,0.035003662
5422,0.03390503
5423,0.020172121
5424,0.047668464
5425,0.031799313
5426,0.04650878
5427,0.04605103
5428,0.043090817
5429,0.06469725
5430,0.053100593
5431,0.015502933
5432,0.034423828
5433,0.011108391
5434,0.009735107
5435,0.031463623
5436,0.023254396
5437,0.01623535
5438,0.020996094
5439,0.022369388
5440,-0.007873539
5441,0.016601564
5442,0.010467529
5443,-0.0040893517
5444,0.0030212435
5445,-0.0040283147
5446,-0.0060119573
5447,-0.00024414808
5448,-0.01818847
5449,-0.005432125
5450,0.0144348135
5451,-0.02804565
5452,-0.01937867
5453,0.0475769
5454,-0.0062255915
5455,0.015594476
5456,0.021789553
5457,-0.009765626
5458,-0.0048828134
5459,-0.016448975
5460,-0.026458733
5461,-0.06774904
5462,0.013000485
5463,-0.016937256
5464,-0.035705574
5465,-0.019104
5466,-0.026458733
5467,-0.03097534
5468,-0.057556152
5469,-0.0656128
5470,-0.06756591
5471,-0.06643676
5472,-0.07211305
5473,-0.095336914
5474,-0.0939026
5475,-0.026184093
5476,-0.07553101
5477,-0.02890015
5478,-0.043395996
5479,-0.076049805
5480,-0.047058105
5481,-0.0597229
5482,-0.057830807
5483,-0.0758362
5484,-0.016174316
5485,-0.04629516
5486,-0.051177993
5487,-0.023681654
5488,-0.04898072
5489,-0.046142586
5490,-0.03842163
5491,-0.05612183
5492,-0.025421146
5493,-0.041320797
5494,-0.061767593
5495,-0.019042984
5496,-0.03509521
5497,-0.06433106
5498,-0.039581303
5499,-0.030792242
5500,-0.04547119
5501,-0.019165039
5502,0.003326417
5503,-0.0041503916
5504,0.01708984
5505,0.045928955
5506,-0.003082274
5507,0.023193361
5508,0.041076668
5509,0.030059818
5510,0.02923584
5511,0.028411869
5512,0.05316162
5513,0.044006348
5514,0.060821526
5515,0.052703857
5516,0.048217773
5517,0.061859116
5518,0.055755623
5519,0.014617924
5520,0.037963867
5521,0.00018310547
5522,0.005645754
5523,0.029205324
5524,0.017700195
5525,0.023864744
5526,0.026519772
5527,0.040740974
5528,0.009704592
5529,0.015472413
5530,0.026977547
5531,0.02239991
5532,0.022155762
5533,0.028961184
5534,0.035766598
5535,0.045196533
5536,0.03894043
5537,0.038848877
5538,0.048248295
5539,0.043640144
5540,0.044525146
5541,0.01260376
5542,0.029174805
5543,0.0025634766
5544,0.013061527
5545,0.025939943
5546,0.004058838
5547,0.02249146
5548,0.0120849535
5549,0.021942142
5550,-0.0019226111
5551,0.004150402
5552,0.0065612793
5553,-0.004760757
5554,0.00845336
5555,-0.004272461
5556,-0.0057983287
5557,-0.0025024451
5558,-0.015808102
5559,-0.00933839
5560,-0.01373291
5561,-0.007263176
5562,-0.0050353818
5563,-0.037261955
5564,-0.007080078
5565,-0.027862545
5566,-0.017364502
5567,-0.0050353967
5568,-0.024841309
5569,-0.015289307
5570,-0.02218628
5571,-0.007995596
5572,-0.036132812
5573,-0.019439695
5574,-0.018463142
5575,-0.030181892
5576,-0.008972183
5577,-0.01998902
5578,-0.022369385
5579,-0.012817383
5580,-0.040191635
5581,-0.027832039
5582,-0.028045654
5583,-0.044097897
5584,-0.030883789
5585,-0.031677242
5586,-0.025939941
5587,-0.029937744
5588,-0.022094725
5589,-0.027801512
5590,-0.03427124
5591,-0.027801517
5592,-0.030120846
5593,-0.029418947
5594,-0.026123041
5595,-0.028961182
5596,-0.035125732
5597,-0.03417968
5598,-0.030029293
5599,-0.018402101
5600,-0.03115845
5601,-0.017425537
5602,-0.031982422
5603,-0.031494137
5604,-0.025268555
5605,-0.03540039
5606,-0.02645875
5607,-0.020294191
5608,-0.017883299
5609,-0.01638794
5610,-0.003723137
5611,-0.007476805
5612,-0.011993408
5613,0.00015259348
5614,0.0073547326
5615,0.00076293387
5616,0.013824461
5617,0.010040287
5618,0.0076904353
5619,0.019866941
5620,0.010498054
5621,0.015502933
5622,0.023651129
5623,0.023437494
5624,0.027832024
5625,0.03137207
5626,0.040161133
5627,0.03689576
5628,0.033294685
5629,0.038238525
5630,0.034240723
5631,0.03878784
5632,0.042144775
5633,0.041107178
5634,0.035858154
5635,0.040252693
5636,0.033996582
5637,0.0390625
5638,0.03872681
5639,0.042083748
5640,0.048950203
5641,0.047912598
5642,0.05401612
5643,0.053863533
5644,0.05633545
5645,0.054351807
5646,0.054473877
5647,0.05630493
5648,0.053375244
5649,0.05236817
5650,0.05010988
5651,0.050964355
5652,0.043823242
5653,0.051574707
5654,0.044799805
5655,0.035369873
5656,0.03479004
5657,0.033050533
5658,0.027862549
5659,0.027099611
5660,0.026184078
5661,0.02914428
5662,0.023895267
5663,0.02465821
5664,0.029113773
5665,0.026092533
5666,0.02737426
5667,0.019989012
5668,0.024902344
5669,0.023345953
5670,0.0152282715
5671,0.023773193
5672,0.017761225
5673,0.013488771
5674,0.013031006
5675,0.010681152
5676,0.0043029767
5677,0.0028991704
5678,0.00030517438
5679,0.001159668
5680,-0.0038146973
5681,-0.0063476562
5682,0.0015258752
5683,-0.0042724647
5684,-0.0064086914
5685,-0.0040893555
5686,-0.010559075
5687,-0.011871338
5688,-0.015136711
5689,-0.01864624
5690,-0.020874016
5691,-0.024871834
5692,-0.020294186
5693,-0.01864624
5694,-0.024902355
5695,-0.023956291
5696,-0.017150883
5697,-0.02658081
5698,-0.028289795
5699,-0.028137207
5700,-0.03277588
5701,-0.038513184
5702,-0.04537963
5703,-0.039520264
5704,-0.03973388
5705,-0.048309326
5706,-0.043609623
5707,-0.05371093
5708,-0.051849373
5709,-0.05075074
5710,-0.06201172
5711,-0.056732178
5712,-0.06326294
5713,-0.06695557
5714,-0.061157227
5715,-0.06372071
5716,-0.06335449
5717,-0.06088257
5718,-0.05551147
5719,-0.056427002
5720,-0.052551273
5721,-0.05392456
5722,-0.047973633
5723,-0.0473938
5724,-0.053680412
5725,-0.040222168
5726,-0.051239006
5727,-0.048309322
5728,-0.04220581
5729,-0.051025383
5730,-0.04330445
5731,-0.03570557
5732,-0.04019165
5733,-0.032196045
5734,-0.02935791
5735,-0.02905273
5736,-0.024658203
5737,-0.028106697
5738,-0.025787355
5739,-0.022094727
5740,-0.031372067
5741,-0.017700195
5742,-0.011779785
5743,-0.010925291
5744,0.006042478
5745,0.0035705543
5746,0.012878415
5747,0.0063781748
5748,0.019256588
5749,0.024627686
5750,0.024169922
5751,0.034271237
5752,0.0314026
5753,0.02908326
5754,0.03247071
5755,0.03198243
5756,0.03033448
5757,0.033264156
5758,0.031585697
5759,0.030456547
5760,0.03256225
5761,0.028259283
5762,0.027435299
5763,0.020111084
5764,0.026031494
5765,0.028167725
5766,0.025817867
5767,0.02999878
5768,0.035125732
5769,0.029937744
5770,0.041107174
5771,0.04403686
5772,0.043548584
5773,0.05249023
5774,0.05111696
5775,0.05151368
5776,0.05801392
5777,0.053710945
5778,0.049591072
5779,0.04940795
5780,0.041687015
5781,0.048736576
5782,0.048980705
5783,0.04605103
5784,0.0508728
5785,0.041625977
5786,0.04034424
5787,0.036132812
5788,0.024871824
5789,0.032287598
5790,0.026489256
5791,0.027954102
5792,0.018798824
5793,0.012207028
5794,0.0077209473
5795,-0.00866699
5796,-0.0021972666
5797,0.012451171
5798,0.0001831064
5799,-0.007720951
5800,-0.00823975
5801,-0.010833738
5802,-0.009887695
5803,0.00323486
5804,0.011199955
5805,0.021606443
5806,0.019744873
5807,0.01260376
5808,-0.007598877
5809,-0.024871834
5810,-0.024322506
5811,-0.02871703
5812,-0.025482178
5813,-0.023681648
5814,-0.034942638
5815,-0.039947517
5816,-0.050689705
5817,-0.0618286
5818,-0.068939224
5819,-0.06893921
5820,-0.06365967
5821,-0.051513683
5822,-0.0489502
5823,-0.035339348
5824,-0.015380859
5825,-0.0064697303
5826,0.005920414
5827,0.01812743
5828,0.03390502
5829,0.05764771
5830,0.07247925
5831,0.08743286
5832,0.11328125
5833,0.09506226
5834,0.07675171
5835,0.07711792
5836,0.089447014
5837,0.08572388
5838,0.083496094
5839,0.0821228
5840,0.05712889
5841,0.02755737
5842,0.016296381
5843,-0.012481689
5844,-0.031005852
5845,-0.045593273
5846,-0.06387329
5847,-0.08987428
5848,-0.10266112
5849,-0.12310792
5850,-0.1298828
5851,-0.12545778
5852,-0.112182625
5853,-0.09872437
5854,-0.09338379
5855,-0.06796265
5856,-0.057128903
5857,-0.04696655
5858,-0.038146965
5859,-0.027130123
5860,-0.0107421875
5861,-0.003540039
5862,0.020965584
5863,0.03845215
5864,0.043823235
5865,0.05316162
5866,0.06362915
5867,0.0614319
5868,0.05435181
5869,0.059448235
5870,0.06210328
5871,0.066101074
5872,0.053802498
5873,0.035430916
5874,0.0015869215
5875,-0.01937867
5876,-0.045776367
5877,-0.05230712
5878,-0.04928589
5879,-0.05517579
5880,-0.07476807
5881,-0.08355713
5882,-0.0979004
5883,-0.11386107
5884,-0.09817506
5885,-0.075531006
5886,-0.080993645
5887,-0.07022095
5888,-0.05264283
5889,-0.042572018
5890,-0.0114746075
5891,0.030731203
5892,0.058288567
5893,0.097229004
5894,0.11428831
5895,0.10821533
5896,0.09359741
5897,0.08428955
5898,0.085418716
5899,0.05886843
5900,0.04244996
5901,0.04354858
5902,0.05047606
5903,0.033264153
5904,0.0042724535
5905,-0.0018310472
5906,-0.03265384
5907,-0.05819702
5908,-0.072021484
5909,-0.095397964
5910,-0.10803222
5911,-0.10562135
5912,-0.097473145
5913,-0.093780525
5914,-0.080993645
5915,-0.074859634
5916,-0.0546875
5917,-0.04064943
5918,-0.008056655
5919,0.01589965
5920,0.036285393
5921,0.043060318
5922,0.02951051
5923,0.045135498
5924,0.079345696
5925,0.07296753
5926,0.08276367
5927,0.09652709
5928,0.07086182
5929,0.0489502
5930,0.044586174
5931,0.01943969
5932,0.0018921029
5933,-0.006103521
5934,-0.033477776
5935,-0.059387222
5936,-0.07513426
5937,-0.08987428
5938,-0.10568235
5939,-0.09863282
5940,-0.0852356
5941,-0.0784607
5942,-0.073577896
5943,-0.05065918
5944,-0.038879395
5945,-0.035369866
5946,-0.029663077
5947,-0.00994873
5948,0.008911134
5949,0.032165524
5950,0.040557873
5951,0.045440674
5952,0.065093994
5953,0.08276367
5954,0.09689331
5955,0.09692384
5956,0.09106446
5957,0.0809021
5958,0.067718506
5959,0.06320191
5960,0.042266853
5961,0.047058117
5962,0.043212898
5963,0.036468506
5964,0.03677368
5965,0.031463616
5966,0.035736077
5967,0.022979744
5968,0.0001831092
5969,0.010528566
5970,0.010162355
5971,0.004730221
5972,0.020416265
5973,0.025848389
5974,0.026794437
5975,0.039489754
5976,0.047119133
5977,0.044006344
5978,0.042053223
5979,0.030914309
5980,0.026214594
5981,0.010131845
5982,0.013244624
5983,0.013061525
5984,0.01651001
5985,0.01892091
5986,0.014648444
5987,0.010742178
5988,0.022583
5989,0.016265875
5990,0.0011596736
5991,0.0039062514
5992,0.01373291
5993,0.006530758
5994,0.024871835
5995,0.02645874
5996,0.02713013
5997,0.039947517
5998,0.035186764
5999,0.033416748
6000,0.025756838
6001,0.018280037
6002,0.006103511
6003,-0.0045165936
6004,-0.0045471247
6005,-0.013153076
6006,-0.015960693
6007,-0.02523803
6008,-0.04260254
6009,-0.04812623
6010,-0.041687015
6011,-0.046173096
6012,-0.05825805
6013,-0.059326172
6014,-0.050048828
6015,-0.04446411
6016,-0.04257202
6017,-0.041778564
6018,-0.025207516
6019,-0.013336175
6020,-0.014617926
6021,-0.0061950656
6022,-0.0036621094
6023,0.009063724
6024,0.004333491
6025,0.0058899005
6026,0.005249016
6027,0.006866455
6028,-9.155262e-05
6029,0.001708989
6030,-0.0037841795
6031,-0.00708008
6032,-0.010162355
6033,-0.019500732
6034,-0.02029419
6035,-0.014221187
6036,-0.019897461
6037,-0.0134887695
6038,-0.017761238
6039,-0.026397705
6040,-0.020202633
6041,-0.026458735
6042,-0.03170777
6043,-0.03396607
6044,-0.031616215
6045,-0.028533936
6046,-0.022247318
6047,-0.02606201
6048,-0.030731207
6049,-0.030456543
6050,-0.029907228
6051,-0.029876707
6052,-0.0189209
6053,-0.011657715
6054,-0.012695309
6055,-0.016021732
6056,-0.009338381
6057,-0.00616455
6058,-0.009033203
6059,-0.011352542
6060,-0.0056762733
6061,-0.0072326674
6062,-0.007873537
6063,-0.0065307613
6064,-0.007049561
6065,-0.0059509277
6066,-0.006652835
6067,-0.015258789
6068,-0.015624998
6069,-0.014770507
6070,-0.017303469
6071,-0.01626587
6072,-0.0074157715
6073,-0.011718752
6074,-0.016448978
6075,-0.009918213
6076,-0.008483885
6077,-0.003692627
6078,0.0013122549
6079,0.0049133264
6080,0.0047302237
6081,0.0032043438
6082,0.012847901
6083,0.013732913
6084,0.013732911
6085,0.014190678
6086,0.020050054
6087,0.023590088
6088,0.014831544
6089,0.013183592
6090,-0.00024413783
6091,0.0065002423
6092,0.004913331
6093,-0.0010375988
6094,-0.00064086844
6095,-0.0013427727
6096,-0.007904053
6097,-0.006347657
6098,-0.011260989
6099,-0.0062255897
6100,0.004364014
6101,0.011108399
6102,-0.0095825195
6103,-0.010070801
6104,-0.010223389
6105,-0.008514403
6106,-0.009613037
6107,-0.0042419415
6108,-0.0028686537
6109,0.0024414053
6110,0.0009155264
6111,0.0037231445
6112,0.005065919
6113,0.003997799
6114,0.0102539025
6115,0.012237549
6116,0.010437012
6117,0.020629887
6118,0.023956299
6119,0.01828003
6120,0.022399902
6121,0.031402588
6122,0.027526855
6123,0.015106203
6124,0.025299076
6125,0.023986818
6126,0.017425537
6127,0.029846191
6128,0.018218994
6129,0.019439697
6130,0.020660399
6131,0.0126342755
6132,0.012725829
6133,0.012725832
6134,0.01812744
6135,0.01760864
6136,0.022247313
6137,0.025146484
6138,0.030303953
6139,0.025146484
6140,0.02365112
6141,0.010681154
6142,0.013793947
6143,0.020019533
6144,0.014556884
6145,0.0043029785
6146,0.01715088
6147,0.017242432
6148,0.0140686035
6149,0.015472414
6150,0.015960693
6151,0.009857176
6152,0.012847902
6153,0.0056152362
6154,0.0047912598
6155,0.003051756
6156,-0.0020446796
6157,-0.007476805
6158,-0.008666992
6159,-0.006958008
6160,-0.0058288556
6161,-0.0022583008
6162,-0.012969971
6163,-0.010742188
6164,-0.008239746
6165,-0.011932373
6166,-0.0010070801
6167,0.012908939
6168,-0.0017395038
6169,-0.0012817421
6170,0.0054016123
6171,0.0010375981
6172,0.007110593
6173,0.006958008
6174,0.009307863
6175,0.005462649
6176,0.0071716323
6177,0.010498047
6178,0.0057678246
6179,0.004241944
6180,-0.0007629404
6181,0.002685546
6182,0.0017395029
6183,0.0004577632
6184,0.0027465825
6185,0.00030517532
6186,-0.0040588407
6187,-0.005493165
6188,-0.0038452167
6189,0.007629397
6190,-0.012664796
6191,-0.01272583
6192,-0.0089416485
6193,-0.0151062
6194,-0.016967775
6195,-0.0070495624
6196,-0.008575439
6197,-0.01638794
6198,-0.0065918
6199,-0.01376343
6200,-0.010070803
6201,-0.010559082
6202,-0.011413574
6203,-0.007843018
6204,-0.009429931
6205,-0.00881958
6206,-0.01333618
6207,-0.014892576
6208,-0.010467529
6209,-0.010162351
6210,-0.009246828
6211,-0.025817875
6212,-0.017059324
6213,-0.016357422
6214,-0.02227783
6215,-0.017608639
6216,-0.0206604
6217,-0.019012455
6218,-0.01449585
6219,-0.007843018
6220,-0.0060730004
6221,-0.008483888
6222,-0.008026124
6223,-0.008758545
6224,-0.010498047
6225,-0.0126953125
6226,-0.01852417
6227,-0.022644041
6228,-0.024932861
6229,-0.020599362
6230,-0.016052244
6231,-0.019317627
6232,-0.016418455
6233,-0.01876831
6234,-0.010803221
6235,-0.007293702
6236,-0.00933838
6237,-0.002593996
6238,-0.0070495624
6239,-0.0048217773
6240,-0.006530759
6241,-0.0017700167
6242,0.009307865
6243,0.005004884
6244,0.003540039
6245,0.0044555683
6246,0.0036621066
6247,0.0027770987
6248,-0.00036621
6249,-0.00085448846
6250,0.0025634747
6251,0.0069274902
6252,0.0016784668
6253,-0.00036621187
6254,-0.0095214825
6255,-0.006378172
6256,0.009735106
6257,0.0080566425
6258,0.0042419443
6259,0.00967407
6260,0.004730224
6261,0.0018615741
6262,0.0016479483
6263,0.0008239746
6264,0.0076293945
6265,0.0036010742
6266,0.008605954
6267,0.008636477
6268,0.015899658
6269,0.016113281
6270,0.020812988
6271,0.019592285
6272,0.02593994
6273,0.02618408
6274,0.017425537
6275,0.014617921
6276,0.00079345424
6277,-0.0020446777
6278,0.00854492
6279,-0.0016174288
6280,-0.0031738288
6281,-0.0013122554
6282,-0.002075194
6283,-0.012023927
6284,-0.012573242
6285,-0.00848389
6286,-0.02029419
6287,-0.015777588
6288,-0.0086364765
6289,-0.012664797
6290,-0.008972166
6291,-0.011566161
6292,-0.010375978
6293,-0.011138917
6294,-0.0060424814
6295,-0.006500243
6296,-0.0025024395
6297,-0.01223755
6298,-0.015380859
6299,-0.007690429
6300,-0.022735598
6301,-0.020568848
6302,-0.011932375
6303,-0.013793945
6304,-0.006683348
6305,-0.005279541
6306,-0.0066223135
6307,0.002899169
6308,-0.0014648438
6309,0.006866456
6310,0.007812501
6311,0.014068602
6312,0.007171631
6313,0.0128479
6314,0.0072021484
6315,0.009887695
6316,0.014617921
6317,0.019256592
6318,0.026184082
6319,0.02017212
6320,0.022888184
6321,0.025146483
6322,0.018951416
6323,0.025146484
6324,0.0262146
6325,0.026855469
6326,0.026794434
6327,0.034271244
6328,0.031585693
6329,0.027435305
6330,0.03753662
6331,0.031463623
6332,0.033325195
6333,0.03982544
6334,0.034606934
6335,0.032348633
6336,0.03100586
6337,0.028106691
6338,0.030822754
6339,0.025177
6340,0.017608644
6341,0.02166748
6342,0.01434326
6343,0.0029296894
6344,0.012725828
6345,0.00552368
6346,-0.004425049
6347,1.8626451e-09
6348,-0.0073547363
6349,-0.011077879
6350,-0.003692625
6351,-0.010223387
6352,-0.010192866
6353,-0.0136413565
6354,-0.013244629
6355,-0.014404299
6356,-0.008361813
6357,-0.013427734
6358,-0.009796144
6359,-0.010192871
6360,-0.011077883
6361,-0.0115356445
6362,-0.0115356445
6363,-0.0073242215
6364,-0.0060424833
6365,-0.0111083975
6366,-0.009277345
6367,-0.011505125
6368,-0.014587401
6369,-0.014648436
6370,-0.011627195
6371,-0.012969971
6372,-0.016174316
6373,-0.014678957
6374,-0.022888187
6375,-0.011169434
6376,-0.01409912
6377,-0.021636967
6378,-0.017578125
6379,-0.012817383
6380,-0.01791382
6381,-0.013885498
6382,-0.009887694
6383,-0.011047364
6384,-0.009460449
6385,-0.009674073
6386,-0.007598876
6387,-0.0018920884
6388,-0.0077514653
6389,-0.0017089844
6390,0.007080078
6391,-0.00018310267
6392,0.0037231455
6393,0.006744382
6394,0.006896975
6395,-0.0005493164
6396,0.010894774
6397,0.0078125
6398,0.003387453
6399,0.0087890625
6400,0.00216675
6401,0.008666994
6402,0.010101318
6403,0.008453368
6404,0.008087159
6405,0.009521487
6406,0.0061950698
6407,0.0070495633
6408,0.0029602032
6409,0.005126955
6410,-0.0010070801
6411,-0.0020446787
6412,-0.0039978027
6413,-0.01019287
6414,-0.007141113
6415,-0.013702392
6416,-0.0015869141
6417,-0.005340578
6418,-0.015258785
6419,-0.016967773
6420,-0.021392822
6421,-0.018310545
6422,-0.018341064
6423,-0.01876831
6424,-0.011413576
6425,-0.014862064
6426,-0.010223388
6427,-0.014984131
6428,-0.01358032
6429,-0.011871337
6430,-0.020141603
6431,-0.019897461
6432,-0.016021729
6433,-0.01422119
6434,-0.020751955
6435,-0.011779783
6436,-0.013031002
6437,-0.019561766
6438,-0.021942139
6439,-0.017669678
6440,-0.014587402
6441,-0.004180908
6442,6.103888e-05
6443,-0.00076294504
6444,0.008636475
6445,0.0035095252
6446,-0.0012206957
6447,0.0059204176
6448,0.0058898926
6449,0.004852295
6450,0.010009766
6451,0.003387453
6452,0.0064086914
6453,0.002319336
6454,0.006866455
6455,0.0071411133
6456,0.0044555655
6457,0.0037536612
6458,0.0050048814
6459,0.0015258808
6460,-0.010253904
6461,-0.0064697284
6462,-0.003753663
6463,-0.0027465834
6464,0.00039672758
6465,-0.0028686533
6466,-0.0029907208
6467,-0.0058898935
6468,-0.010040285
6469,-0.002014163
6470,-0.0020141592
6471,0.0057373047
6472,0.0025024405
6473,0.003723144
6474,0.009765623
6475,0.013122558
6476,0.012115478
6477,0.014373781
6478,0.016021729
6479,0.013000486
6480,0.011962887
6481,0.014221191
6482,0.026275635
6483,0.018249508
6484,0.013916017
6485,0.0059509277
6486,-0.0024719224
6487,0.0021362302
6488,0.0010070829
6489,-0.0058898926
6490,-0.00039673317
6491,0.00033569057
6492,-0.0058288565
6493,-0.0026245117
6494,-0.00042724703
6495,0.001739502
6496,0.0058898926
6497,0.008483885
6498,0.003753662
6499,0.011169437
6500,0.007080078
6501,0.0071105976
6502,0.0048828144
6503,0.0115356445
6504,0.022003176
6505,0.02017212
6506,0.013854982
6507,0.009521484
6508,0.010101322
6509,0.0064392053
6510,0.009063721
6511,0.007812502
6512,0.008209232
6513,0.008239757
6514,0.003967285
6515,0.0079956055
6516,0.0074768066
6517,0.011291508
6518,0.016143799
6519,0.012786865
6520,0.014953615
6521,0.016357422
6522,0.019256592
6523,0.020294191
6524,0.011962891
6525,0.018157959
6526,0.012298584
6527,0.016448975
6528,0.016418453
6529,0.017364502
6530,0.023406982
6531,0.01760864
6532,0.018218996
6533,0.018096924
6534,0.016632091
6535,0.01864625
6536,0.013763429
6537,0.01586914
6538,0.01211548
6539,0.018798832
6540,0.016082762
6541,0.013000486
6542,0.014801024
6543,0.011627196
6544,0.011138914
6545,0.01708984
6546,0.01794434
6547,0.012451171
6548,0.012664795
6549,0.010192871
6550,0.009246827
6551,0.005859374
6552,0.0072021484
6553,0.0017395034
6554,-0.0040588384
6555,-0.005584716
6556,-0.00909424
6557,-0.009155276
6558,-0.017059326
6559,-0.014892579
6560,-0.010162357
6561,-0.016143803
6562,-0.015045166
6563,-0.014678959
6564,-0.017181396
6565,-0.017700197
6566,-0.020385742
6567,-0.018463137
6568,-0.010864256
6569,-0.013092039
6570,-0.00881958
6571,-0.01702881
6572,-0.0066833496
6573,-0.004486084
6574,-0.0034790076
6575,-0.0017700158
6576,-0.009307861
6577,-0.002868656
6578,-0.016387949
6579,-0.019927982
6580,-0.014434814
6581,-0.02661133
6582,-0.022949219
6583,-0.028717043
6584,-0.028350832
6585,-0.036102295
6586,-0.03085327
6587,-0.032318115
6588,-0.038085938
6589,-0.04171753
6590,-0.041534424
6591,-0.04626465
6592,-0.053527832
6593,-0.054870605
6594,-0.04522705
6595,-0.046936035
6596,-0.043670654
6597,-0.03704834
6598,-0.043548584
6599,-0.03817749
6600,-0.033172615
6601,-0.041961677
6602,-0.029846191
6603,-0.026153564
6604,-0.03363037
6605,-0.022857666
6606,-0.020507812
6607,-0.020477291
6608,-0.016906736
6609,-0.01184082
6610,-0.015258787
6611,-0.0073547354
6612,-0.011901857
6613,-0.015167236
6614,-0.014984132
6615,-0.01071167
6616,-0.014678959
6617,-0.011871337
6618,-0.00869751
6619,-0.014404297
6620,-0.012512205
6621,-0.009216305
6622,-0.0064086914
6623,-0.008575444
6624,-0.009246825
6625,0.0009765634
6626,-0.00628662
6627,-0.0063476562
6628,-0.0007629369
6629,-0.00033569522
6630,0.0064392095
6631,0.0028686523
6632,0.013702394
6633,0.01934814
6634,0.017150883
6635,0.027862549
6636,0.030456543
6637,0.031829834
6638,0.036010742
6639,0.03564453
6640,0.036590576
6641,0.031341553
6642,0.035827637
6643,0.03540039
6644,0.02835083
6645,0.032836914
6646,0.023406982
6647,0.021179197
6648,0.028381346
6649,0.018249512
6650,0.026550293
6651,0.027740479
6652,0.02886963
6653,0.023284912
6654,0.028656004
6655,0.025360106
6656,0.027893065
6657,0.034851074
6658,0.03213501
6659,0.033782955
6660,0.040649414
6661,0.0390625
6662,0.03674316
6663,0.047546387
6664,0.048095703
6665,0.052001946
6666,0.05438232
6667,0.048431396
6668,0.052001953
6669,0.046539307
6670,0.04562378
6671,0.044830322
6672,0.04296875
6673,0.043304443
6674,0.03250122
6675,0.034454346
6676,0.026336674
6677,0.015045166
6678,0.018890377
6679,0.010131835
6680,0.003692626
6681,0.0048828116
6682,0.0016479492
6683,-0.001007081
6684,-0.004058837
6685,-0.0004272461
6686,-0.010925293
6687,-0.011291499
6688,-0.014038095
6689,-0.015197756
6690,-0.020721428
6691,-0.023925778
6692,-0.026824955
6693,-0.024993904
6694,-0.025939936
6695,-0.032806404
6696,-0.03909301
6697,-0.036315918
6698,-0.044982906
6699,-0.043548573
6700,-0.043121345
6701,-0.041748047
6702,-0.039520256
6703,-0.034729008
6704,-0.034057625
6705,-0.032257073
6706,-0.03277589
6707,-0.027313232
6708,-0.021911623
6709,-0.020172115
6710,-0.007202143
6711,0.0074768066
6712,0.020111073
6713,0.028625492
6714,0.046539314
6715,0.06039429
6716,0.062652595
6717,0.07174684
6718,0.083770745
6719,0.07589722
6720,0.07098387
6721,0.06542969
6722,0.056243896
6723,0.043762203
6724,0.036315907
6725,0.019287111
6726,-0.0023803655
6727,-0.014099117
6728,-0.038116444
6729,-0.046417248
6730,-0.0499878
6731,-0.07543945
6732,-0.07250978
6733,-0.08596802
6734,-0.08807373
6735,-0.09417726
6736,-0.09609985
6737,-0.096527085
6738,-0.095855735
6739,-0.09011842
6740,-0.07415773
6741,-0.06002807
6742,-0.044830322
6743,-0.031005865
6744,-0.015533441
6745,-0.0022277795
6746,0.013610837
6747,0.030731201
6748,0.041778576
6749,0.058288567
6750,0.07525635
6751,0.07748413
6752,0.08337402
6753,0.08508301
6754,0.07339476
6755,0.06448364
6756,0.051208496
6757,0.046630856
6758,0.025421143
6759,0.008911114
6760,0.0022888146
6761,-0.023834247
6762,-0.041198723
6763,-0.048736572
6764,-0.058715813
6765,-0.07025146
6766,-0.0739441
6767,-0.06933594
6768,-0.07489013
6769,-0.06939698
6770,-0.07125856
6771,-0.06796265
6772,-0.055328384
6773,-0.053588863
6774,-0.052581787
6775,-0.03302002
6776,-0.037170425
6777,-0.012390133
6778,-0.012145992
6779,0.004760757
6780,0.031829834
6781,0.04464721
6782,0.058288597
6783,0.07897949
6784,0.075469986
6785,0.07180786
6786,0.07577515
6787,0.0645752
6788,0.057464585
6789,0.05621337
6790,0.040100105
6791,0.02743531
6792,0.009613022
6793,-0.005340576
6794,-0.02633667
6795,-0.03671266
6796,-0.045043953
6797,-0.06375122
6798,-0.05459594
6799,-0.058013916
6800,-0.057891853
6801,-0.05111695
6802,-0.03973388
6803,-0.030883774
6804,-0.017944332
6805,-0.006866455
6806,0.0046691746
6807,0.007751465
6808,0.005065888
6809,0.009063728
6810,0.010314941
6811,0.006500248
6812,0.0026245043
6813,-0.005615242
6814,-0.0042724498
6815,-0.008331284
6816,-0.014404289
6817,-0.024810795
6818,-0.02316285
6819,-0.031097421
6820,-0.02905274
6821,-0.02911377
6822,-0.028350845
6823,-0.028930686
6824,-0.03482055
6825,-0.049804684
6826,-0.043243434
6827,-0.0508423
6828,-0.041442886
6829,-0.030364975
6830,-0.025268555
6831,-0.011901859
6832,-0.0037841785
6833,0.00448608
6834,0.013580312
6835,0.028472897
6836,0.0414734
6837,0.05633544
6838,0.050994866
6839,0.060363762
6840,0.058502186
6841,0.06365966
6842,0.06271361
6843,0.054656986
6844,0.066528305
6845,0.061676025
6846,0.05691529
6847,0.0566101
6848,0.047576897
6849,0.05804442
6850,0.05212403
6851,0.062316895
6852,0.071197525
6853,0.074096665
6854,0.07659913
6855,0.07226562
6856,0.07391358
6857,0.0727234
6858,0.06930542
6859,0.06091307
6860,0.04849243
6861,0.04443358
6862,0.034484856
6863,0.018463127
6864,0.013397219
6865,-0.007415766
6866,-0.011383054
6867,-0.02276611
6868,-0.03207398
6869,-0.023040768
6870,-0.041381832
6871,-0.021301277
6872,-0.0355835
6873,-0.040863056
6874,-0.022430409
6875,-0.025970466
6876,-0.013366684
6877,-0.010101315
6878,-0.0003967136
6879,0.009033203
6880,0.016082764
6881,0.017150879
6882,0.027038593
6883,0.020965572
6884,0.027008064
6885,0.02035522
6886,0.016601577
6887,0.01864624
6888,-0.0007018894
6889,-0.01989745
6890,-0.032501232
6891,-0.04693604
6892,-0.05419922
6893,-0.07546997
6894,-0.074951164
6895,-0.08224488
6896,-0.089202896
6897,-0.081207275
6898,-0.07946776
6899,-0.06985472
6900,-0.057556152
6901,-0.04962159
6902,-0.046081543
6903,-0.02752685
6904,-0.012634283
6905,0.0020141844
6906,0.014038099
6907,0.038665775
6908,0.034698498
6909,0.047210693
6910,0.06201172
6911,0.054840088
6912,0.060760498
6913,0.06463623
6914,0.058837898
6915,0.05648805
6916,0.05731201
6917,0.05007935
6918,0.046142578
6919,0.03717041
6920,0.02267456
6921,0.022338875
6922,0.013610825
6923,0.0040283203
6924,-0.0024108961
6925,-0.0003662184
6926,-0.009277351
6927,-0.0038146824
6928,-0.008178707
6929,-0.003967285
6930,0.00012207404
6931,-0.012664784
6932,-0.00027466565
6933,0.001586929
6934,-0.008758552
6935,0.0010376088
6936,-0.0029602125
6937,0.0016479604
6938,-0.012634307
6939,-0.018035892
6940,-0.019622795
6941,-0.035430897
6942,-0.039855964
6943,-0.0407715
6944,-0.051574707
6945,-0.045379646
6946,-0.04257202
6947,-0.05255127
6948,-0.041717514
6949,-0.050048836
6950,-0.042816155
6951,-0.04800415
6952,-0.035125732
6953,-0.029754644
6954,-0.043029778
6955,-0.03158569
6956,-0.036682133
6957,-0.049560554
6958,-0.042297363
6959,-0.051696762
6960,-0.06170655
6961,-0.06451416
6962,-0.06991577
6963,-0.073944084
6964,-0.06423951
6965,-0.071319595
6966,-0.06768799
6967,-0.054077156
6968,-0.05532837
6969,-0.049987793
6970,-0.04129027
6971,-0.041076668
6972,-0.032196037
6973,-0.029052738
6974,-0.023498539
6975,-0.009399418
6976,-0.018463127
6977,-0.008270264
6978,-0.001770026
6979,-0.011657724
6980,-0.014068607
6981,-0.01818847
6982,-0.0029907115
6983,9.155832e-05
6984,0.0009460412
6985,0.022827143
6986,0.028808594
6987,0.030914312
6988,0.04171752
6989,0.03948975
6990,0.04620361
6991,0.050811756
6992,0.04595946
6993,0.060699467
6994,0.054870605
6995,0.05331421
6996,0.052490238
6997,0.0699463
6998,0.059570305
6999,0.07974244
7000,0.061828606
7001,0.10903931
7002,0.100250244
7003,0.060760498
7004,0.08950805
7005,0.06573486
7006,0.040954582
7007,0.08831787
7008,0.05911255
7009,0.026519794
7010,0.055847157
7011,0.01513673
7012,0.01791381
7013,0.020294178
7014,0.026428215
7015,0.027008066
7016,0.029144289
7017,0.045074463
7018,0.011322033
7019,0.01937867
7020,0.04766845
7021,0.012969986
7022,0.030700676
7023,0.029479994
7024,0.015563957
7025,0.044799805
7026,0.03280639
7027,0.024780277
7028,0.067321785
7029,0.037323
7030,0.005493168
7031,0.048431393
7032,0.0093383845
7033,0.013153084
7034,0.035247806
7035,-0.0047607347
7036,0.03329467
7037,-0.0021057148
7038,-0.0079345815
7039,0.0045166053
7040,0.013549797
7041,-0.0034790095
7042,-0.0011291513
7043,-0.002929695
7044,0.011383069
7045,-0.0041503906
7046,-0.018707274
7047,0.0031127883
7048,-0.026702873
7049,-0.019927984
7050,0.00033569522
7051,-0.023254398
7052,-0.0016174316
7053,0.0037841732
7054,0.0021057203
7055,0.011474602
7056,-0.020568855
7057,0.0037841862
7058,-0.0042114267
7059,0.010284425
7060,0.015136719
7061,-0.005584713
7062,0.0025024384
7063,0.013671873
7064,-0.01651001
7065,0.020904532
7066,-0.00057982095
7067,0.0023498405
7068,0.015258797
7069,-0.031463627
7070,-0.0031433087
7071,-0.013763428
7072,-0.044860844
7073,-0.00018311106
7074,-0.0065917955
7075,-0.06890869
7076,-0.036743157
7077,-0.050720207
7078,-0.06704712
7079,-0.04364014
7080,-0.0666809
7081,-0.04214478
7082,-0.03393554
7083,-0.043182373
7084,-0.060485832
7085,-0.038024906
7086,-0.026672363
7087,-0.036956787
7088,-0.057922363
7089,-9.1567636e-05
7090,-0.014404282
7091,-0.04623413
7092,-0.0001525851
7093,-0.0135192815
7094,-0.030212406
7095,0.014343257
7096,-0.03430176
7097,-0.046295162
7098,-0.02816772
7099,-0.055633523
7100,-0.027191162
7101,-0.06301881
7102,-0.026062012
7103,-0.049194336
7104,-0.05136109
7105,-0.025970459
7106,-0.05773925
7107,-0.04379273
7108,-0.005371091
7109,-0.060546875
7110,-0.040222168
7111,-0.012512205
7112,-0.0460205
7113,-0.014434815
7114,-0.025085445
7115,-0.0376587
7116,0.010620119
7117,-0.00213623
7118,-0.036682136
7119,0.020538326
7120,0.008911132
7121,-0.004882805
7122,0.013000481
7123,-0.007049557
7124,0.03643799
7125,0.014617919
7126,-0.004058847
7127,0.012664793
7128,0.022216791
7129,0.0010681134
7130,-0.004547121
7131,0.006011961
7132,0.037872314
7133,0.0021057148
7134,0.0099487305
7135,0.022888184
7136,-0.016479492
7137,3.0502677e-05
7138,0.02246094
7139,0.014282232
7140,0.02615357
7141,0.026702877
7142,0.029327393
7143,0.024566645
7144,-0.017028818
7145,0.01641846
7146,-0.00036620907
7147,0.00033568777
7148,0.015838627
7149,0.0027465806
7150,0.013977048
7151,-0.0053100605
7152,-0.026397705
7153,0.0084228525
7154,0.026153568
7155,-0.04119873
7156,-0.017089847
7157,-0.0037536602
7158,-0.02380371
7159,0.0017089904
7160,0.0019531287
7161,-0.02108765
7162,0.014709467
7163,-0.006042484
7164,-0.010437011
7165,0.009124747
7166,-0.010162348
7167,0.012115483
7168,-0.022064209
7169,-0.026275642
7170,0.0066833524
7171,-0.0067443848
7172,0.002990718
7173,-0.006164551
7174,-0.006713868
7175,0.002227784
7176,0.002532961
7177,-0.033111572
7178,-0.02523804
7179,0.0048828134
7180,0.0033874514
7181,0.012481697
7182,0.007019046
7183,-0.028656006
7184,0.012115477
7185,0.013885494
7186,-9.155285e-05
7187,0.030578606
7188,0.02478028
7189,0.034484867
7190,0.005218505
7191,0.009918211
7192,0.022155762
7193,0.009826662
7194,0.016326902
7195,0.023864746
7196,0.019805908
7197,0.021179197
7198,0.0076293945
7199,0.0072631817
7200,0.021606445
7201,0.02960205
7202,0.037261963
7203,0.042236328
7204,0.019622803
7205,0.00836182
7206,0.028350841
7207,0.022094728
7208,0.014556885
7209,0.03244018
7210,0.03536988
7211,0.03149414
7212,0.017395021
7213,0.034088135
7214,0.019012453
7215,0.012145994
7216,0.024261475
7217,0.018402098
7218,0.016815184
7219,0.0178833
7220,0.0046691895
7221,0.018341064
7222,0.023864748
7223,0.022888184
7224,0.028045654
7225,0.04113769
7226,0.02078247
7227,0.020935064
7228,0.02566529
7229,0.027069092
7230,0.015258789
7231,0.020355225
7232,0.038452156
7233,0.020019528
7234,0.018676756
7235,0.020477295
7236,0.008636473
7237,0.0030212393
7238,0.009948731
7239,0.007019045
7240,0.0044250507
7241,-0.0020446759
7242,-0.006988526
7243,0.005493167
7244,0.0095214825
7245,-0.0039672856
7246,0.004119873
7247,0.0065002465
7248,-0.0036010733
7249,-0.0061035175
7250,0.0045776307
7251,0.009399414
7252,0.0062561044
7253,0.010009766
7254,0.008056642
7255,0.009643552
7256,0.0065307617
7257,0.007202151
7258,0.0066833477
7259,-0.0015258777
7260,-0.0009155255
7261,0.0020141602
7262,0.0012817387
7263,-0.0074157743
7264,-0.0046691922
7265,-0.0040283212
7266,0.003753663
7267,-0.011077881
7268,-0.008148195
7269,-0.011871334
7270,-0.016418457
7271,-0.016357426
7272,-0.017913822
7273,-0.014892576
7274,-0.023376465
7275,-0.020599365
7276,-0.023864746
7277,-0.027374266
7278,-0.02737427
7279,-0.026489258
7280,-0.034301758
7281,-0.026763912
7282,-0.01977539
7283,-0.021514893
7284,-0.018829346
7285,-0.012451174
7286,-0.014739992
7287,-0.0022583026
7288,-0.0044250507
7289,-0.0039978027
7290,-0.008605959
7291,-0.013610836
7292,-0.016784668
7293,-0.014648441
7294,-0.015258793
7295,-0.017486572
7296,-0.0148010235
7297,-0.024902344
7298,-0.01687622
7299,-0.02386474
7300,-0.022521978
7301,-0.015380858
7302,-0.02844238
7303,-0.017944336
7304,-0.01449585
7305,-0.024597168
7306,-0.022460938
7307,-0.019317623
7308,-0.024475098
7309,-0.01724243
7310,-0.024139406
7311,-0.015380859
7312,-0.015045166
7313,-0.023284912
7314,-0.02078247
7315,-0.016235352
7316,-0.01617432
7317,-0.011688232
7318,-0.0059509273
7319,-0.012115478
7320,-0.0014038086
7321,0.0018920884
7322,-0.002899169
7323,0.011444095
7324,0.012756348
7325,0.005218506
7326,0.01074219
7327,0.006225584
7328,0.004669188
7329,-0.0020751962
7330,-0.00015259022
7331,-0.0069274884
7332,-0.0023803716
7333,-0.0020141606
7334,-0.003875732
7335,-0.001342772
7336,-0.009979248
7337,-0.004608153
7338,-0.007751463
7339,-0.0072631836
7340,-0.007812498
7341,-0.0023498535
7342,-0.0068969727
7343,-0.008331302
7344,-0.0064086886
7345,-0.007843016
7346,-0.0020141564
7347,-0.0022888202
7348,0.0014953632
7349,0.008270264
7350,0.013336183
7351,0.008972164
7352,0.012176514
7353,0.012237547
7354,0.01651001
7355,0.012298585
7356,0.012176516
7357,0.020843506
7358,0.0178833
7359,0.015045163
7360,0.015716553
7361,0.019439697
7362,0.013183592
7363,0.020202637
7364,0.018737793
7365,0.021728516
7366,0.027221678
7367,0.021514893
7368,0.019165037
7369,0.030273434
7370,0.02453613
7371,0.026428223
7372,0.026062014
7373,0.030670166
7374,0.027801514
7375,0.027130125
7376,0.026275635
7377,0.021362305
7378,0.023864746
7379,0.021026611
7380,0.023834229
7381,0.017089844
7382,0.023712158
7383,0.023101807
7384,0.020355225
7385,0.018310547
7386,0.01760864
7387,0.020996096
7388,0.022857666
7389,0.021667482
7390,0.013793943
7391,0.010528563
7392,0.0073242188
7393,0.007110593
7394,0.018341063
7395,0.031890873
7396,0.03131104
7397,0.01626587
7398,0.0045776363
7399,-0.003173829
7400,-0.008605957
7401,-0.01522827
7402,-0.016143799
7403,-0.017089842
7404,-0.020812988
7405,-0.02911377
7406,-0.043548584
7407,-0.058990467
7408,-0.07693483
7409,-0.07971193
7410,-0.081848145
7411,-0.082305916
7412,-0.07354736
7413,-0.06973265
7414,-0.052337646
7415,-0.03674317
7416,-0.021911621
7417,-0.012023926
7418,-0.0007934682
7419,0.019165047
7420,0.03518678
7421,0.057647705
7422,0.062622085
7423,0.06372069
7424,0.070434555
7425,0.070678726
7426,0.07440185
7427,0.073699936
7428,0.0739746
7429,0.078002915
7430,0.070526116
7431,0.059021004
7432,0.05569458
7433,0.042694096
7434,0.022186283
7435,0.013031002
7436,-0.019805916
7437,-0.034851074
7438,-0.04937745
7439,-0.07168578
7440,-0.08758546
7441,-0.1004944
7442,-0.11029054
7443,-0.1187744
7444,-0.11456299
7445,-0.11456297
7446,-0.11004637
7447,-0.10726928
7448,-0.11148071
7449,-0.09664916
7450,-0.075103745
7451,-0.051361077
7452,-0.031219468
7453,-0.016052244
7454,-0.0066833477
7455,0.0021362342
7456,0.014526375
7457,0.02148437
7458,0.027709965
7459,0.038146973
7460,0.047546387
7461,0.05783081
7462,0.06207277
7463,0.05514526
7464,0.04550171
7465,0.027618408
7466,0.02569579
7467,0.022369392
7468,0.020660408
7469,0.024108883
7470,0.0067443848
7471,-0.0012512207
7472,-0.012390144
7473,-0.038421623
7474,-0.049835216
7475,-0.055786148
7476,-0.06616211
7477,-0.06784059
7478,-0.06369019
7479,-0.066894524
7480,-0.043395996
7481,-0.026153568
7482,0.007080082
7483,0.035339355
7484,0.05517578
7485,0.07083131
7486,0.07171632
7487,0.078735344
7488,0.07919313
7489,0.08828734
7490,0.099426255
7491,0.098358154
7492,0.094757065
7493,0.09088134
7494,0.0663452
7495,0.03564453
7496,0.011199927
7497,-0.0012817456
7498,-0.021484375
7499,-0.025482193
7500,-0.03640748
7501,-0.0630493
7502,-0.06332399
7503,-0.067321785
7504,-0.067687996
7505,-0.055511467
7506,-0.053924583
7507,-0.044097904
7508,-0.040374756
7509,-0.02624511
7510,-0.016296372
7511,0.0006408682
7512,0.010406494
7513,0.009155298
7514,0.02359008
7515,0.04058837
7516,0.04446411
7517,0.05517578
7518,0.06549072
7519,0.059326183
7520,0.06600953
7521,0.06692505
7522,0.05795288
7523,0.04684448
7524,0.025512688
7525,0.015350334
7526,-0.0072326735
7527,-0.017242428
7528,-0.02960205
7529,-0.043212913
7530,-0.044464126
7531,-0.057464585
7532,-0.05575563
7533,-0.046417214
7534,-0.051361054
7535,-0.04818724
7536,-0.04348755
7537,-0.040832512
7538,-0.026702873
7539,-0.016204825
7540,-0.0035095103
7541,-0.00039672293
7542,0.0054321317
7543,0.009033207
7544,0.021606445
7545,0.04135131
7546,0.042297363
7547,0.044525146
7548,0.041839607
7549,0.01931762
7550,0.026916517
7551,0.03561401
7552,0.043762207
7553,0.047332767
7554,0.03350829
7555,0.022247318
7556,0.02227784
7557,0.01644897
7558,0.023834229
7559,0.014099121
7560,0.019653317
7561,0.02593993
7562,0.020477297
7563,0.02560425
7564,0.019592285
7565,0.016998293
7566,0.02105713
7567,0.027130125
7568,0.025268558
7569,0.0054016192
7570,-0.0016784607
7571,-0.021545412
7572,-0.021453852
7573,-0.026641844
7574,-0.025177
7575,-0.003967289
7576,-0.010955811
7577,-0.017456057
7578,-0.019195559
7579,-0.030273447
7580,-0.01678466
7581,-0.024353024
7582,0.00024414062
7583,0.015014641
7584,0.022399914
7585,-0.0031433105
7586,0.0056762695
7587,-0.00012205914
7588,-0.044158943
7589,0.019622806
7590,-0.011291489
7591,-0.030975342
7592,-0.0602417
7593,-0.053863537
7594,-0.07147215
7595,-0.11627197
7596,-0.059417717
7597,-0.064971924
7598,-0.083496094
7599,-0.077819824
7600,-0.08926392
7601,-0.05703736
7602,-0.046447746
7603,-0.06866455
7604,-0.035614014
7605,-0.035400383
7606,-0.021148678
7607,0.047943108
7608,0.03564453
7609,0.03509521
7610,0.07397462
7611,0.08425903
7612,0.061431885
7613,0.0993347
7614,0.105041504
7615,0.1112671
7616,0.095947266
7617,0.09689332
7618,0.10681153
7619,0.07427978
7620,0.08416748
7621,0.060424797
7622,0.05371093
7623,0.04760742
7624,0.06362915
7625,0.0524292
7626,0.007904052
7627,0.028259274
7628,0.026000973
7629,0.007690428
7630,0.014282223
7631,0.029449457
7632,0.044555668
7633,0.008789053
7634,0.03762817
7635,0.012725835
7636,0.028167725
7637,0.022216799
7638,0.033142086
7639,0.052978516
7640,-6.10369e-05
7641,0.024871826
7642,0.018188482
7643,0.029785162
7644,0.023498535
7645,-0.010009769
7646,-0.022338863
7647,0.0010070829
7648,0.008819579
7649,-0.0018005376
7650,0.004516608
7651,-0.054351803
7652,-0.04824829
7653,-0.067382805
7654,-0.10733034
7655,-0.07159424
7656,-0.08395384
7657,-0.08944702
7658,-0.12399292
7659,-0.121612564
7660,-0.11917113
7661,-0.1506958
7662,-0.08703613
7663,-0.054382317
7664,-0.08856201
7665,-0.05767823
7666,-0.06085205
7667,-0.0300293
7668,-0.026062008
7669,-0.053466797
7670,0.01330566
7671,0.002258298
7672,9.155925e-05
7673,0.009216301
7674,-0.0066223135
7675,-0.03720092
7676,-0.07461549
7677,0.0021972843
7678,-0.07162474
7679,-0.046783455
7680,-0.073730476
7681,-0.060485847
7682,-0.08792113
7683,-0.14239502
7684,-0.039947502
7685,-0.05987548
7686,-0.06341553
7687,-0.07260132
7688,-0.07650757
7689,-0.021789555
7690,0.010620114
7691,-0.04333496
7692,-0.030761719
7693,-0.010620117
7694,-0.020904548
7695,0.041168205
7696,0.020935059
7697,0.028839106
7698,0.046081547
7699,0.053558357
7700,0.029785153
7701,0.041168205
7702,0.072906494
7703,0.09445191
7704,0.079589844
7705,0.07232666
7706,0.057800297
7707,0.03399658
7708,0.071899414
7709,0.055999763
7710,0.047668457
7711,0.02798462
7712,0.045349114
7713,0.038604736
7714,-0.010314942
7715,0.008605953
7716,0.005828851
7717,-9.155087e-05
7718,0.013214111
7719,0.027404781
7720,0.036041263
7721,0.008666987
7722,0.033935543
7723,0.005340577
7724,0.028961184
7725,0.032592773
7726,0.053375244
7727,0.08288574
7728,0.010864256
7729,0.022552488
7730,0.037475586
7731,0.05264283
7732,0.051971436
7733,0.014190676
7734,-0.0038452148
7735,0.035461426
7736,0.0074157724
7737,-0.0044860775
7738,0.00012206705
7739,-0.00012206845
7740,0.015106205
7741,0.011291499
7742,0.028961185
7743,-0.015625006
7744,0.027191158
7745,0.017547613
7746,0.014129638
7747,-0.0014038049
7748,0.0018920841
7749,0.038513184
7750,-0.0033264197
7751,0.0031738258
7752,6.103795e-05
7753,-0.0025329636
7754,0.0004577646
7755,-0.01901245
7756,-0.044891357
7757,-0.006134035
7758,-0.025817871
7759,-0.027984614
7760,-0.030792238
7761,-0.03503418
7762,-0.023773193
7763,-0.016845709
7764,0.0010986347
7765,-0.0421753
7766,0.002319334
7767,0.001342779
7768,0.0115966825
7769,-0.002502434
7770,0.0065917904
7771,0.037078857
7772,0.0023498498
7773,0.015197752
7774,0.02612305
7775,0.007995602
7776,0.023040775
7777,0.010040283
7778,-0.0141601525
7779,0.014221193
7780,0.013183593
7781,-6.103143e-05
7782,0.008880615
7783,-0.010375977
7784,-0.008972168
7785,0.0042419415
7786,0.005432129
7787,-0.020812994
7788,0.0018615723
7789,0.00708008
7790,0.007080082
7791,-0.0010986347
7792,0.0054626474
7793,0.016235352
7794,-0.004486087
7795,0.0044555673
7796,-0.0007934598
7797,-0.00747681
7798,-0.00088500953
7799,-0.0025024414
7800,-0.024719238
7801,-0.021331787
7802,-0.011169432
7803,-0.02011108
7804,-0.018646238
7805,-0.009857176
7806,-0.010650631
7807,-0.009490965
7808,0.005554199
7809,-0.009613039
7810,-0.012695311
7811,0.004241945
7812,0.004425049
7813,-0.005706789
7814,-0.007934568
7815,-0.0017700177
7816,-0.011657716
7817,-0.01739502
7818,-0.01980591
7819,-0.024566658
7820,-0.023101807
7821,-0.013183596
7822,-0.02319336
7823,-0.01754761
7824,-0.021881104
7825,-0.017486572
7826,-0.015075684
7827,-0.013977052
7828,-0.014129639
7829,-0.010742188
7830,-0.0061035166
7831,-0.0116882315
7832,-0.0039367657
7833,-0.0010681115
7834,0.003753664
7835,0.003967287
7836,0.004119874
7837,0.005706788
7838,0.010681152
7839,0.00015258696
7840,0.005371096
7841,0.007019042
7842,0.008697511
7843,0.013854978
7844,0.012969969
7845,0.0155944815
7846,0.018096924
7847,0.018463133
7848,0.021514893
7849,0.018218994
7850,0.019439697
7851,0.025543211
7852,0.013397215
7853,0.022949219
7854,0.02331543
7855,0.018280026
7856,0.019256592
7857,0.011413574
7858,0.019165039
7859,0.018829344
7860,0.023864746
7861,0.015838621
7862,0.014953613
7863,0.018493654
7864,0.022674562
7865,0.022491455
7866,0.024993896
7867,0.019531252
7868,0.016815186
7869,0.015350342
7870,0.011993411
7871,0.0058898944
7872,0.0138855
7873,0.008850098
7874,0.0065307617
7875,0.017028807
7876,0.013916016
7877,0.011230467
7878,0.012634275
7879,0.003204341
7880,-0.001495365
7881,0.006866455
7882,0.0029907208
7883,-0.002105713
7884,-0.006652832
7885,-0.0020751934
7886,-0.0031433105
7887,-0.009918209
7888,-0.005371092
7889,-0.005432129
7890,-0.017028809
7891,-0.014587404
7892,-0.018707272
7893,-0.022216797
7894,-0.020721436
7895,-0.02557373
7896,-0.023101807
7897,-0.022277832
7898,-0.022644043
7899,-0.023803715
7900,-0.02633667
7901,-0.019958498
7902,-0.021667484
7903,-0.023864746
7904,-0.015716555
7905,-0.02545166
7906,-0.02319336
7907,-0.023925781
7908,-0.0234375
7909,-0.019592283
7910,-0.018859865
7911,-0.013061525
7912,-0.011901859
7913,-0.010253904
7914,-0.0054626474
7915,0.00039672852
7916,0.0015869131
7917,0.0014648428
7918,-0.0030822721
7919,-0.0052185077
7920,-0.0061645517
7921,-0.0119018555
7922,-0.020202635
7923,-0.0068664523
7924,-0.003021236
7925,-0.0046081557
7926,-0.0010986319
7927,-0.004943849
7928,-0.0008239765
7929,-0.0018920903
7930,-0.003173829
7931,0.004547121
7932,0.004486084
7933,-0.0017395057
7934,0.0069885254
7935,0.0007629376
7936,0.0033569355
7937,-0.00015258975
7938,0.0031433105
7939,0.011413572
7940,0.00027466007
7941,0.0067138653
7942,0.0100402795
7943,0.005126955
7944,0.0054016113
7945,0.004211426
7946,0.0069885273
7947,0.010375978
7948,0.0068359375
7949,0.014312743
7950,0.014404296
7951,0.016296387
7952,0.010925293
7953,0.019104004
7954,0.016937256
7955,0.017639156
7956,0.0161438
7957,0.009002684
7958,0.011962891
7959,0.0052490234
7960,0.004058838
7961,0.004364014
7962,0.010223387
7963,0.009582521
7964,0.008239744
7965,0.02081299
7966,0.015319823
7967,0.015075684
7968,0.020690914
7969,0.013854983
7970,0.019134521
7971,0.012512209
7972,0.01538086
7973,0.014556885
7974,0.0134887695
7975,0.0083618155
7976,0.00720215
7977,0.010437011
7978,-0.0019836454
7979,0.0012207031
7980,0.0041503906
7981,0.008850099
7982,0.0039062495
7983,0.002380371
7984,0.011352539
7985,0.008361818
7986,0.008422854
7987,0.011444093
7988,0.009826658
7989,0.010253909
7990,0.012237549
7991,0.0053405734
7992,0.0075073247
7993,0.002685545
7994,0.0040283203
7995,0.00012207031
7996,0.0009460468
7997,0.00039672665
7998,-0.005401613
7999,-0.00894165
8000,-0.0069274902
8001,-0.0048828125
8002,-0.008026123
8003,-0.007507324
8004,0.001403803
8005,-0.009918213
8006,-0.011810305
8007,-0.0057373066
8008,-0.014038082
8009,-0.01876831
8010,-0.017456055
8011,-0.018127441
8012,-0.020782467
8013,-0.018157957
8014,-0.026245115
8015,-0.017456055
8016,-0.02432251
8017,-0.015411377
8018,-0.021606447
8019,-0.020904541
8020,-0.017028809
8021,-0.02255249
8022,-0.013702389
8023,-0.017578125
8024,-0.023162842
8025,-0.028045656
8026,-0.025512693
8027,-0.027893066
8028,-0.02444458
8029,-0.026031492
8030,-0.025756836
8031,-0.022735596
8032,-0.02609253
8033,-0.020751953
8034,-0.023620602
8035,-0.021942139
8036,-0.015686035
8037,-0.013122558
8038,-0.016143799
8039,-0.013122559
8040,-0.013580323
8041,-0.019989014
8042,-0.014343258
8043,-0.016082764
8044,-0.013366698
8045,-0.008605957
8046,-0.014526369
8047,-0.0037231431
8048,-0.014404295
8049,-0.0038757315
8050,0.001007081
8051,-0.0054321284
8052,-0.00073242094
8053,-0.00054931734
8054,0.00012206938
8055,-0.0016784677
8056,-0.0059509296
8057,-0.0039672856
8058,0.0008544922
8059,-0.003967284
8060,0.0029907208
8061,0.0019836437
8062,0.005889893
8063,0.0081481915
8064,0.009124755
8065,0.009826661
8066,0.017639156
8067,0.026977539
8068,0.025482178
8069,0.03237915
8070,0.03649902
8071,0.035003662
8072,0.03213501
8073,0.030792234
8074,0.028778076
8075,0.028686525
8076,0.028503418
8077,0.021942139
8078,0.022857662
8079,0.025665283
8080,0.015258787
8081,0.025360107
8082,0.026245117
8083,0.023437504
8084,0.033081055
8085,0.032989502
8086,0.032226562
8087,0.031585693
8088,0.03515625
8089,0.029693604
8090,0.030822754
8091,0.028137207
8092,0.028900139
8093,0.025299072
8094,0.017639156
8095,0.013732912
8096,0.01574707
8097,0.01715088
8098,0.0065917987
8099,0.014312743
8100,0.016967777
8101,0.01171875
8102,0.016754154
8103,0.009094238
8104,0.00070190616
8105,0.004119876
8106,-3.0520372e-05
8107,0.000946044
8108,-0.009399412
8109,-0.0037536612
8110,-0.013519285
8111,-0.017333984
8112,-0.017883305
8113,-0.02017212
8114,-0.023315428
8115,-0.029998777
8116,-0.021362305
8117,-0.022460934
8118,-0.02255249
8119,-0.0144958515
8120,-0.015411379
8121,-0.015716555
8122,-0.01119995
8123,-0.0107421875
8124,-0.006866454
8125,-0.0155029325
8126,-0.012390137
8127,-0.019653322
8128,-0.018463137
8129,-0.01696777
8130,-0.020202639
8131,-0.019439697
8132,-0.02218628
8133,-0.021453857
8134,-0.019958496
8135,-0.02023315
8136,-0.01733398
8137,-0.017578125
8138,-0.011566162
8139,-0.010650637
8140,-0.011688231
8141,-0.012542728
8142,-0.0048522926
8143,-0.006500245
8144,-0.0100708
8145,-0.0017700205
8146,-0.008056642
8147,-0.0013427741
8148,0.0046081557
8149,0.0018310528
8150,0.0069274893
8151,0.011260986
8152,0.014984131
8153,0.015624998
8154,0.017669678
8155,0.014099123
8156,0.019378662
8157,0.014801028
8158,0.013854982
8159,0.013854981
8160,0.010955808
8161,0.006072998
8162,0.0039978013
8163,0.0025939946
8164,0.0014953632
8165,0.0021362305
8166,0.005554201
8167,0.0035400372
8168,-0.00216675
8169,0.006286621
8170,0.007537844
8171,0.007598877
8172,0.005950924
8173,0.011169434
8174,0.010375978
8175,0.0040283203
8176,0.00665283
8177,0.0020751972
8178,0.0043945312
8179,0.0013732892
8180,-0.012664797
8181,-0.006225588
8182,-0.012817383
8183,-0.00839233
8184,-0.0076904297
8185,-0.005493162
8186,-0.008911133
8187,-0.0048217773
8188,-0.0093688965
8189,-0.0105896
8190,-0.0094909705
8191,-0.011352539
8192,-0.008056644
8193,-0.01956177
8194,-0.016662598
8195,-0.016601562
8196,-0.017547607
8197,-0.020568848
8198,-0.017913818
8199,-0.008300781
8200,-0.008728027
8201,-0.009521484
8202,-0.003265379
8203,-0.010772709
8204,-0.0071411114
8205,-0.006134033
8206,-0.013916017
8207,-0.015899658
8208,-0.011901855
8209,-0.019653322
8210,-0.018737795
8211,-0.025512695
8212,-0.020996096
8213,-0.024108887
8214,-0.027832031
8215,-0.026672363
8216,-0.028686523
8217,-0.02923584
8218,-0.026458742
8219,-0.02487183
8220,-0.026916504
8221,-0.022186276
8222,-0.015686035
8223,-0.020416256
8224,-0.011810301
8225,-0.001892088
8226,-0.0055847154
8227,-0.012420658
8228,-0.000946044
8229,-0.010314945
8230,-0.0009765625
8231,-0.0004272405
8232,-0.001251217
8233,-0.008361819
8234,-0.00042724423
8235,-0.0025024414
8236,-0.009063721
8237,0.0040893555
8238,-0.007293705
8239,-0.0043945312
8240,0.0008544903
8241,0.00061035156
8242,-0.004058834
8243,-0.0010681152
8244,-0.003967285
8245,-0.0021362342
8246,0.0038146954
8247,0.014099123
8248,0.010375975
8249,0.015533449
8250,0.024749754
8251,0.026763918
8252,0.03302002
8253,0.037902832
8254,0.03881836
8255,0.04232788
8256,0.043487553
8257,0.046905518
8258,0.044769283
8259,0.051452637
8260,0.055114746
8261,0.05050659
8262,0.05508423
8263,0.047210693
8264,0.052734375
8265,0.051849365
8266,0.04675293
8267,0.052612305
8268,0.04888916
8269,0.046966553
8270,0.04724121
8271,0.05154419
8272,0.04373169
8273,0.0463562
8274,0.042266846
8275,0.038116455
8276,0.037322994
8277,0.042297363
8278,0.03878784
8279,0.03378296
8280,0.043334957
8281,0.030242916
8282,0.03137207
8283,0.025085445
8284,0.013214109
8285,0.014312744
8286,0.018035889
8287,0.012878416
8288,0.006073
8289,0.00592041
8290,-0.004638672
8291,-0.015472416
8292,-0.005798338
8293,-0.020996103
8294,-0.024658209
8295,-0.02648926
8296,-0.039611813
8297,-0.043090828
8298,-0.03933715
8299,-0.048004143
8300,-0.048767082
8301,-0.050628662
8302,-0.057373054
8303,-0.04989624
8304,-0.05203247
8305,-0.04345703
8306,-0.04827881
8307,-0.037872314
8308,-0.03829956
8309,-0.03857422
8310,-0.02368164
8311,-0.021240238
8312,0.00067137927
8313,0.0077819824
8314,0.018096931
8315,0.029449478
8316,0.032562256
8317,0.04318236
8318,0.03878784
8319,0.041900642
8320,0.03955078
8321,0.032836918
8322,0.0253601
8323,0.017944343
8324,-3.0510128e-05
8325,-0.007232668
8326,-0.019653322
8327,-0.031066895
8328,-0.040435787
8329,-0.04910278
8330,-0.064514145
8331,-0.07492064
8332,-0.08050537
8333,-0.086425796
8334,-0.08938597
8335,-0.09490965
8336,-0.10549928
8337,-0.096008316
8338,-0.09329225
8339,-0.08877563
8340,-0.07205199
8341,-0.063262925
8342,-0.05413819
8343,-0.03900147
8344,-0.022857666
8345,-0.009063723
8346,0.011505127
8347,0.023834232
8348,0.036193855
8349,0.039062496
8350,0.055694573
8351,0.06338502
8352,0.07403563
8353,0.07858277
8354,0.07916261
8355,0.07925414
8356,0.06774902
8357,0.06179809
8358,0.058410637
8359,0.054687493
8360,0.051666245
8361,0.03976441
8362,0.0265503
8363,0.0025939867
8364,-0.01510619
8365,-0.02435302
8366,-0.03479003
8367,-0.037597656
8368,-0.035308845
8369,-0.04385376
8370,-0.050842285
8371,-0.058990486
8372,-0.05239869
8373,-0.056549072
8374,-0.04055786
8375,-0.029266376
8376,-0.033111576
8377,-0.010986321
8378,-0.0019836538
8379,0.005676264
8380,0.033538833
8381,0.03918457
8382,0.041931156
8383,0.052673325
8384,0.04638672
8385,0.05877684
8386,0.0565796
8387,0.054840095
8388,0.050781257
8389,0.038665768
8390,0.027191162
8391,0.0147094745
8392,0.005310055
8393,-0.0003356859
8394,-0.017242432
8395,-0.024169907
8396,-0.037506096
8397,-0.040191635
8398,-0.047271732
8399,-0.04748536
8400,-0.04714965
8401,-0.0406494
8402,-0.035217285
8403,-0.032836914
8404,-0.03323365
8405,-0.025909424
8406,-0.02243042
8407,-0.009979248
8408,-0.0071411096
8409,0.0039672926
8410,0.001892075
8411,0.004150402
8412,0.0036010817
8413,0.0031738281
8414,0.0020446852
8415,0.005065907
8416,0.0025024563
8417,-0.00061034784
8418,-0.006195057
8419,-0.014068577
8420,-0.0094604455
8421,-0.025299095
8422,-0.028411843
8423,-0.029724121
8424,-0.035614043
8425,-0.036346443
8426,-0.02865602
8427,-0.022064202
8428,-0.019378647
8429,-0.023895241
8430,-0.017883308
8431,-0.010925299
8432,-0.003753665
8433,0.013580328
8434,0.015502926
8435,0.032165527
8436,0.04476929
8437,0.04891967
8438,0.064086914
8439,0.068542495
8440,0.07550047
8441,0.080078125
8442,0.08874513
8443,0.08520507
8444,0.09500121
8445,0.09121704
8446,0.08728027
8447,0.090209976
8448,0.09628296
8449,0.0895691
8450,0.083435066
8451,0.06454469
8452,0.058013916
8453,0.05285643
8454,0.04522706
8455,0.041595448
8456,0.035186775
8457,0.029968265
8458,0.02572631
8459,0.01907349
8460,0.016540516
8461,0.012695327
8462,0.009765623
8463,0.0037231287
8464,-0.0017395043
8465,0.0008545029
8466,-0.009674078
8467,-0.0043945312
8468,-0.021728508
8469,-0.0222168
8470,-0.022308342
8471,-0.035095207
8472,-0.023773212
8473,-0.025817879
8474,-0.020355225
8475,-0.021789558
8476,-0.026458744
8477,-0.02093507
8478,-0.026550287
8479,-0.026184076
8480,-0.02658082
8481,-0.025085447
8482,-0.03048706
8483,-0.029357921
8484,-0.032287594
8485,-0.035980225
8486,-0.04296876
8487,-0.04827881
8488,-0.066375725
8489,-0.06549074
8490,-0.07400513
8491,-0.0817566
8492,-0.08462524
8493,-0.08355712
8494,-0.07797243
8495,-0.07266237
8496,-0.06491089
8497,-0.06362914
8498,-0.06674195
8499,-0.053222656
8500,-0.043365486
8501,-0.03918457
8502,-0.023284912
8503,-0.016540531
8504,-0.007141106
8505,-0.0025940072
8506,0.0049438514
8507,0.007110592
8508,0.009551987
8509,0.012756361
8510,0.012298591
8511,0.012420641
8512,0.017364508
8513,0.015350343
8514,0.008819587
8515,0.008392329
8516,0.0113220215
8517,0.012695311
8518,0.012695309
8519,0.017730717
8520,0.014739989
8521,0.0071411193
8522,0.019897457
8523,0.013122553
8524,0.015899656
8525,0.016754158
8526,0.014099119
8527,0.021331787
8528,0.016632076
8529,0.016143799
8530,0.026367188
8531,0.021728527
8532,0.025176998
8533,0.031890877
8534,0.023742685
8535,0.029479977
8536,0.021026611
8537,0.012145996
8538,0.010894777
8539,0.010314947
8540,0.008026118
8541,0.007141115
8542,0.003967284
8543,-0.002838133
8544,-0.0050659226
8545,-0.003326416
8546,-0.008880617
8547,-0.01071166
8548,-0.007507324
8549,-0.009002697
8550,-0.012207034
8551,-0.00891113
8552,-0.005859371
8553,-0.0056152437
8554,-0.00018311013
8555,0.0018005408
8556,-0.0018615704
8557,0.0021362286
8558,0.0028076172
8559,0.00012207043
8560,-0.005798334
8561,-0.001251217
8562,-0.005035401
8563,-0.011627196
8564,-0.014617922
8565,-0.015075681
8566,-0.021850588
8567,-0.021820066
8568,-0.022918701
8569,-0.019042965
8570,-0.017608643
8571,-0.026306158
8572,-0.026306158
8573,-0.021728516
8574,-0.027587889
8575,-0.026397716
8576,-0.02133179
8577,-0.029968258
8578,-0.01989746
8579,-0.025390625
8580,-0.019714352
8581,-0.015045165
8582,-0.014038079
8583,-0.007720949
8584,0.007446291
8585,0.006011963
8586,0.015350344
8587,0.024597168
8588,0.024932863
8589,0.02658081
8590,0.028778074
8591,0.038879402
8592,0.036071777
8593,0.04318238
8594,0.04632568
8595,0.041015625
8596,0.043426517
8597,0.039184574
8598,0.03555297
8599,0.038574222
8600,0.035949707
8601,0.030059814
8602,0.02734375
8603,0.022521973
8604,0.021453857
8605,0.015899658
8606,0.018554686
8607,0.01367187
8608,0.017913818
8609,0.018035889
8610,0.009124751
8611,0.011688231
8612,0.01156616
8613,0.006652831
8614,0.007232664
8615,0.02041626
8616,0.009857178
8617,0.011108398
8618,0.017120361
8619,0.015014652
8620,0.01330566
8621,0.016937256
8622,0.01864624
8623,0.023559567
8624,0.017974852
8625,0.0206604
8626,0.014129636
8627,0.015441898
8628,0.0082092285
8629,0.008300781
8630,0.013305663
8631,0.007934569
8632,0.0028381348
8633,0.0069885273
8634,0.011657714
8635,0.0023498517
8636,0.009552004
8637,0.0076293983
8638,0.0037536602
8639,0.0032958966
8640,-0.006073002
8641,-0.00436401
8642,-0.0057678213
8643,-0.01385498
8644,-0.014984132
8645,-0.016662596
8646,-0.012664793
8647,-0.019195557
8648,-0.020507812
8649,-0.020141602
8650,-0.02331543
8651,-0.02944946
8652,-0.02563477
8653,-0.02999878
8654,-0.024078365
8655,-0.030426025
8656,-0.027832031
8657,-0.021606447
8658,-0.031280514
8659,-0.025634758
8660,-0.01577759
8661,-0.019958496
8662,-0.01477051
8663,-0.01907348
8664,-0.011016846
8665,-0.011932375
8666,-0.01727295
8667,-0.0128479
8668,-0.010955807
8669,-0.003662102
8670,-0.0039062537
8671,-0.0077209584
8672,-0.004333485
8673,-0.006958008
8674,-0.0051574633
8675,-0.0051574707
8676,-0.00082397833
8677,-0.010162355
8678,-0.016815184
8679,-0.011199953
8680,-0.024230955
8681,-0.023468018
8682,-0.019866943
8683,-0.022705074
8684,-0.023010254
8685,-0.023590088
8686,-0.02139282
8687,-0.017791748
8688,-0.018188477
8689,-0.014587403
8690,-0.023101807
8691,-0.013061527
8692,-0.014709469
8693,-0.019287106
8694,-0.019927986
8695,-0.012023926
8696,-0.014282231
8697,-0.013183592
8698,-0.015563964
8699,-0.006622311
8700,-0.0101623535
8701,-0.0063476567
8702,0.001434328
8703,-0.007293701
8704,-0.0007629413
8705,-0.0036621084
8706,-0.004577636
8707,0.0034484863
8708,-0.001525878
8709,-0.0004577618
8710,0.0038757313
8711,0.0059814453
8712,0.005035399
8713,0.0045471173
8714,0.006988529
8715,0.0043640197
8716,0.0020751918
8717,0.0019836407
8718,0.00085449126
8719,-0.002471922
8720,-0.0038146954
8721,0.0009460468
8722,-0.00390625
8723,-0.004058838
8724,0.004486084
8725,0.0069274902
8726,0.0073242188
8727,0.01171875
8728,0.011932373
8729,0.016235352
8730,0.0152282715
8731,0.0066223145
8732,0.010040283
8733,0.01245117
8734,0.022583004
8735,0.0204773
8736,0.028839106
8737,0.03466796
8738,0.031738292
8739,0.033447266
8740,0.035339363
8741,0.035125732
8742,0.040924065
8743,0.033935547
8744,0.03302002
8745,0.03149414
8746,0.023681642
8747,0.033081055
8748,0.023620605
8749,0.023345947
8750,0.028564453
8751,0.021057129
8752,0.025817871
8753,0.02319336
8754,0.018798828
8755,0.023803711
8756,0.022857668
8757,0.02572633
8758,0.027801512
8759,0.02963256
8760,0.024230968
8761,0.025726318
8762,0.022613533
8763,0.021942139
8764,0.024597162
8765,0.02017212
8766,0.021728517
8767,0.019134521
8768,0.017578125
8769,0.010253905
8770,0.0048217773
8771,0.0067749014
8772,0.0024719238
8773,-0.0009765634
8774,0.0028991702
8775,0.007385253
8776,3.0519324e-05
8777,-0.0021667469
8778,-0.009033203
8779,-0.012756351
8780,-0.012603755
8781,-0.016510004
8782,-0.015472418
8783,-0.025054932
8784,-0.027221683
8785,-0.033477783
8786,-0.033935543
8787,-0.031463623
8788,-0.030578615
8789,-0.02542114
8790,-0.026519775
8791,-0.02871704
8792,-0.0234375
8793,-0.026062012
8794,-0.020446777
8795,-0.021392822
8796,-0.015167236
8797,-0.019897461
8798,-0.021575928
8799,-0.018371586
8800,-0.021942137
8801,-0.02679444
8802,-0.021484377
8803,-0.020263668
8804,-0.020385746
8805,-0.02005005
8806,-0.022827148
8807,-0.02191162
8808,-0.021209713
8809,-0.025482178
8810,-0.02557373
8811,-0.021972656
8812,-0.029571535
8813,-0.027404785
8814,-0.029815674
8815,-0.029327393
8816,-0.0211792
8817,-0.024139404
8818,-0.023864746
8819,-0.024658205
8820,-0.02166748
8821,-0.020385744
8822,-0.021606445
8823,-0.01837159
8824,-0.015502928
8825,-0.006225586
8826,-0.008422853
8827,0.0015563965
8828,0.004852291
8829,0.011871338
8830,0.017700195
8831,0.019256592
8832,0.020568848
8833,0.018310547
8834,0.01965332
8835,0.013366698
8836,0.003753662
8837,0.011779785
8838,0.0055847187
8839,0.004821779
8840,-0.0017089844
8841,0.0056762686
8842,0.0032653809
8843,0.00039672758
8844,-0.00030517578
8845,-0.00216675
8846,-0.0030822735
8847,-0.0043334933
8848,-0.008453373
8849,-0.0061950665
8850,-0.0036926316
8851,-0.0049438477
8852,-0.00048828125
8853,-0.0010070782
8854,0.010192869
8855,0.002746584
8856,0.012084962
8857,0.017608643
8858,0.009979246
8859,0.01953125
8860,0.012969971
8861,0.012268065
8862,0.010131836
8863,0.005645752
8864,0.0028381366
8865,0.003234862
8866,0.0055847187
8867,-0.0026245145
8868,-0.0022583026
8869,-0.0015563942
8870,-0.008911133
8871,-0.0099487305
8872,-0.008697509
8873,-0.023620605
8874,-0.015563967
8875,-0.019317627
8876,-0.012359619
8877,-0.0056762686
8878,-0.009643555
8879,0.00012207124
8880,0.006530761
8881,0.0048217773
8882,0.006805419
8883,0.009368895
8884,0.013732908
8885,0.0065612793
8886,0.010650635
8887,0.0071105994
8888,0.013763428
8889,0.00592041
8890,0.00793457
8891,0.004852297
8892,0.0050354023
8893,0.010986328
8894,0.0040893555
8895,0.0040283166
8896,-0.00091552734
8897,0.011718752
8898,0.0010070801
8899,0.013244629
8900,0.010742189
8901,-0.007293701
8902,0.013183594
8903,0.0044555664
8904,0.0007934626
8905,0.019866945
8906,0.0201416
8907,0.022583002
8908,0.030914307
8909,0.026733398
8910,0.026733398
8911,0.035339355
8912,0.026763918
8913,0.025634766
8914,0.034332275
8915,0.032073975
8916,0.030151369
8917,0.04269409
8918,0.035003662
8919,0.036254883
8920,0.037719727
8921,0.023193363
8922,0.027801514
8923,0.024841307
8924,0.02069092
8925,0.016174313
8926,0.020416258
8927,0.016540527
8928,0.009277345
8929,0.013793943
8930,0.011566166
8931,0.009948729
8932,0.009338378
8933,0.012084959
8934,0.00054931734
8935,0.008239746
8936,0.012573242
8937,0.01043701
8938,0.013793947
8939,0.022705074
8940,0.021270752
8941,0.017150879
8942,0.027587894
8943,0.01705933
8944,0.021148684
8945,0.023773191
8946,0.021209719
8947,0.006011963
8948,0.011108397
8949,0.004272461
8950,-0.0054016113
8951,-0.005615229
8952,-0.011627195
8953,-0.014160156
8954,-0.016082762
8955,-0.022521975
8956,-0.024017334
8957,-0.025207516
8958,-0.018951416
8959,-0.025024414
8960,-0.028717041
8961,-0.028137209
8962,-0.0368042
8963,-0.03857422
8964,-0.039001465
8965,-0.030883789
8966,-0.030273436
8967,-0.03930664
8968,-0.036987305
8969,-0.032958984
8970,-0.045135498
8971,-0.040252686
8972,-0.032897953
8973,-0.038909912
8974,-0.03692627
8975,-0.032318115
8976,-0.032348633
8977,-0.02932739
8978,-0.020812992
8979,-0.022949217
8980,-0.023010254
8981,-0.015899656
8982,-0.023254395
8983,-0.018676758
8984,-0.028167725
8985,-0.024993895
8986,-0.026519775
8987,-0.028320312
8988,-0.025543213
8989,-0.0357666
8990,-0.016632078
8991,0.009674069
8992,0.008453377
8993,0.011535637
8994,0.00048828684
8995,-0.013092043
8996,-0.01754761
8997,-0.013763429
8998,-0.01550293
8999,-0.009063722
9000,-0.0055236826
9001,-0.019042969
9002,-0.053497307
9003,-0.0586853
9004,-0.063934326
9005,-0.07232665
9006,-0.06704711
9007,-0.07223511
9008,-0.07305908
9009,-0.07174681
9010,-0.05429076
9011,-0.041473404
9012,-0.02432252
9013,-0.017852778
9014,-0.007415775
9015,0.014190674
9016,0.033172593
9017,0.05688476
9018,0.07452391
9019,0.08032228
9020,0.09262085
9021,0.09619142
9022,0.09790039
9023,0.10513304
9024,0.114074714
9025,0.117706284
9026,0.1161194
9027,0.10598754
9028,0.099853516
9029,0.09051513
9030,0.07406616
9031,0.06262207
9032,0.04769897
9033,0.03475952
9034,0.0074157827
9035,-0.020996094
9036,-0.04168702
9037,-0.059997566
9038,-0.057250973
9039,-0.0643921
9040,-0.06436158
9041,-0.07464599
9042,-0.07870482
9043,-0.07647705
9044,-0.07894896
9045,-0.06845091
9046,-0.051055904
9047,-0.03771971
9048,-0.025726315
9049,-0.017547615
9050,-0.000427261
9051,0.014892578
9052,0.024932867
9053,0.032562252
9054,0.038940426
9055,0.05636597
9056,0.059631348
9057,0.08959961
9058,0.10253906
9059,0.09170532
9060,0.07574464
9061,0.06372072
9062,0.04681398
9063,0.04330443
9064,0.031341538
9065,0.032745354
9066,0.031372078
9067,0.013305662
9068,-0.016357418
9069,-0.03308106
9070,-0.042602554
9071,-0.046478253
9072,-0.05084227
9073,-0.058685303
9074,-0.0652771
9075,-0.067657456
9076,-0.06207274
9077,-0.04714967
9078,-0.017944347
9079,0.020050041
9080,0.04959107
9081,0.056823723
9082,0.050598145
9083,0.050353996
9084,0.05261229
9085,0.059600838
9086,0.06713867
9087,0.06988527
9088,0.08071899
9089,0.05639647
9090,0.035034187
9091,0.012542719
9092,-0.0017089788
9093,-0.012573235
9094,-0.026947
9095,-0.044036876
9096,-0.06652833
9097,-0.07791136
9098,-0.08297728
9099,-0.08639528
9100,-0.08151245
9101,-0.087493904
9102,-0.0850525
9103,-0.08056641
9104,-0.06649782
9105,-0.05599978
9106,-0.03201297
9107,-0.025268532
9108,-0.00811766
9109,0.0009765765
9110,0.008209237
9111,0.018157952
9112,0.03836061
9113,0.05001831
9114,0.048919696
9115,0.050628647
9116,0.0560913
9117,0.04815673
9118,0.045837395
9119,0.03686523
9120,0.020416256
9121,0.020538336
9122,-0.0078124884
9123,-0.02627563
9124,-0.0404358
9125,-0.05130005
9126,-0.049163826
9127,-0.058746338
9128,-0.063812256
9129,-0.06298828
9130,-0.06072998
9131,-0.07128907
9132,-0.07571409
9133,-0.060821526
9134,-0.050659172
9135,-0.031188961
9136,-0.012664794
9137,-0.010162354
9138,0.008789046
9139,0.021667482
9140,0.03192139
9141,0.044281
9142,0.04794311
9143,0.05215455
9144,0.03845215
9145,0.028076183
9146,0.01702881
9147,0.02566529
9148,0.021453854
9149,0.029846206
9150,0.032226577
9151,0.02078246
9152,0.009521473
9153,0.007354729
9154,-0.0013427678
9155,0.0043334924
9156,0.013122555
9157,0.011596673
9158,0.017944323
9159,0.025360115
9160,0.021392822
9161,0.02072144
9162,0.03125
9163,0.026336662
9164,0.031249996
9165,0.02511597
9166,0.012908935
9167,-0.0019531228
9168,-0.0076599102
9169,0.00054931827
9170,-0.018157959
9171,-0.012939449
9172,-0.008911128
9173,-0.026824957
9174,-0.02142334
9175,-0.027435303
9176,-0.03640748
9177,-0.024749756
9178,-0.0057067983
9179,-0.001525877
9180,0.0010070726
9181,0.010559076
9182,0.0077514616
9183,0.013946536
9184,0.026885986
9185,0.025573727
9186,0.036285397
9187,0.034667976
9188,0.029785156
9189,0.023193363
9190,0.020568851
9191,0.015197756
9192,0.019073492
9193,0.011077885
9194,-0.006256099
9195,-0.012756351
9196,-0.01940918
9197,-0.027771
9198,-0.035186775
9199,-0.03207397
9200,-0.036224376
9201,-0.03384399
9202,-0.030212406
9203,-0.026214603
9204,-0.025726315
9205,-0.018981932
9206,-0.0140075665
9207,-0.0060119648
9208,-0.010589598
9209,0.0005188007
9210,0.0046081487
9211,0.006225584
9212,0.009582523
9213,0.01419067
9214,0.02609253
9215,0.009033203
9216,0.00967407
9217,0.020233154
9218,0.014831547
9219,0.029052736
9220,0.033020012
9221,0.00680542
9222,0.006988516
9223,0.048034675
9224,0.052551277
9225,0.009613032
9226,0.064514175
9227,0.018341064
9228,0.016204836
9229,0.013580323
9230,0.015502931
9231,-0.010375976
9232,-0.01223755
9233,-0.015777593
9234,-0.0178833
9235,-0.019012455
9236,-0.021514893
9237,-0.0317688
9238,-0.025604257
9239,-0.043914787
9240,-0.041900642
9241,-0.030487057
9242,-0.03460693
9243,0.017028812
9244,-0.037902825
9245,-0.024658201
9246,-0.030822756
9247,0.00247192
9248,-0.02713013
9249,-0.008209227
9250,0.0038452158
9251,-0.0044555636
9252,0.032958984
9253,0.02017212
9254,0.0035705557
9255,0.012878419
9256,0.034515373
9257,0.035156257
9258,0.007537842
9259,0.065185554
9260,0.061279304
9261,0.048736565
9262,0.06652832
9263,0.02642823
9264,0.04711913
9265,0.035644535
9266,0.051635742
9267,0.021911623
9268,0.026916498
9269,0.035095222
9270,0.010955814
9271,0.033355705
9272,0.019714344
9273,0.010314938
9274,-0.020812988
9275,0.0014038049
9276,0.0016479492
9277,-0.002319336
9278,-0.022094728
9279,-0.025665289
9280,-0.028778076
9281,-0.02517701
9282,-0.015533449
9283,-0.022338865
9284,-0.03338622
9285,-0.020263676
9286,-0.021148682
9287,-0.04788208
9288,-0.015960699
9289,0.0075378455
9290,0.009033211
9291,-0.042358402
9292,-0.00039672293
9293,-0.027923582
9294,-0.038543694
9295,-0.029876709
9296,-0.037017822
9297,-0.055267334
9298,-0.027648928
9299,-0.0461731
9300,-0.050659176
9301,-0.054473884
9302,-0.03466797
9303,-0.059631348
9304,-0.06906129
9305,-0.06619262
9306,-0.08718872
9307,-0.037841797
9308,-0.053131092
9309,-0.037322998
9310,-0.06518554
9311,-0.010284416
9312,-0.015899654
9313,-0.053039547
9314,0.011108408
9315,-0.027709957
9316,-0.046936028
9317,-0.01333618
9318,0.016632069
9319,-0.018493649
9320,-0.025604246
9321,-0.025390621
9322,0.0010375939
9323,0.00036621466
9324,0.00820923
9325,0.012207042
9326,0.0058593797
9327,6.1035156e-05
9328,0.0038146786
9329,-0.007141102
9330,-0.012329105
9331,0.028411867
9332,0.0010681301
9333,0.0038757324
9334,0.011749266
9335,0.058898926
9336,0.013702396
9337,0.038574215
9338,0.05267333
9339,0.039306637
9340,0.07745361
9341,0.078948975
9342,0.058929443
9343,0.061187744
9344,0.07403564
9345,0.07043457
9346,0.046325684
9347,0.07455445
9348,0.07733155
9349,0.084136955
9350,0.07519531
9351,0.05807496
9352,0.08096313
9353,0.046844486
9354,0.06262207
9355,0.023651125
9356,0.02770996
9357,0.05270386
9358,0.01882935
9359,0.040893547
9360,0.048919667
9361,0.027008055
9362,0.0048523
9363,0.016204828
9364,0.0056762677
9365,0.0196228
9366,-0.0061035138
9367,-0.0012512226
9368,0.0044555664
9369,-0.0036621157
9370,0.003021241
9371,0.017547606
9372,0.024353035
9373,0.018615719
9374,0.017150883
9375,0.009124757
9376,0.0068969657
9377,-0.031158455
9378,-0.03890992
9379,-0.0465393
9380,-0.04281617
9381,-0.0269165
9382,-0.049621575
9383,-0.021575926
9384,-0.064209
9385,-0.04855346
9386,-0.041137695
9387,-0.03799438
9388,-0.03448486
9389,-0.03244019
9390,-0.023742676
9391,-0.033660896
9392,-0.027465818
9393,-0.02670288
9394,-0.00836181
9395,-0.033752445
9396,-0.049377445
9397,-0.042022705
9398,-0.014221208
9399,-0.055145275
9400,-0.053985603
9401,-0.05447387
9402,-0.027648931
9403,0.005645754
9404,-0.024688713
9405,0.013427733
9406,-0.024719253
9407,-0.000823969
9408,0.006683355
9409,-0.015991202
9410,-0.0073852483
9411,-0.00973511
9412,-0.024017332
9413,-0.02835084
9414,-0.02682494
9415,-0.029296871
9416,-0.024597166
9417,-0.039001465
9418,-0.03347779
9419,-0.025665283
9420,0.033386227
9421,0.030151367
9422,0.043243412
9423,0.057067864
9424,0.062713616
9425,0.062286373
9426,0.06414795
9427,0.03695678
9428,0.029785171
9429,0.031890877
9430,0.022949226
9431,0.019012444
9432,-0.00021362118
9433,0.012084963
9434,0.0137023935
9435,-0.0009460477
9436,-0.010742194
9437,-0.005920414
9438,-0.026245119
9439,-0.01773071
9440,-0.02694701
9441,-0.033782966
9442,-0.040954582
9443,-0.033874504
9444,-0.005554199
9445,0.027954094
9446,0.018188484
9447,-0.005615227
9448,-0.025268551
9449,-0.056640625
9450,-0.053497314
9451,-0.056243904
9452,-0.04025269
9453,-0.014892586
9454,-0.015197756
9455,-0.006134033
9456,0.012298585
9457,0.02673341
9458,0.025909422
9459,0.033996586
9460,0.04937744
9461,0.04455566
9462,0.045837395
9463,0.03579713
9464,0.008728016
9465,0.004180897
9466,-0.016906738
9467,-0.047576904
9468,-0.06851196
9469,-0.055419922
9470,-0.022003172
9471,-0.015747067
9472,0.005493162
9473,0.0026550228
9474,0.008056636
9475,3.0516647e-05
9476,-0.015502929
9477,-0.03341675
9478,-0.03225708
9479,-0.035583496
9480,-0.04501342
9481,-0.046844475
9482,-0.048736572
9483,-0.039825432
9484,-0.022705082
9485,-0.012176513
9486,-0.0034790179
9487,0.0073852446
9488,0.0014038121
9489,0.003540039
9490,-0.013732918
9491,0.017364495
9492,0.066497795
9493,0.063842766
9494,0.092102066
9495,0.086090095
9496,0.062896736
9497,0.04525756
9498,0.028381344
9499,0.010223387
9500,0.008453369
9501,-0.015533451
9502,-0.040252678
9503,-0.047973633
9504,-0.06497194
9505,-0.052917466
9506,-0.047821037
9507,-0.037109382
9508,-0.026489248
9509,-0.00564574
9510,0.032653816
9511,0.07980346
9512,0.08291626
9513,0.06326294
9514,0.045806877
9515,0.027435295
9516,0.019317634
9517,0.025878912
9518,0.02645875
9519,0.028167719
9520,0.03448486
9521,0.04156494
9522,0.04083252
9523,0.028259285
9524,0.022735596
9525,0.017395012
9526,0.016876213
9527,0.01089478
9528,0.004608158
9529,-0.005249022
9530,-0.00930785
9531,0.00036622022
9532,0.022827145
9533,0.052551262
9534,0.051818855
9535,0.023132332
9536,-0.0152282715
9537,-0.019134521
9538,-0.03594971
9539,-0.031616215
9540,-0.0063781803
9541,-0.00753784
9542,0.01376343
9543,0.013519287
9544,0.017639158
9545,0.034149177
9546,0.03793335
9547,0.0446167
9548,0.05722046
9549,0.051239006
9550,0.05902099
9551,0.047698982
9552,0.03997803
9553,0.02923584
9554,0.0016174288
9555,-0.01739502
9556,-0.035858154
9557,-0.035614014
9558,-0.03918457
9559,-0.03250122
9560,-0.028717045
9561,-0.040954597
9562,-0.04492188
9563,-0.031829834
9564,-0.03814697
9565,-0.04330445
9566,-0.027435305
9567,-0.022918703
9568,-0.009460455
9569,0.0025634747
9570,0.0010681208
9571,0.0127258245
9572,0.012023924
9573,0.01477051
9574,0.00897217
9575,0.0024108868
9576,-0.01782227
9577,-0.035186768
9578,-0.044952393
9579,-0.03881836
9580,-0.027679443
9581,-0.023651123
9582,-0.015228279
9583,-0.012756361
9584,-0.009002688
9585,0.0066223154
9586,0.0068969736
9587,0.014587406
9588,0.010253905
9589,0.014556879
9590,0.029083248
9591,0.0284729
9592,0.02844239
9593,0.02612304
9594,0.017730707
9595,0.012786869
9596,0.004821777
9597,-0.0052795443
9598,-0.023651127
9599,-0.048065186
9600,-0.04937744
9601,-0.04537964
9602,-0.029510494
9603,-0.012908935
9604,-0.015991218
9605,-0.00967408
9606,0.002044674
9607,-6.1034225e-05
9608,0.0023803716
9609,0.0073242215
9610,0.005432127
9611,0.010772701
9612,0.02218628
9613,0.025451664
9614,0.031372074
9615,0.025024414
9616,0.02783203
9617,0.01882935
9618,0.020538328
9619,0.009216305
9620,-0.0014038105
9621,-0.014739988
9622,-0.018402105
9623,-0.026214603
9624,-0.0050354004
9625,-0.0047912584
9626,-0.0066528325
9627,-0.009552003
9628,-0.016448975
9629,-0.02609253
9630,-0.024749752
9631,-0.035919197
9632,-0.03555298
9633,-0.02868653
9634,-0.029937746
9635,-0.022552494
9636,-0.02810669
9637,-0.01071167
9638,-0.015136716
9639,-0.020202637
9640,-0.0073547377
9641,-0.017486572
9642,-0.0051269536
9643,-0.008148194
9644,-0.009552002
9645,-0.0056762723
9646,-0.009429932
9647,-0.0101623535
9648,-0.009246826
9649,-0.008178715
9650,-0.01324463
9651,-0.011810303
9652,-0.009918211
9653,-0.01693726
9654,-0.020233154
9655,-0.016235353
9656,-0.018707274
9657,-0.015625
9658,-0.019195557
9659,-0.006286622
9660,-0.011199951
9661,-0.006713868
9662,-0.0047302246
9663,0.0025024405
9664,0.0034484863
9665,0.0015563974
9666,0.0041503916
9667,0.013153076
9668,0.011688231
9669,0.017669678
9670,0.019989014
9671,0.026123047
9672,0.027770994
9673,0.030181885
9674,0.023040771
9675,0.030670172
9676,0.025970459
9677,0.020629883
9678,0.024597168
9679,0.018615723
9680,0.026947023
9681,0.01361084
9682,0.009033202
9683,0.009674071
9684,-0.0037841797
9685,0.006591795
9686,-0.0022583012
9687,-0.005126955
9688,0.0050659175
9689,0.0010986343
9690,0.002746582
9691,0.0077819834
9692,0.00073242147
9693,0.0027465846
9694,0.009033202
9695,0.004211424
9696,0.005218503
9697,0.005767824
9698,0.013275146
9699,0.0047302265
9700,0.0076904306
9701,0.009796141
9702,0.015594483
9703,0.011169434
9704,0.010375978
9705,0.013977049
9706,0.0018005371
9707,0.0051574707
9708,-0.003967287
9709,-0.0034484882
9710,0.004364012
9711,-0.010253906
9712,-0.0048217736
9713,-0.0049438467
9714,-0.0076293945
9715,-0.01083374
9716,-0.007843017
9717,-0.012359621
9718,-0.004028323
9719,0.0007629411
9720,0.0009765634
9721,0.003814696
9722,-0.018096922
9723,-0.024871819
9724,-0.028930675
9725,-0.02026368
9726,-0.012054443
9727,-0.014312744
9728,-0.00057983585
9729,0.001892088
9730,-0.0039367657
9731,0.01235962
9732,0.0072936993
9733,0.01538086
9734,0.017883299
9735,0.01849365
9736,0.029876709
9737,0.026916504
9738,0.02029419
9739,0.024780273
9740,0.020324707
9741,0.024139404
9742,0.01171875
9743,0.014953611
9744,0.019958496
9745,0.02029419
9746,0.0204773
9747,0.024383549
9748,0.014007566
9749,0.013092041
9750,0.01925659
9751,0.0035400381
9752,0.01535034
9753,0.011260984
9754,0.009246826
9755,0.022094728
9756,0.01571655
9757,0.015014647
9758,0.02001953
9759,0.018798828
9760,0.007904054
9761,0.010894776
9762,0.006134033
9763,0.00042724377
9764,-0.00039672758
9765,-0.002532958
9766,0.0058593745
9767,0.0074157673
9768,0.0077819866
9769,-0.005584713
9770,-0.0004882831
9771,-0.0022888193
9772,-0.007507324
9773,-0.008728027
9774,-0.008789064
9775,-0.015716553
9776,-0.013641359
9777,-0.015716553
9778,-0.018585205
9779,-0.021575928
9780,-0.024841307
9781,-0.02255249
9782,-0.020141602
9783,-0.021820068
9784,-0.020050049
9785,-0.021240234
9786,-0.010345457
9787,-0.014068602
9788,-0.026153566
9789,-0.03674316
9790,-0.041412365
9791,-0.046386726
9792,-0.03768921
9793,-0.037628174
9794,-0.043273926
9795,-0.031097412
9796,-0.04144287
9797,-0.031555172
9798,-0.041748047
9799,-0.040374756
9800,-0.038146973
9801,-0.03375244
9802,-0.025054932
9803,-0.028259277
9804,-0.016998291
9805,-0.008758548
9806,-0.007232667
9807,-0.0028686523
9808,0.008575441
9809,0.007812498
9810,-0.009613037
9811,-0.01593017
9812,-0.018981945
9813,-0.006347663
9814,-0.0035705585
9815,-0.011230469
9816,-0.0024719243
9817,0.00015258684
9818,-6.1034225e-05
9819,0.0026855478
9820,-0.0024719224
9821,0.0040588407
9822,0.004058838
9823,0.005126951
9824,0.013671875
9825,0.011596679
9826,0.018707277
9827,0.02154541
9828,0.018127441
9829,0.0229187
9830,0.016815187
9831,0.01763916
9832,0.027343752
9833,0.03549194
9834,0.03833008
9835,0.042755134
9836,0.04315185
9837,0.037384037
9838,0.040222168
9839,0.03778076
9840,0.03927612
9841,0.028320312
9842,0.032806396
9843,0.02532959
9844,0.026397707
9845,0.013488769
9846,0.009246827
9847,0.010498047
9848,0.009490966
9849,0.003387455
9850,-0.001159668
9851,0.00314331
9852,0.0020751972
9853,-0.0016784645
9854,0.011718752
9855,0.01724243
9856,0.007415775
9857,0.010101322
9858,0.006347657
9859,0.011566162
9860,0.0061035175
9861,0.003692626
9862,0.0027160654
9863,-0.0011291523
9864,-0.00079345796
9865,-0.010009767
9866,-0.002166748
9867,-0.007659912
9868,-0.02145386
9869,-0.019378662
9870,-0.022125244
9871,-0.027801512
9872,-0.02990723
9873,-0.030029295
9874,-0.028961184
9875,-0.030883789
9876,-0.019592287
9877,-0.014160159
9878,-0.013549801
9879,-0.0041198693
9880,-0.017211914
9881,-0.002777101
9882,-0.006347656
9883,-0.008361818
9884,-0.0031433091
9885,-0.0012207045
9886,0.003143312
9887,0.006225588
9888,0.007873534
9889,0.016540525
9890,0.011108397
9891,0.0178833
9892,0.01464844
9893,0.009887693
9894,0.016357422
9895,0.011138914
9896,0.007476803
9897,0.014953616
9898,0.019134523
9899,0.026519774
9900,0.028961184
9901,0.033905037
9902,0.023101807
9903,0.022491455
9904,0.026733395
9905,0.019104004
9906,0.026977539
9907,0.015594482
9908,0.020233154
9909,0.016998291
9910,0.006072998
9911,0.004119874
9912,0.011840823
9913,0.0033569336
9914,0.0015258789
9915,-0.0022888165
9916,-0.001892088
9917,0.0025634766
9918,0.00036621187
9919,-0.0028381348
9920,0.0025329618
9921,-0.001098631
9922,0.0013122577
9923,-0.008453366
9924,-0.013000487
9925,-0.008117676
9926,-0.018341068
9927,-0.013336182
9928,-0.012115478
9929,-0.020935059
9930,-0.020507814
9931,-0.021636967
9932,-0.024383545
9933,-0.031799313
9934,-0.016723631
9935,-0.020660402
9936,-0.024871828
9937,-0.015228271
9938,-0.017486572
9939,-0.015747068
9940,-0.012817383
9941,-0.02072144
9942,-0.015899662
9943,-0.012359619
9944,-0.022186281
9945,-0.026611326
9946,-0.017333984
9947,-0.015106203
9948,-0.017822264
9949,-0.0037231427
9950,-0.009033203
9951,0.000640871
9952,0.005798341
9953,0.005676266
9954,0.017028805
9955,0.024475096
9956,0.0074157706
9957,0.009460449
9958,0.017852781
9959,0.01538086
9960,0.020629881
9961,0.0155944815
9962,0.011047361
9963,0.012481689
9964,0.0060729953
9965,0.0049133264
9966,0.00033568963
9967,-0.0007324219
9968,-0.0051574726
9969,-0.00289917
9970,0.002685545
9971,-0.009979249
9972,-0.005096439
9973,-0.003753664
9974,0.0011291495
9975,-0.0011291504
9976,0.0068054204
9977,0.010070797
9978,-0.0014953613
9979,0.0010375972
9980,0.0062561035
9981,0.00076293945
9982,0.0066223145
9983,0.0035095215
9984,0.0034484845
9985,0.011840824
9986,0.005584717
9987,-0.00064087193
9988,0.0075073238
9989,0.0023498535
9990,-0.0059814453
9991,-0.0032043476
9992,-0.014221193
9993,-0.022186281
9994,-0.022491453
9995,-0.0362854
9996,-0.031188969
9997,-0.043945312
9998,-0.0463562
9999,-0.047210693
10000,-0.036743164
10001,-0.03338623
10002,-0.04458618
10003,-0.031341556
10004,-0.024902344
10005,-0.021789553
10006,-0.004730221
10007,0.006042488
10008,0.01937867
10009,0.03021241
10010,0.04748535
10011,0.04711914
10012,0.057800304
10013,0.065582275
10014,0.050598137
10015,0.06314088
10016,0.057617195
10017,0.048004165
10018,0.042053223
10019,0.031677254
10020,0.017852781
10021,0.004608157
10022,-0.004974366
10023,-0.008636473
10024,-0.036468513
10025,-0.04150392
10026,-0.057830807
10027,-0.06716919
10028,-0.080657944
10029,-0.08456422
10030,-0.09252931
10031,-0.09463501
10032,-0.09539795
10033,-0.093566895
10034,-0.08068848
10035,-0.07830811
10036,-0.06259156
10037,-0.051574714
10038,-0.037414555
10039,-0.014770513
10040,-0.0057373
10041,0.01797485
10042,0.03277588
10043,0.042236328
10044,0.05654907
10045,0.06362915
10046,0.07821657
10047,0.086669914
10048,0.083068855
10049,0.08969117
10050,0.087982185
10051,0.08428955
10052,0.07260132
10053,0.064025864
10054,0.056243904
10055,0.047790524
10056,0.030944832
10057,0.015197754
10058,0.015380871
10059,-0.0115051195
10060,-0.017456062
10061,-0.023010261
10062,-0.037078857
10063,-0.038238525
10064,-0.03717041
10065,-0.040222168
10066,-0.040863033
10067,-0.038146973
10068,-0.031341545
10069,-0.023010246
10070,-0.013244629
10071,-0.0119018555
10072,0.010559078
10073,0.016784683
10074,0.030609138
10075,0.043090835
10076,0.052825928
10077,0.06384277
10078,0.065948494
10079,0.06085206
10080,0.064697266
10081,0.07226563
10082,0.05541993
10083,0.053741466
10084,0.049652103
10085,0.031616215
10086,0.017578132
10087,0.013305657
10088,-0.006957993
10089,-0.011657707
10090,-0.0195923
10091,-0.03472901
10092,-0.03466797
10093,-0.039337166
10094,-0.044616695
10095,-0.03573608
10096,-0.030731209
10097,-0.030364975
10098,-0.027130127
10099,-0.021881113
10100,-0.017120346
10101,-0.018341064
10102,-0.009216312
10103,-0.005737316
10104,-0.001434315
10105,0.0062561035
10106,0.0029907227
10107,0.0036010705
10108,0.0014038011
10109,-0.0021362267
10110,-0.009521492
10111,-0.013092045
10112,-0.009521488
10113,-0.028503448
10114,-0.03475951
10115,-0.020080555
10116,-0.04208371
10117,-0.036315925
10118,-0.03958131
10119,-0.045349136
10120,-0.039825432
10121,-0.04403688
10122,-0.035858147
10123,-0.029937766
10124,-0.027221685
10125,-0.0317688
10126,-0.017272964
10127,-0.012451173
10128,-0.015716558
10129,0.0010070838
10130,0.011413572
10131,0.013732908
10132,0.03579711
10133,0.03942871
10134,0.051239036
10135,0.059051514
10136,0.065002464
10137,0.06723023
10138,0.071868904
10139,0.06921388
10140,0.06668091
10141,0.06811522
10142,0.06906129
10143,0.063385
10144,0.07171631
10145,0.066741936
10146,0.06274415
10147,0.062194835
10148,0.05441283
10149,0.048614502
10150,0.039337162
10151,0.038360596
10152,0.026184091
10153,0.026397698
10154,0.024047866
10155,0.0153198335
10156,0.006439216
10157,0.011016857
10158,0.003784183
10159,-0.01577759
10160,-0.017456066
10161,-0.026733398
10162,-0.033111572
10163,-0.033599854
10164,-0.044616703
10165,-0.039794922
10166,-0.040191658
10167,-0.038421616
10168,-0.02630614
10169,-0.021270756
10170,-0.026123043
10171,-0.018432632
10172,-0.0182495
10173,-0.011474623
10174,-0.011596675
10175,-0.0118713435
10176,-0.0067748893
10177,-0.015167234
10178,-0.019714361
10179,-0.017242432
10180,-0.02423097
10181,-0.02960205
10182,-0.035095215
10183,-0.039520282
10184,-0.047180172
10185,-0.054229736
10186,-0.059448242
10187,-0.06448364
10188,-0.07174683
10189,-0.06723021
10190,-0.068420395
10191,-0.06646729
10192,-0.06521606
10193,-0.055450454
10194,-0.05126953
10195,-0.04257203
10196,-0.03024293
10197,-0.029693594
10198,-0.020202635
10199,-0.016387947
10200,-0.004425058
10201,-0.0011596661
10202,0.00964354
10203,0.022430433
10204,0.029632566
10205,0.032653786
10206,0.03448488
10207,0.038726803
10208,0.041412346
10209,0.033691414
10210,0.038696278
10211,0.029937752
10212,0.015960693
10213,0.022003178
10214,0.016479492
10215,0.0046997117
10216,0.009155266
10217,0.004791264
10218,-0.0019531278
10219,0.008819582
10220,-0.0033874512
10221,0.00653076
10222,0.009765618
10223,0.001983651
10224,0.009399412
10225,0.0066223056
10226,0.00411986
10227,-0.0014038086
10228,0.00039672758
10229,-0.0033264086
10230,-0.0026245108
10231,-0.0034179688
10232,0.004119875
10233,-0.003295906
10234,-0.005889898
10235,0.0048828116
10236,0.0014953585
10237,-0.0059204046
10238,9.154715e-05
10239,-0.0021667415
10240,-0.008666992
10241,-0.0018615732
10242,-0.009246831
10243,-0.008026118
10244,-0.011901857
10245,-0.009460447
10246,-0.016418455
10247,-0.011260992
10248,-0.014678961
10249,-0.016845701
10250,-0.012847902
10251,-0.016021729
10252,-0.021209713
10253,-0.009368901
10254,-0.017486572
10255,-0.013366707
10256,-0.0059509333
10257,-0.011932369
10258,-0.011291508
10259,-0.009002679
10260,-0.010437015
10261,-0.0083312895
10262,-0.0033264216
10263,-0.008850098
10264,-0.007781986
10265,-0.011993406
10266,-0.015777588
10267,-0.011138912
10268,-0.001770014
10269,-0.0081176665
10270,-0.00057984143
10271,0.005676262
10272,0.0013427772
10273,0.007202139
10274,0.0062866155
10275,0.007965092
10276,0.0065002367
10277,0.010437015
10278,0.0121459905
10279,0.0071716346
10280,0.010467527
10281,0.01580811
10282,0.018402096
10283,0.019714357
10284,0.028442383
10285,0.03152466
10286,0.03640747
10287,0.043426517
10288,0.04849243
10289,0.044067387
10290,0.05426026
10291,0.049407966
10292,0.047363274
10293,0.051269524
10294,0.04678345
10295,0.04299926
10296,0.044860832
10297,0.038696293
10298,0.037750244
10299,0.04052735
10300,0.032684326
10301,0.030395506
10302,0.028045656
10303,0.019866941
10304,0.025970459
10305,0.012756348
10306,0.006713869
10307,0.010803223
10308,-0.0019226111
10309,0.009704592
10310,0.007995607
10311,0.002685545
10312,0.0018005371
10313,-0.00015259162
10314,0.0010681171
10315,0.00064087566
10316,-0.0021972656
10317,0.002502446
10318,9.155646e-05
10319,-0.0007019052
10320,0.0028991755
10321,0.00637817
10322,0.008117678
10323,0.003692628
10324,0.0063171377
10325,0.0078125
10326,0.011199955
10327,0.0017395015
10328,0.0069885235
10329,-0.00036620977
10330,-0.0009765632
10331,-0.004821777
10332,-0.005371092
10333,-0.00070190476
10334,-0.012573245
10335,-0.009582522
10336,-0.008087157
10337,-0.013336177
10338,-0.017456055
10339,-0.008636474
10340,-0.018615723
10341,-0.016937256
10342,-0.018066403
10343,-0.029510502
10344,-0.024414062
10345,-0.036376953
10346,-0.032104496
10347,-0.028289793
10348,-0.033599854
10349,-0.024902344
10350,-0.021270752
10351,-0.019470215
10352,-0.010864255
10353,-0.016784668
10354,-0.013153074
10355,-0.0072631845
10356,-0.009307866
10357,-0.0123901395
10358,-0.012145994
10359,-0.013946528
10360,-0.010833744
10361,-0.011047358
10362,-0.008514404
10363,-0.011505127
10364,-0.007751463
10365,-0.016113283
10366,-0.010772705
10367,-0.010375977
10368,-0.01687622
10369,-0.00970459
10370,-0.022857664
10371,-0.016204836
10372,-0.020477293
10373,-0.019592287
10374,-0.020965576
10375,-0.01937866
10376,-0.02102661
10377,-0.022277832
10378,-0.017761232
10379,-0.01947022
10380,-0.021728516
10381,-0.017364495
10382,-0.017272951
10383,-0.0208435
10384,-0.018280024
10385,-0.019073492
10386,-0.01547241
10387,-0.010437015
10388,-0.009033203
10389,-0.0019836444
10390,-0.005065916
10391,-0.0028686523
10392,-0.00506592
10393,-0.0065307636
10394,-0.010894774
10395,-0.009155275
10396,-0.012786867
10397,-0.013336181
10398,-0.015014649
10399,-0.021881104
10400,-0.018737793
10401,-0.01870728
10402,-0.01779175
10403,-0.011566161
10404,-0.0128478985
10405,-0.012145994
10406,-0.014404299
10407,-0.012664795
10408,-0.010101319
10409,-0.0055847187
10410,-0.006072999
10411,-0.003967285
10412,0.0012207045
10413,-0.0040283184
10414,-0.0041503916
10415,0.0012512226
10416,0.001647952
10417,0.007537842
10418,0.013488771
10419,0.009613037
10420,0.02053833
10421,0.017944336
10422,0.014465332
10423,0.017547607
10424,0.015411377
10425,0.01489258
10426,0.017181395
10427,0.012329102
10428,0.012817379
10429,0.015686037
10430,0.014099119
10431,0.006134035
10432,0.011291503
10433,0.008544921
10434,0.011383056
10435,0.0047912607
10436,0.011505132
10437,0.016632078
10438,0.009277342
10439,0.01446533
10440,0.008026123
10441,0.010040281
10442,0.015472414
10443,0.02178955
10444,0.022369385
10445,0.021911621
10446,0.029968262
10447,0.024749758
10448,0.02661133
10449,0.032714844
10450,0.029693604
10451,0.03643799
10452,0.027282715
10453,0.025299072
10454,0.026489258
10455,0.026977539
10456,0.018798826
10457,0.024810791
10458,0.026245117
10459,0.023101807
10460,0.022033688
10461,0.015563963
10462,0.015563963
10463,0.012908937
10464,0.014495851
10465,0.0147094745
10466,0.015930176
10467,0.013671877
10468,0.021270752
10469,0.014434814
10470,0.008148195
10471,0.019714352
10472,0.008972168
10473,0.012176513
10474,0.0021667462
10475,0.011810299
10476,0.0010681152
10477,-0.0003967248
10478,-0.00091553107
10479,0.0036621094
10480,0.0100402795
10481,0.013519287
10482,0.014068605
10483,0.01739502
10484,0.03060913
10485,0.023895262
10486,0.024719238
10487,0.023590086
10488,0.0138549805
10489,0.018798828
10490,0.015319824
10491,0.0060729976
10492,0.011566164
10493,-3.0518975e-05
10494,0.0059509273
10495,-0.004638669
10496,-0.00018310733
10497,0.001373291
10498,-0.0043945312
10499,0.008483886
10500,-0.0043945285
10501,0.0041809063
10502,0.0049438477
10503,-0.005737301
10504,-0.0015869122
10505,-0.0040283203
10506,-0.0042419415
10507,-0.006622317
10508,-0.009826659
10509,-0.010894773
10510,-0.015869142
10511,-0.016571045
10512,-0.023956299
10513,-0.024597168
10514,-0.015441894
10515,-0.021850588
10516,-0.012817383
10517,-0.013610839
10518,-0.009368895
10519,-0.016479492
10520,-0.007629394
10521,-0.008026123
10522,-0.005126955
10523,-0.0027160633
10524,-0.0063781743
10525,-0.013763428
10526,-0.014526366
10527,-0.021118162
10528,-0.028533934
10529,-0.026641846
10530,-0.029052734
10531,-0.02868652
10532,-0.0262146
10533,-0.022003174
10534,-0.029815674
10535,-0.024139406
10536,-0.02252197
10537,-0.021026611
10538,-0.031463623
10539,-0.022094728
10540,-0.027374268
10541,-0.034149174
10542,-0.030303955
10543,-0.042083737
10544,-0.031097416
10545,-0.032409668
10546,-0.02798462
10547,-0.018951416
10548,-0.016906736
10549,-0.012512203
10550,-0.009521482
10551,-0.004730221
10552,-0.001739502
10553,-0.0005798321
10554,0.00039672665
10555,0.0029907236
10556,-0.0006713867
10557,0.0018920898
10558,-0.0015258789
10559,0.00048828125
10560,-0.0040283184
10561,-0.006164551
10562,-0.008361818
10563,-0.006164551
10564,-0.010467529
10565,-0.020446775
10566,-0.01461792
10567,-0.016357422
10568,-0.013275148
10569,-0.0035095196
10570,0.00030517578
10571,0.0008544903
10572,0.009521484
10573,0.006011963
10574,0.002990719
10575,0.0028991718
10576,0.0016174316
10577,0.0034484863
10578,0.0037231427
10579,0.004241945
10580,0.007110594
10581,0.006439209
10582,0.011413572
10583,0.009948731
10584,0.00793457
10585,0.016021729
10586,0.007720949
10587,0.0069274902
10588,0.012390136
10589,0.0023803692
10590,0.0038452167
10591,-0.008758544
10592,-0.008331299
10593,-0.013153075
10594,-0.014984132
10595,-0.01690674
10596,-0.020141603
10597,-0.017944336
10598,-0.017120361
10599,-0.022125242
10600,-0.012023928
10601,-0.011627195
10602,-0.007812502
10603,-0.01159668
10604,0.00018310454
10605,-0.0028381348
10606,-0.0039978027
10607,-0.002319336
10608,-0.008453369
10609,0.00015258789
10610,-0.0023498535
10611,-0.0028076153
10612,-0.007812502
10613,-0.0064086923
10614,-0.011871342
10615,-0.009887695
10616,-0.012847899
10617,-0.016082764
10618,-0.0113220215
10619,-0.013336176
10620,-0.016235363
10621,-0.013000488
10622,-0.014892573
10623,-0.011749275
10624,-0.017395023
10625,-0.012695305
10626,-0.008819571
10627,-0.015899654
10628,0.0015258715
10629,-0.010437001
10630,-0.0057983473
10631,0.006103508
10632,0.005279541
10633,0.01373291
10634,0.01361084
10635,0.021118164
10636,0.028228758
10637,0.025543213
10638,0.029815672
10639,0.034118652
10640,0.033721924
10641,0.03753662
10642,0.041931156
10643,0.04562378
10644,0.04681396
10645,0.04174805
10646,0.04174805
10647,0.05557251
10648,0.046295162
10649,0.054992676
10650,0.062011726
10651,0.062469475
10652,0.07015991
10653,0.0635376
10654,0.0730896
10655,0.058013916
10656,0.055541992
10657,0.052520752
10658,0.048706055
10659,0.04272461
10660,0.037994385
10661,0.041107178
10662,0.029571533
10663,0.03137207
10664,0.042602543
10665,0.040130615
10666,0.0404663
10667,0.038238525
10668,0.034515385
10669,0.031921387
10670,0.032470696
10671,0.033721924
10672,0.026885994
10673,0.033020012
10674,0.030273441
10675,0.020019537
10676,0.022277832
10677,0.011077882
10678,0.008209227
10679,0.0042419434
10680,-0.0063171387
10681,-0.00906372
10682,-0.020141602
10683,-0.023712158
10684,-0.031036375
10685,-0.018188471
10686,-0.0093994215
10687,0.0033874437
10688,0.0027160756
10689,-0.005126953
10690,-0.016387943
10691,-0.040924065
10692,-0.039398186
10693,-0.050537106
10694,-0.05957032
10695,-0.058349602
10696,-0.067321785
10697,-0.06762696
10698,-0.08972167
10699,-0.093414314
10700,-0.09948732
10701,-0.09994505
10702,-0.10363769
10703,-0.110565186
10704,-0.10821535
10705,-0.105102524
10706,-0.09048462
10707,-0.08398436
10708,-0.07159425
10709,-0.06643676
10710,-0.056915283
10711,-0.034057632
10712,-0.01602174
10713,0.0036926419
10714,0.017639175
10715,0.029937737
10716,0.036804184
10717,0.05233766
10718,0.053680412
10719,0.063446045
10720,0.07299805
10721,0.0727539
10722,0.073944084
10723,0.06445313
10724,0.058868393
10725,0.049926747
10726,0.03866578
10727,0.02655029
10728,0.01602173
10729,-0.010040281
10730,-0.030395508
10731,-0.051696766
10732,-0.063751236
10733,-0.072021484
10734,-0.07455444
10735,-0.074615486
10736,-0.08145144
10737,-0.07363892
10738,-0.07543946
10739,-0.062011734
10740,-0.076416016
10741,-0.06362915
10742,-0.045654293
10743,-0.037933346
10744,-0.053894024
10745,-0.08935548
10746,0.0649109
10747,-0.06680298
10748,0.17712402
10749,-0.023162857
10750,0.092681885
10751,0.099121094
10752,0.02252198
10753,0.1599426
10754,0.022918701
10755,0.15020752
10756,0.04608155
10757,0.06573486
10758,0.057098392
10759,0.024993904
10760,0.06307984
10761,0.002105713
10762,0.031036386
10763,-0.007324215
10764,-0.020660391
10765,-0.020355236
10766,-0.018859878
10767,0.004791267
10768,-0.08029173
10769,-0.004333498
10770,-0.12091066
10771,-0.015869124
10772,-0.062927246
10773,-0.030273445
10774,0.052398685
10775,0.015869133
10776,0.09423829
10777,0.038665786
10778,0.08087158
10779,0.067871094
10780,0.07852173
10781,0.07904052
10782,0.05679322
10783,0.07559204
10784,0.08093262
10785,0.08026123
10786,0.056579594
10787,0.04330443
10788,0.030548073
10789,0.04269412
10790,-0.052856445
10791,0.0032348465
10792,-0.13195802
10793,-0.029724104
10794,-0.081970215
10795,-0.09109497
10796,-0.047393803
10797,-0.10223387
10798,-0.02465821
10799,-0.07611083
10800,-0.018096939
10801,-0.03640747
10802,-0.017761244
10803,0.0037536398
10804,-0.013336188
10805,0.031890854
10806,0.0074768066
10807,0.02947998
10808,0.027496338
10809,0.04516601
10810,0.020629888
10811,-0.034179688
10812,0.123565674
10813,-0.036926284
10814,0.19241333
10815,-0.03179933
10816,0.08566284
10817,0.049743667
10818,-0.073150635
10819,0.03543091
10820,-0.11047363
10821,0.010711655
10822,-0.07620239
10823,-0.04492187
10824,-0.0645752
10825,-0.072357185
10826,-0.040191665
10827,-0.07919312
10828,-0.069152825
10829,-0.07974243
10830,-0.06976318
10831,-0.05169678
10832,-0.06619261
10833,-0.098114036
10834,0.043212898
10835,-0.07852172
10836,0.16418457
10837,-0.036651623
10838,0.08541869
10839,0.071105964
10840,-0.026916502
10841,0.08349609
10842,-0.06588745
10843,0.06018065
10844,-0.017333977
10845,0.026275638
10846,0.0293274
10847,-0.008941647
10848,0.041290283
10849,-0.014129631
10850,0.01498414
10851,0.0046386737
10852,0.006103511
10853,0.023559572
10854,0.045898438
10855,0.06994628
10856,-0.024261478
10857,0.06793214
10858,-0.05728149
10859,0.06939697
10860,0.005676273
10861,0.001495352
10862,0.0451355
10863,-0.03240966
10864,0.020172117
10865,-0.054046635
10866,-0.00097655586
10867,-0.026824957
10868,-0.0066528292
10869,-0.019805903
10870,-0.029266357
10871,-0.015411368
10872,-0.027954105
10873,-0.008392332
10874,-0.0076904353
10875,-0.0020751804
10876,0.02664185
10877,0.053985596
10878,-0.0126037635
10879,0.061340332
10880,-0.050262444
10881,0.06561279
10882,0.007293701
10883,0.007965075
10884,0.050292976
10885,-0.014801021
10886,0.055633545
10887,-0.02365112
10888,0.024536142
10889,-0.009857183
10890,-0.010284422
10891,0.00039673597
10892,-0.024902344
10893,-0.00924682
10894,-0.026062015
10895,-0.02035522
10896,-0.023712158
10897,-0.03060912
10898,-0.016845703
10899,0.016174315
10900,-0.03994751
10901,0.028076177
10902,-0.070617676
10903,0.0305481
10904,-0.025634766
10905,-0.017486576
10906,0.026519775
10907,-0.029052734
10908,0.047027588
10909,-0.016815186
10910,0.027191164
10911,0.018707274
10912,0.0114746075
10913,0.019989012
10914,0.003814701
10915,0.019226082
10916,0.012237553
10917,0.017242435
10918,0.0154418945
10919,0.0054321354
10920,0.012756349
10921,0.040740974
10922,-0.02575684
10923,0.046875
10924,-0.06628418
10925,0.030853275
10926,-0.031433098
10927,-0.025482176
10928,0.00869751
10929,-0.04016113
10930,0.030090328
10931,-0.029785153
10932,0.0038146954
10933,-0.008392339
10934,-0.0071716327
10935,-0.005645753
10936,-0.012664793
10937,9.15518e-05
10938,-0.0032958984
10939,0.0005493155
10940,-0.0032348642
10941,-0.0007018978
10942,-0.0022277818
10943,-0.015899654
10944,0.0014038105
10945,0.0011291499
10946,-0.0035705552
10947,-0.0105896015
10948,-0.017242432
10949,-0.0059509296
10950,-0.016845703
10951,-0.010467527
10952,0.00018310454
10953,0.001373292
10954,2.7939677e-09
10955,0.0011901855
10956,9.15546e-05
10957,0.010894777
10958,0.0075683575
10959,0.0051269513
10960,0.0073547326
10961,0.0005187988
10962,0.003326416
10963,0.001312254
10964,-0.002288822
10965,-0.0068359375
10966,0.0028076163
10967,-0.0035400372
10968,0.0007019043
10969,-0.008361816
10970,-0.018096924
10971,-0.009826662
10972,-0.017974855
10973,-0.029876709
10974,-0.029052734
10975,-0.02432251
10976,-0.035247803
10977,-0.030517578
10978,-0.03488159
10979,-0.02407837
10980,-0.032501224
10981,-0.028747559
10982,-0.02456665
10983,-0.023315428
10984,-0.014556882
10985,-0.018371582
10986,-0.018951416
10987,-0.0057373056
10988,-0.006805421
10989,-0.0022277832
10990,-0.0016174326
10991,0.0032653785
10992,0.006835943
10993,0.013305661
10994,0.014923095
10995,0.007995604
10996,0.001739501
10997,0.0006103497
10998,-0.0029296866
10999,-0.0020446777
11000,-0.0036621112
11001,-0.0052490253
11002,0.00015259167
11003,-0.008789063
11004,-0.0043945285
11005,-0.00057983294
11006,-0.002532959
11007,-0.00097656157
11008,0.00015258917
11009,0.0033874493
11010,0.010406496
11011,0.006591797
11012,0.008087157
11013,0.008911133
11014,0.01574707
11015,0.017181396
11016,0.016082764
11017,0.020355225
11018,0.01864624
11019,0.017761229
11020,0.021881104
11021,0.025360107
11022,0.023040771
11023,0.024810791
11024,0.031158447
11025,0.023529053
11026,0.029449463
11027,0.026550293
11028,0.02432251
11029,0.022491453
11030,0.016845701
11031,0.014892578
11032,0.017181396
11033,0.008544921
11034,0.016143799
11035,0.0067138686
11036,0.010345457
11037,0.0036315946
11038,0.0014343262
11039,0.0027771005
11040,0.005432128
11041,0.008026125
11042,0.006317137
11043,0.010070801
11044,0.0068969727
11045,0.0059204083
11046,-0.0030517587
11047,0.010467529
11048,0.0076293945
11049,0.0046691895
11050,0.00881958
11051,0.006835934
11052,0.001220705
11053,0.007171631
11054,0.009857174
11055,0.0043945294
11056,0.009796146
11057,0.004211424
11058,0.0035705548
11059,0.005584715
11060,0.010772703
11061,0.011047365
11062,0.012512209
11063,0.016479492
11064,0.011199952
11065,0.009887694
11066,0.011810303
11067,0.012329103
11068,0.0024719243
11069,0.015136719
11070,0.008483889
11071,0.012359619
11072,0.011749268
11073,0.006744385
11074,0.015686037
11075,0.015167237
11076,0.012908937
11077,0.020050045
11078,0.017852785
11079,0.019287108
11080,0.016021729
11081,0.019927975
11082,0.017303467
11083,0.017364502
11084,0.013488769
11085,0.011230467
11086,0.0099487305
11087,0.003753661
11088,0.0026245108
11089,0.00039672945
11090,-0.003143312
11091,-0.0044250474
11092,-0.008239747
11093,-0.001281738
11094,-0.00820923
11095,-0.0064086914
11096,-0.0045471205
11097,-0.01663208
11098,-0.010467529
11099,-0.014099121
11100,-0.007415774
11101,-0.009216307
11102,-0.00930786
11103,-0.016967773
11104,-0.015472412
11105,-0.017913816
11106,-0.014831542
11107,-0.013610836
11108,-0.014648441
11109,-0.009552003
11110,-0.01843262
11111,-0.014556887
11112,-0.0147094745
11113,-0.014221191
11114,-0.012725828
11115,-0.013366699
11116,-0.006866455
11117,-0.007751465
11118,-0.002746582
11119,-0.01071167
11120,-0.0015563983
11121,-0.0056762695
11122,-0.0035705585
11123,0.00036621094
11124,-0.008270266
11125,-0.013031008
11126,-0.010406494
11127,-0.017578123
11128,-0.01358032
11129,-0.02038574
11130,-0.019805908
11131,-0.011688232
11132,-0.023376467
11133,-0.013671875
11134,-0.018951414
11135,-0.023254398
11136,-0.023406979
11137,-0.030487059
11138,-0.02996826
11139,-0.034606934
11140,-0.033691403
11141,-0.03250122
11142,-0.03567505
11143,-0.033172607
11144,-0.032226555
11145,-0.025573732
11146,-0.029724125
11147,-0.021392824
11148,-0.017578125
11149,-0.02029419
11150,-0.013336183
11151,-0.012390137
11152,-0.010162352
11153,-0.0010681154
11154,-0.005065916
11155,0.0032958991
11156,0.009246828
11157,-0.0028076153
11158,0.0022888188
11159,0.002960205
11160,0.0018310547
11161,-0.0048828125
11162,-0.0035095196
11163,-0.0042114267
11164,-0.017089842
11165,-0.011352538
11166,-0.011932372
11167,-0.009490966
11168,-0.009246824
11169,-0.004241945
11170,-0.0031433087
11171,-0.000640871
11172,-0.0016174316
11173,0.0046386737
11174,0.0067138653
11175,0.00039672758
11176,0.007751464
11177,0.0004882822
11178,0.009490965
11179,0.013824464
11180,0.011291502
11181,0.026977539
11182,0.022766115
11183,0.022125244
11184,0.022064209
11185,0.021972656
11186,0.022003174
11187,0.02786255
11188,0.026123043
11189,0.023315432
11190,0.02947998
11191,0.029144287
11192,0.029632568
11193,0.033203125
11194,0.033233643
11195,0.025970459
11196,0.029022219
11197,0.02114868
11198,0.017181396
11199,0.015045166
11200,0.011169431
11201,0.0184021
11202,0.019927979
11203,0.011169437
11204,0.023803713
11205,0.01574707
11206,0.013885499
11207,0.01663208
11208,0.010284422
11209,0.016784668
11210,0.001739502
11211,0.011322023
11212,0.0074462863
11213,0.009796142
11214,0.0027160663
11215,0.001708983
11216,6.1032362e-05
11217,0.0002746568
11218,0.00024414365
11219,0.00088501023
11220,0.003356935
11221,0.0040588374
11222,0.0021972656
11223,-0.0014648433
11224,0.0029602041
11225,-0.0065612793
11226,-0.0029907208
11227,-0.006744383
11228,-0.009155272
11229,-0.0025329608
11230,-0.009185789
11231,-0.0077819824
11232,-0.0152282715
11233,-0.005554199
11234,-0.00463867
11235,-0.009948732
11236,-0.008697504
11237,-0.015899654
11238,-0.012023926
11239,-0.007019041
11240,-0.012481688
11241,-0.0065002423
11242,-0.002014162
11243,-0.0056152325
11244,-0.0033264179
11245,-0.012084958
11246,-0.0060729943
11247,-0.011169436
11248,-0.017456055
11249,-0.010620115
11250,-0.015014648
11251,-0.007080078
11252,-0.008178709
11253,-0.013732908
11254,-0.009246826
11255,-0.013214111
11256,-0.0037536584
11257,-0.01071167
11258,-0.005859377
11259,0.0023498554
11260,-0.0025634766
11261,-0.0027770977
11262,0.0010986291
11263,0.0026245099
11264,-0.00045776367
11265,-0.0010986328
11266,-0.001373291
11267,0.0010986365
11268,0.0015258808
11269,-0.0042419434
11270,-0.007843019
11271,-0.0037536602
11272,-0.007995607
11273,-0.009979244
11274,-0.010009764
11275,-0.013183593
11276,-0.008178708
11277,-0.014739988
11278,-0.014312745
11279,-0.017974854
11280,-0.010192871
11281,-0.009124756
11282,-0.0127563495
11283,-0.012512207
11284,-0.012573244
11285,-0.00796509
11286,-0.021301271
11287,-0.018493654
11288,-0.020812988
11289,-0.018035889
11290,-0.01940918
11291,-0.0143737765
11292,-0.008148192
11293,-0.00744629
11294,-0.004852297
11295,-0.007324216
11296,-0.007507326
11297,0.0013122596
11298,0.002593997
11299,0.0027160677
11300,0.0013427734
11301,-0.00033569057
11302,0.0032043476
11303,-0.0040283212
11304,0.0023803697
11305,0.004119873
11306,0.001434329
11307,-0.002838131
11308,-0.00015258975
11309,-0.0010375967
11310,-0.0014953632
11311,0.0023803655
11312,0.0019531269
11313,0.007934572
11314,0.0123291
11315,0.015075682
11316,0.021697998
11317,0.01852417
11318,0.024383545
11319,0.031066895
11320,0.030456541
11321,0.031463623
11322,0.035217285
11323,0.032958984
11324,0.030792238
11325,0.03027344
11326,0.028411865
11327,0.028686525
11328,0.032989502
11329,0.025390625
11330,0.03289795
11331,0.034606934
11332,0.027526854
11333,0.03677368
11334,0.035217285
11335,0.024230957
11336,0.029205322
11337,0.032348633
11338,0.027160643
11339,0.028320314
11340,0.026824953
11341,0.021301266
11342,0.015716553
11343,0.017913818
11344,0.013397219
11345,0.016174316
11346,0.0145874
11347,0.013397213
11348,0.010650637
11349,0.015350345
11350,0.009185791
11351,0.012725828
11352,0.013671875
11353,0.011108397
11354,0.01742554
11355,0.014892579
11356,0.017333983
11357,0.010864257
11358,0.006347655
11359,0.015075683
11360,0.01046753
11361,0.012512207
11362,0.0075073247
11363,0.004241941
11364,-0.00027465727
11365,0.002960207
11366,-0.0060119648
11367,0.0023803702
11368,-0.0010375995
11369,-0.008056641
11370,-0.0061645526
11371,-0.0080566425
11372,-0.011962892
11373,-0.021301266
11374,-0.015014648
11375,-0.017974854
11376,-0.02581787
11377,-0.026977539
11378,-0.025421144
11379,-0.028991695
11380,-0.026428223
11381,-0.029296879
11382,-0.028656006
11383,-0.030548096
11384,-0.028167728
11385,-0.020629883
11386,-0.025970457
11387,-0.022308348
11388,-0.025695803
11389,-0.018524168
11390,-0.022369385
11391,-0.018615723
11392,-0.01980591
11393,-0.023468021
11394,-0.015777586
11395,-0.028900145
11396,-0.016174316
11397,-0.012603762
11398,-0.027313232
11399,-0.021942142
11400,-0.023101807
11401,-0.020965578
11402,-0.020233154
11403,-0.028411865
11404,-0.021881105
11405,-0.0340271
11406,-0.026672361
11407,-0.020568848
11408,-0.028106693
11409,-0.023986818
11410,-0.024047852
11411,-0.03149414
11412,-0.023590084
11413,-0.024261475
11414,-0.029266357
11415,-0.03338623
11416,-0.024414062
11417,-0.02572632
11418,-0.030700682
11419,-0.025390625
11420,-0.018096924
11421,-0.01864624
11422,-0.01940918
11423,-0.0025024423
11424,-0.018737793
11425,-0.009368898
11426,-0.005065919
11427,-0.004913328
11428,-0.006805417
11429,-0.0028991704
11430,-0.00051879894
11431,-0.0076293945
11432,-0.002838132
11433,-0.01300049
11434,-0.0073547373
11435,-0.00982666
11436,-0.003234866
11437,-0.007904054
11438,-0.006866457
11439,-0.003021242
11440,-0.015930174
11441,-0.0067443866
11442,-0.0003356915
11443,-0.004333494
11444,-0.0034179688
11445,0.0069580083
11446,-0.002655028
11447,0.0035400381
11448,0.0065307645
11449,0.0140075665
11450,0.011016847
11451,0.009429933
11452,0.021331789
11453,0.01287842
11454,0.020874025
11455,0.023040771
11456,0.015686033
11457,0.023712158
11458,0.02114868
11459,0.020904541
11460,0.02041626
11461,0.016296389
11462,0.028625488
11463,0.027252197
11464,0.021911621
11465,0.02633667
11466,0.025848394
11467,0.018524166
11468,0.028411865
11469,0.026489258
11470,0.025756834
11471,0.019226074
11472,0.03186035
11473,0.021697998
11474,0.019897465
11475,0.02581787
11476,0.021606445
11477,0.026031494
11478,0.018981934
11479,0.025421143
11480,0.021545412
11481,0.021179201
11482,0.018615723
11483,0.020019533
11484,0.031219482
11485,0.019042969
11486,0.021850584
11487,0.028594973
11488,0.023773191
11489,0.028717041
11490,0.024383541
11491,0.02734375
11492,0.029052734
11493,0.022216797
11494,0.020996092
11495,0.018249512
11496,0.013946533
11497,0.0068969703
11498,0.0067749023
11499,0.005187988
11500,0.004943848
11501,-0.0031127897
11502,0.004394532
11503,-0.0020751972
11504,-0.007019045
11505,0.0037841797
11506,-0.009124756
11507,-0.007751465
11508,-0.010284424
11509,-0.007995606
11510,-0.00997925
11511,-0.0043945285
11512,-0.004119873
11513,-0.002838133
11514,-0.0007324219
11515,0.0010681152
11516,-0.007141115
11517,-0.0006713867
11518,0.0009460449
11519,-0.004638672
11520,-0.0010986328
11521,-0.0024108887
11522,0.0018920898
11523,-0.00015258603
11524,-0.0037536607
11525,0.007080079
11526,0.01095581
11527,0.022796635
11528,0.010223389
11529,0.01071167
11530,0.0054626465
11531,-0.010040283
11532,-0.020477295
11533,-0.026916502
11534,-0.022369385
11535,-0.031219482
11536,-0.033416748
11537,-0.028869629
11538,-0.025665283
11539,-0.030578613
11540,-0.028045658
11541,-0.025054932
11542,-0.03036499
11543,-0.026885988
11544,-0.023651123
11545,-0.018676762
11546,-0.022369383
11547,-0.018432615
11548,-0.017852783
11549,-0.025573736
11550,-0.01260376
11551,-0.01724243
11552,-0.0009155278
11553,0.0007629385
11554,-0.005767823
11555,-0.0049438463
11556,-0.008087162
11557,-0.009124756
11558,-0.0100708
11559,-0.0103149405
11560,-0.006713867
11561,-0.017089842
11562,-0.012359619
11563,-0.011199951
11564,-0.016967773
11565,-0.006011963
11566,-0.009613039
11567,-0.0018005371
11568,-0.00021362188
11569,-0.008758547
11570,-0.0059509273
11571,-0.009674075
11572,-0.0040588407
11573,-0.005706787
11574,0.0046081548
11575,0.016235353
11576,0.022857666
11577,0.028656008
11578,0.032470703
11579,0.029418945
11580,0.030151367
11581,0.02017212
11582,0.011810298
11583,0.01498413
11584,0.009674072
11585,0.0037841797
11586,0.009765627
11587,0.0046081543
11588,-0.003692627
11589,-0.010803221
11590,-0.014587391
11591,-0.005462639
11592,-0.0054931603
11593,-0.00015258789
11594,-0.0030517578
11595,0.0067749023
11596,-0.0027465802
11597,-0.015167238
11598,-0.013885494
11599,-0.02334595
11600,-0.008636471
11601,-0.011566161
11602,-0.0058898963
11603,-0.0002441425
11604,-0.0008239746
11605,0.0069274893
11606,0.0049743634
11607,0.009460447
11608,0.014038087
11609,0.011505125
11610,0.021606445
11611,0.023162838
11612,0.02175903
11613,0.03366089
11614,0.04611206
11615,0.054321304
11616,0.04992676
11617,0.050506596
11618,0.04092406
11619,0.034606937
11620,0.028869621
11621,0.013885504
11622,0.011535633
11623,-0.0003356915
11624,0.0075988676
11625,0.008148193
11626,6.1035156e-05
11627,-0.007843018
11628,-0.010559082
11629,-0.02001953
11630,-0.024749756
11631,-0.02722168
11632,-0.022460941
11633,-0.017639164
11634,-0.011383062
11635,-0.017059328
11636,-0.01724244
11637,-0.015502936
11638,-0.015899658
11639,-0.020996094
11640,-0.014038083
11641,-0.009674074
11642,0.00030517764
11643,0.002319336
11644,-0.0071716243
11645,-0.0037841783
11646,-0.01547241
11647,-0.015167235
11648,-0.021697998
11649,-0.022857666
11650,-0.020843506
11651,-0.022003172
11652,-0.026031492
11653,-0.031982422
11654,-0.027282719
11655,-0.035064697
11656,-0.031860344
11657,-0.03253173
11658,-0.043884274
11659,-0.041137706
11660,-0.044708256
11661,-0.04269409
11662,-0.034545895
11663,-0.033325195
11664,-0.032958977
11665,-0.024932865
11666,-0.024536125
11667,-0.01574707
11668,-0.021820068
11669,-0.024810795
11670,-0.014465331
11671,-0.009948734
11672,-0.007598876
11673,0.010467527
11674,0.002441409
11675,0.0041809063
11676,0.014526367
11677,0.005432127
11678,0.011474619
11679,0.01229859
11680,0.011932384
11681,0.0049743634
11682,0.007141118
11683,0.015075688
11684,0.016326899
11685,0.021179203
11686,0.009338377
11687,0.0053405743
11688,0.0073547238
11689,0.002807614
11690,0.006561272
11691,0.004852295
11692,0.00854492
11693,0.0053405743
11694,0.010437013
11695,0.021026611
11696,0.015167234
11697,0.023284908
11698,0.028961182
11699,0.02886963
11700,0.025878904
11701,0.025390621
11702,0.02999878
11703,0.020141607
11704,0.03079224
11705,0.030487064
11706,0.025634753
11707,0.039611824
11708,0.037170403
11709,0.031646732
11710,0.041687004
11711,0.033081055
11712,0.03567504
11713,0.037139893
11714,0.03479004
11715,0.035247803
11716,0.034210205
11717,0.030761719
11718,0.03451538
11719,0.029937744
11720,0.024261475
11721,0.01754761
11722,0.013946528
11723,0.0061645475
11724,-0.0012207087
11725,-0.0024414076
11726,-0.014221197
11727,-0.014923096
11728,-0.021820063
11729,-0.025817871
11730,-0.01928711
11731,-0.018280027
11732,-0.011596674
11733,-0.004638669
11734,-0.014526363
11735,-0.0040283194
11736,0.0029907245
11737,0.0029907208
11738,0.005126955
11739,0.0033874502
11740,0.008453368
11741,0.007446289
11742,0.009246827
11743,-0.0014648465
11744,0.0048522893
11745,0.0060729934
11746,-0.006561286
11747,0.00015258603
11748,-0.00897217
11749,-0.009735105
11750,-0.010803218
11751,-0.016326908
11752,-0.01708984
11753,-0.008880617
11754,-0.017089844
11755,-0.013763429
11756,-0.01809692
11757,-0.017303467
11758,-0.014343264
11759,-0.021179207
11760,-0.021698002
11761,-0.031890858
11762,-0.030456537
11763,-0.028167732
11764,-0.035339363
11765,-0.02932739
11766,-0.021331785
11767,-0.023345947
11768,-0.018951429
11769,-0.012115477
11770,-0.0030517578
11771,-0.00012207031
11772,0.014129642
11773,0.017608639
11774,0.037994385
11775,0.0520935
11776,0.053649906
11777,0.059906
11778,0.06390381
11779,0.06640624
11780,0.059631348
11781,0.06585695
11782,0.059295647
11783,0.04876709
11784,0.05273436
11785,0.035461426
11786,0.024169926
11787,0.01663208
11788,0.0069885235
11789,-0.0027771015
11790,-0.022277825
11791,-0.029296873
11792,-0.04440307
11793,-0.057647698
11794,-0.06378173
11795,-0.07922363
11796,-0.07638549
11797,-0.08831787
11798,-0.086944565
11799,-0.086303696
11800,-0.08615111
11801,-0.07833863
11802,-0.06869506
11803,-0.054687507
11804,-0.044158936
11805,-0.027923591
11806,-0.010162353
11807,-0.002197261
11808,0.009002689
11809,0.03158569
11810,0.035430916
11811,0.05316162
11812,0.058227547
11813,0.0663147
11814,0.06707762
11815,0.06829834
11816,0.06494141
11817,0.057586685
11818,0.053436264
11819,0.045501724
11820,0.042388916
11821,0.027709965
11822,0.022186272
11823,0.006988533
11824,6.102398e-05
11825,-0.009979263
11826,-0.026062023
11827,-0.027648922
11828,-0.04351805
11829,-0.048767097
11830,-0.054687507
11831,-0.053222656
11832,-0.06323242
11833,-0.06256103
11834,-0.04959108
11835,-0.057769775
11836,-0.03616333
11837,-0.024932869
11838,-0.022949219
11839,-0.003662113
11840,0.0034484882
11841,0.022491448
11842,0.027374262
11843,0.035339344
11844,0.048767082
11845,0.039825432
11846,0.045349106
11847,0.040618896
11848,0.035736084
11849,0.032318126
11850,0.025817875
11851,0.01852417
11852,0.009246826
11853,-0.007415779
11854,-0.009826668
11855,-0.031860344
11856,-0.037597667
11857,-0.04382324
11858,-0.05688475
11859,-0.05761718
11860,-0.064086914
11861,-0.058380127
11862,-0.061859116
11863,-0.06115724
11864,-0.06344604
11865,-0.05432129
11866,-0.055877674
11867,-0.044464134
11868,-0.041442864
11869,-0.045837387
11870,-0.025939934
11871,-0.035156257
11872,-0.029479995
11873,-0.01821899
11874,-0.02603148
11875,-0.023803711
11876,-0.015289288
11877,-0.018981926
11878,-0.022888172
11879,-0.016815178
11880,-0.02435302
11881,-0.027069073
11882,-0.02746581
11883,-0.032165524
11884,-0.032470703
11885,-0.03811645
11886,-0.037750233
11887,-0.032226548
11888,-0.030456536
11889,-0.014251703
11890,-0.015014639
11891,-0.008087162
11892,0.013977043
11893,0.014556885
11894,0.02297974
11895,0.03540039
11896,0.03552246
11897,0.0541687
11898,0.05712892
11899,0.065734856
11900,0.073211685
11901,0.07730103
11902,0.0937805
11903,0.09197998
11904,0.10058594
11905,0.10556032
11906,0.10412596
11907,0.105987564
11908,0.10858155
11909,0.10671997
11910,0.110748276
11911,0.10165407
11912,0.10336302
11913,0.09823608
11914,0.09677124
11915,0.09771727
11916,0.08242798
11917,0.08499146
11918,0.08572388
11919,0.08502197
11920,0.07620238
11921,0.07400513
11922,0.06759643
11923,0.06115721
11924,0.06591797
11925,0.03814696
11926,0.051483158
11927,0.04852294
11928,0.020874023
11929,0.041015632
11930,0.019317612
11931,0.0032653809
11932,0.0032653883
11933,-0.007415777
11934,-0.029815692
11935,-0.018218992
11936,-0.02508543
11937,0.006347619
11938,0.0043334886
11939,-0.00775145
11940,0.0049743913
11941,-0.02416993
11942,-0.03866578
11943,0.0036621261
11944,-0.011993431
11945,-0.034545913
11946,-0.021362297
11947,-0.047424316
11948,-0.0380249
11949,-0.058136
11950,-0.060729984
11951,-0.08984375
11952,-0.07763673
11953,-0.06567383
11954,-0.10372924
11955,-0.0878296
11956,-0.09970093
11957,-0.09143066
11958,-0.09124755
11959,-0.12478638
11960,-0.10092163
11961,-0.1071167
11962,-0.095611565
11963,-0.0567627
11964,-0.06884765
11965,-0.0626831
11966,-0.034973174
11967,-0.03207399
11968,-0.040100098
11969,0.009460442
11970,-0.033355713
11971,-0.011901859
11972,0.013549808
11973,-0.0072326735
11974,-0.0036621243
11975,0.011016842
11976,0.008819573
11977,0.00933838
11978,0.02304078
11979,0.015899662
11980,0.0069274893
11981,0.0030212505
11982,0.0021972666
11983,0.0023498463
11984,-0.0039672926
11985,0.0016784659
11986,0.010314941
11987,-0.009094241
11988,-0.013122548
11989,-0.0026245136
11990,-0.003112793
11991,-0.016204834
11992,0.004516597
11993,0.0039672777
11994,0.0035705697
11995,0.041381836
11996,-0.003540054
11997,-0.00997925
11998,0.014984127
11999,0.0050659226
12000,-0.008514396
12001,0.009399411
12002,0.011566158
12003,0.052459717
12004,0.029541016
12005,0.019012444
12006,0.011901859
12007,-0.022125242
12008,-0.028961176
12009,-0.003265392
12010,-0.02947996
12011,-0.037414525
12012,-0.0027465858
12013,-0.05117798
12014,-0.017211922
12015,-0.028228767
12016,-0.054382335
12017,-0.0117797665
12018,-0.0043945424
12019,-0.019653317
12020,-0.022064209
12021,-0.024108872
12022,-0.052978504
12023,-0.027130123
12024,-0.027984628
12025,0.003753662
12026,0.010681152
12027,-0.012023931
12028,0.026947021
12029,0.011260988
12030,-0.014556883
12031,0.024536133
12032,0.035064694
12033,-0.0074767806
12034,-0.0013427846
12035,0.0023803748
12036,-0.0065002553
12037,0.011260986
12038,0.0007324144
12039,-0.029968258
12040,0.013732925
12041,0.022399895
12042,0.011535639
12043,0.017028809
12044,0.012237554
12045,0.0115356445
12046,0.010528561
12047,0.0003357036
12048,0.012908938
12049,0.015716549
12050,0.041137688
12051,0.07333374
12052,0.06460571
12053,0.05178833
12054,0.082244866
12055,0.0810852
12056,0.059692383
12057,0.100067124
12058,0.06539917
12059,0.071197525
12060,0.09902953
12061,0.06765746
12062,0.04840089
12063,0.06369018
12064,0.050994873
12065,0.058990482
12066,0.06594849
12067,0.057922363
12068,0.046081543
12069,0.028228767
12070,0.019866943
12071,0.019683838
12072,0.0038146935
12073,-0.006866457
12074,-0.0081481915
12075,-0.021698007
12076,-0.041412342
12077,-0.023681644
12078,-0.027526852
12079,-0.021606449
12080,-0.047424324
12081,-0.0748291
12082,-0.035644528
12083,-0.026428223
12084,-0.050628662
12085,-0.03466796
12086,-0.03390503
12087,-0.04785156
12088,-0.022735596
12089,-0.016723627
12090,-0.017639166
12091,-0.02600097
12092,-0.025726316
12093,-0.029113771
12094,-0.04312134
12095,-0.040863037
12096,-0.040863037
12097,-0.059112564
12098,-0.05963134
12099,-0.055206284
12100,-0.05453492
12101,-0.035644524
12102,-0.07354738
12103,-0.07241823
12104,-0.06399535
12105,-0.062194824
12106,-0.059448242
12107,-0.062316887
12108,-0.048034664
12109,-0.059539795
12110,-0.030426025
12111,-0.049255364
12112,-0.048126224
12113,-0.048248284
12114,-0.050628662
12115,-0.032043457
12116,-0.033813477
12117,-0.0122070275
12118,0.01409912
12119,-0.021057125
12120,0.014739993
12121,0.00024414575
12122,-0.008148199
12123,-0.0006103404
12124,-0.0022583045
12125,0.013732903
12126,0.0039978223
12127,0.0032958938
12128,0.012329105
12129,-0.012298586
12130,0.010986328
12131,0.02462769
12132,0.02026367
12133,0.004425047
12134,0.005920414
12135,0.019439695
12136,0.0024414062
12137,0.024383545
12138,0.017120361
12139,0.015838627
12140,0.028930666
12141,0.008361826
12142,0.013183597
12143,0.021026604
12144,0.009948736
12145,-0.0050659208
12146,0.033050545
12147,0.016754158
12148,0.008911131
12149,0.018188473
12150,0.047088627
12151,0.041137695
12152,0.035461426
12153,0.053253174
12154,0.04647827
12155,0.033416748
12156,0.03985596
12157,0.033325195
12158,0.03765869
12159,0.032348633
12160,0.03186035
12161,0.036468506
12162,0.010925296
12163,0.024108894
12164,0.014953612
12165,0.025970452
12166,0.022827152
12167,0.01672363
12168,0.034027107
12169,0.032653816
12170,0.017852776
12171,0.0100402795
12172,0.023468025
12173,0.013732912
12174,0.008941645
12175,0.008605951
12176,0.004852295
12177,-0.0071105957
12178,0.0020141602
12179,-0.0024719238
12180,0.00592041
12181,0.0042419415
12182,-0.00039672665
12183,-0.013153078
12184,0.0021667462
12185,0.013000492
12186,-0.0025634766
12187,0.017364496
12188,0.02249146
12189,0.031127926
12190,0.032440193
12191,0.039733894
12192,0.025848381
12193,0.021057125
12194,0.013793951
12195,0.0070800735
12196,0.010833739
12197,0.0109863235
12198,0.016082764
12199,0.009582516
12200,0.013763428
12201,0.0073547345
12202,0.00543213
12203,0.008239746
12204,-0.0031127892
12205,-0.015747074
12206,0.005371093
12207,0.0014953627
12208,-0.0026855473
12209,0.0072021442
12210,0.007965092
12211,0.005096431
12212,0.00396729
12213,0.007995611
12214,0.0030822707
12215,0.015045168
12216,0.007354737
12217,0.0049743634
12218,0.0080566425
12219,0.0060424786
12220,0.008148192
12221,0.012420652
12222,0.0034484882
12223,0.0056762667
12224,0.0057678223
12225,0.003967286
12226,0.0044555664
12227,0.00579834
12228,-0.005584716
12229,-0.017974854
12230,-0.00869751
12231,-0.0032958984
12232,-0.0082092285
12233,-0.024963379
12234,-0.011016842
12235,-0.016845701
12236,-0.0020141602
12237,-0.005859373
12238,-0.020965576
12239,-0.0021972656
12240,-0.007141114
12241,-0.010131835
12242,-0.004852297
12243,0.00027465634
12244,-0.015319822
12245,-0.019470215
12246,-0.01980591
12247,-0.019104004
12248,-0.021362305
12249,-0.0077819834
12250,-0.017272951
12251,-0.026000977
12252,-0.012512205
12253,-0.010040282
12254,-0.017333984
12255,-0.023345947
12256,-0.020355226
12257,-0.019409182
12258,-0.020355223
12259,-0.037902832
12260,-0.044921875
12261,-0.028015139
12262,-0.033203125
12263,-0.029815674
12264,-0.0234375
12265,-0.025573727
12266,-0.02130127
12267,-0.024017334
12268,-0.03213501
12269,-0.02227783
12270,-0.0284729
12271,-0.018341064
12272,-0.009155275
12273,-0.0010070819
12274,3.051944e-05
12275,-0.0007629413
12276,-0.004577635
12277,0.003326417
12278,0.0041809063
12279,0.0017700195
12280,-0.01196289
12281,-0.017456055
12282,-0.008697513
12283,0.0029602041
12284,-0.0063781748
12285,-0.007385254
12286,-0.006683351
12287,-0.008605956
12288,-0.00057983305
12289,-0.008483887
12290,-0.005554198
12291,-0.0138549805
12292,-0.013092039
12293,-0.016967773
12294,-0.005950928
12295,-0.00045776414
12296,-0.00567627
12297,-0.008636475
12298,-0.007904052
12299,0.0007934554
12300,0.004486085
12301,0.0043029785
12302,0.007720948
12303,0.014648438
12304,0.018737793
12305,0.018890383
12306,0.013153076
12307,0.011138915
12308,0.008880617
12309,0.007324218
12310,0.010253908
12311,-0.0023193352
12312,0.005859376
12313,0.0046081543
12314,0.007904052
12315,0.0023193345
12316,0.00033569196
12317,0.010498047
12318,-0.0019226077
12319,-0.00616455
12320,-0.004333497
12321,-0.0055236826
12322,-0.0049743652
12323,-0.010528567
12324,0.0004882822
12325,0.009368898
12326,0.014953613
12327,-0.0042724614
12328,0.0079956055
12329,0.004058838
12330,0.0007019057
12331,0.012786865
12332,0.0059509277
12333,0.01135254
12334,0.011932373
12335,0.021453861
12336,0.013244629
12337,0.021453856
12338,0.012420656
12339,0.013183594
12340,0.0093688965
12341,-0.006713867
12342,-0.0013122559
12343,-0.0063476562
12344,-0.008300779
12345,-0.012878422
12346,-0.016510002
12347,-0.007324226
12348,-0.006225582
12349,-0.016357424
12350,-0.0058288574
12351,-0.006591797
12352,-0.00506592
12353,0.003479002
12354,0.006011963
12355,0.010070803
12356,0.019134523
12357,0.025024416
12358,0.024017334
12359,0.02911377
12360,0.035919193
12361,0.025421143
12362,0.037628174
12363,0.029663086
12364,0.036956787
12365,0.03717041
12366,0.033691403
12367,0.040100105
12368,0.032562256
12369,0.0333252
12370,0.026306152
12371,0.029083254
12372,0.020050047
12373,0.020416258
12374,0.014373778
12375,0.010284424
12376,0.0017700205
12377,-0.0049743657
12378,-0.0016784649
12379,-0.0105896015
12380,-0.0042419424
12381,-0.018798824
12382,-0.005126952
12383,-0.01196289
12384,-0.0132751465
12385,-0.00177002
12386,-0.005096436
12387,0.005004883
12388,0.0010070782
12389,0.008544923
12390,0.006683347
12391,0.003997807
12392,0.0051574702
12393,0.0025634775
12394,0.004272462
12395,-0.0015563963
12396,0.0018310568
12397,-0.0050354004
12398,-0.0055236826
12399,-0.0017395047
12400,-0.0028381357
12401,-0.00070190616
12402,-0.0012817373
12403,0.0060424805
12404,-0.005187992
12405,0.006134033
12406,0.0002746582
12407,-0.008026123
12408,-0.005584717
12409,-0.007598877
12410,-0.013946528
12411,-0.015167238
12412,-0.013885496
12413,-0.028747566
12414,-0.019042965
12415,-0.024017334
12416,-0.026885986
12417,-0.022216797
12418,-0.02331543
12419,-0.022918703
12420,-0.02911377
12421,-0.013183592
12422,-0.021972656
12423,-0.021331785
12424,-0.016326904
12425,-0.017669678
12426,-0.019226074
12427,-0.0274353
12428,-0.028503414
12429,-0.028015137
12430,-0.02862549
12431,-0.02606201
12432,-0.026824944
12433,-0.023132328
12434,-0.0241394
12435,-0.024627693
12436,-0.026763912
12437,-0.021636961
12438,-0.014434816
12439,-0.012420656
12440,-0.014190672
12441,-0.014068605
12442,-0.012756346
12443,-0.018218994
12444,-0.010131835
12445,-0.015319824
12446,-0.008209228
12447,-0.008117676
12448,-0.006500244
12449,-0.0030822735
12450,-0.0016784649
12451,0.004516602
12452,0.006164549
12453,0.003082274
12454,0.0046081524
12455,0.009490968
12456,0.007507324
12457,0.02685547
12458,0.030364994
12459,0.038665768
12460,0.04714965
12461,0.024871826
12462,0.011474609
12463,0.0030212416
12464,0.012207034
12465,0.008209227
12466,0.004547119
12467,-0.0014953632
12468,-0.013732906
12469,-0.013153078
12470,-0.03164673
12471,-0.033111557
12472,-0.04260255
12473,-0.03668212
12474,-0.048950184
12475,-0.050323475
12476,-0.044708252
12477,-0.049591072
12478,-0.03326416
12479,-0.02670288
12480,-0.020538338
12481,-0.018737793
12482,-0.001464841
12483,0.016571045
12484,0.03991698
12485,0.0487976
12486,0.061431896
12487,0.07473755
12488,0.07287599
12489,0.09472658
12490,0.09262085
12491,0.10379028
12492,0.113128655
12493,0.11172485
12494,0.11474609
12495,0.10314941
12496,0.08758545
12497,0.08331298
12498,0.070617676
12499,0.05187989
12500,0.03756713
12501,0.0033874586
12502,-0.015136715
12503,-0.03817749
12504,-0.055541992
12505,-0.055511486
12506,-0.05987548
12507,-0.06375122
12508,-0.07208253
12509,-0.07800294
12510,-0.07577514
12511,-0.07525636
12512,-0.07318116
12513,-0.06649779
12514,-0.04913331
12515,-0.038970955
12516,-0.020111075
12517,-0.0059814407
12518,0.0123596145
12519,0.02230835
12520,0.04116821
12521,0.05688477
12522,0.054992676
12523,0.07495119
12524,0.08880615
12525,0.09933471
12526,0.09942627
12527,0.07736207
12528,0.061553966
12529,0.05401613
12530,0.05581666
12531,0.038085938
12532,0.040039048
12533,0.014221184
12534,0.00027465448
12535,-0.012878422
12536,-0.04452514
12537,-0.0515747
12538,-0.07266236
12539,-0.07931517
12540,-0.08755492
12541,-0.10137938
12542,-0.0947876
12543,-0.08898927
12544,-0.077056885
12545,-0.04190065
12546,-0.016052244
12547,0.018859858
12548,0.028900139
12549,0.023010263
12550,0.029174794
12551,0.032012932
12552,0.04156495
12553,0.06317139
12554,0.033966072
12555,0.032318138
12556,0.09677124
12557,0.030151356
12558,0.04840087
12559,-0.0065917857
12560,-0.02560427
12561,-0.015563965
12562,-0.060363755
12563,-0.06710815
12564,-0.09429932
12565,-0.10241701
12566,-0.10824585
12567,-0.10272218
12568,-0.112701416
12569,-0.10839842
12570,-0.09719849
12571,-0.081542976
12572,-0.05944825
12573,-0.044464126
12574,-0.031066896
12575,-0.019561782
12576,0.0065002665
12577,0.027252195
12578,0.008941651
12579,0.03979493
12580,0.043121316
12581,0.069610596
12582,0.07257079
12583,0.070526116
12584,0.07498169
12585,0.07269286
12586,0.07498169
12587,0.054565433
12588,0.05429077
12589,0.032501232
12590,0.013580318
12591,-0.010131837
12592,-0.02346801
12593,-0.011596686
12594,-0.020538311
12595,-0.0198059
12596,-0.023864746
12597,-0.04263307
12598,-0.021392817
12599,-0.020050075
12600,-0.057373054
12601,-0.023590071
12602,-0.031494148
12603,-0.0014038272
12604,-0.000762932
12605,0.00027466193
12606,0.023132319
12607,0.027374268
12608,0.044769287
12609,0.046295166
12610,0.049346924
12611,0.045867935
12612,0.03845214
12613,0.02557373
12614,0.02770997
12615,0.03649903
12616,0.024749763
12617,0.039794937
12618,0.023315439
12619,0.024627687
12620,-0.0077819964
12621,-0.012939454
12622,0.04797362
12623,0.007537842
12624,0.040618908
12625,0.004699688
12626,0.015319832
12627,0.024993896
12628,0.015319818
12629,0.023620607
12630,0.014739988
12631,0.029479988
12632,0.0114746075
12633,0.0066223107
12634,-0.013061522
12635,-0.02096556
12636,-0.014923096
12637,-0.025665276
12638,-0.02484131
12639,-0.01565552
12640,-0.03347779
12641,-0.014251703
12642,-0.053405777
12643,-0.06304931
12644,0.011749266
12645,-0.039855964
12646,-0.00024413504
12647,-0.033386234
12648,-0.011016835
12649,0.00872803
12650,-0.0023498596
12651,0.015563966
12652,0.00442505
12653,0.023376469
12654,0.019866938
12655,0.010192865
12656,0.011657719
12657,0.0014953715
12658,-0.0018310583
12659,-0.009033198
12660,-0.015563967
12661,-0.020416262
12662,-0.01885987
12663,-0.023162834
12664,-0.02059937
12665,-0.025848389
12666,-0.052520745
12667,-0.03561402
12668,-0.060791016
12669,-0.031646717
12670,-0.032623287
12671,-0.044342034
12672,-0.02142334
12673,-0.024841305
12674,-0.013824465
12675,-0.013916018
12676,0.00021362025
12677,-0.003509527
12678,0.004394531
12679,0.011383047
12680,0.0028686533
12681,0.010742199
12682,0.01049804
12683,0.00073242
12684,0.009490962
12685,0.002563484
12686,0.013153075
12687,0.024475105
12688,-0.015045159
12689,0.005065907
12690,-0.008026123
12691,0.009399425
12692,0.003997801
12693,-0.008392334
12694,0.005493167
12695,0.0014648438
12696,0.0023193322
12697,-0.0010375939
12698,-0.007995613
12699,-0.0062866285
12700,-0.0077209473
12701,-0.0079040555
12702,-0.010559082
12703,-0.009277342
12704,-0.011871343
12705,-0.011199956
12706,-0.013702398
12707,-0.016967772
12708,0.0028076237
12709,0.0055236835
12710,-0.027587887
12711,-0.007873537
12712,-0.011810306
12713,-0.0020446694
12714,-0.0004577646
12715,-0.0020446773
12716,-0.0014343271
12717,0.002075198
12718,0.0049743652
12719,0.003387452
12720,0.0056762695
12721,0.003967285
12722,0.011779789
12723,0.012237545
12724,0.011352541
12725,0.016204834
12726,0.01083374
12727,0.016601562
12728,0.01272583
12729,-0.0032348651
12730,0.026336674
12731,0.016082762
12732,-0.010925289
12733,0.016357424
12734,-0.0064086895
12735,0.016326908
12736,0.0043029804
12737,-0.0037231445
12738,0.0018005352
12739,-0.0057983417
12740,0.00070190243
12741,-0.009185791
12742,0.004089359
12743,-0.0066223145
12744,0.005981451
12745,0.009338375
12746,0.0018920898
12747,0.0043029804
12748,0.01031494
12749,0.0034484863
12750,0.004333496
12751,3.051851e-05
12752,0.0055236816
12753,0.008148193
12754,0.009857175
12755,0.017120361
12756,0.012786867
12757,0.022918701
12758,0.017791748
12759,0.015838623
12760,0.026184082
12761,0.020324705
12762,0.029571533
12763,0.020355225
12764,0.024383545
12765,0.03060913
12766,0.021057129
12767,0.026306149
12768,0.024475096
12769,0.0152282715
12770,0.027526855
12771,0.0206604
12772,0.015106201
12773,0.01828003
12774,0.013641357
12775,0.02069092
12776,0.014007568
12777,0.01678467
12778,0.019683836
12779,0.019592285
12780,0.015502929
12781,0.021575928
12782,0.025726318
12783,0.023712156
12784,0.025817875
12785,0.028747559
12786,0.029571533
12787,0.030944824
12788,0.03268433
12789,0.021423338
12790,0.028686516
12791,0.021575928
12792,0.021026608
12793,0.016479494
12794,0.006561282
12795,0.012451175
12796,0.0014343243
12797,0.0010681134
12798,-0.0072631855
12799,-0.008605953
12800,-0.008636473
12801,-0.01358032
12802,-0.02178955
12803,-0.024719235
12804,-0.023101807
12805,-0.029907227
12806,-0.03857422
12807,-0.031341553
12808,-0.03775024
12809,-0.04324341
12810,-0.036315918
12811,-0.048187256
12812,-0.040496826
12813,-0.043823242
12814,-0.046936035
12815,-0.044952393
12816,-0.044677734
12817,-0.03744507
12818,-0.040100098
12819,-0.039489746
12820,-0.036102295
12821,-0.038238525
12822,-0.029144283
12823,-0.034576416
12824,-0.028381348
12825,-0.028747559
12826,-0.031158447
12827,-0.025512695
12828,-0.028808594
12829,-0.031066893
12830,-0.02947998
12831,-0.029541016
12832,-0.0267334
12833,-0.020965574
12834,-0.02453613
12835,-0.024414062
12836,-0.018463135
12837,-0.009857177
12838,-0.008178711
12839,-0.0071411133
12840,0.0033569336
12841,-0.008972166
12842,-0.00042724493
12843,-0.0025634775
12844,-0.0041503925
12845,-0.008819579
12846,-0.0028076167
12847,0.008911134
12848,-0.0056762695
12849,0.011047361
12850,0.010986328
12851,0.010223386
12852,0.012908934
12853,0.015686035
12854,0.015197758
12855,0.016357422
12856,0.01089477
12857,0.017364498
12858,0.015716545
12859,0.0128479
12860,0.013153074
12861,0.007873541
12862,0.009643553
12863,0.008819582
12864,0.010375975
12865,0.012481689
12866,0.008392332
12867,0.014984133
12868,0.012237549
12869,0.020202637
12870,0.022521973
12871,0.014831541
12872,0.0147094745
12873,0.023162844
12874,0.012512207
12875,0.019561766
12876,0.01950074
12877,0.012939451
12878,0.024566643
12879,0.019134521
12880,0.023254387
12881,0.020629883
12882,0.015747067
12883,0.023071293
12884,0.012420652
12885,0.021575928
12886,0.022644041
12887,0.0134277325
12888,0.02798462
12889,0.023620605
12890,0.023406982
12891,0.02368164
12892,0.024627686
12893,0.022430422
12894,0.017425537
12895,0.016479492
12896,0.009674071
12897,0.00857544
12898,0.011230466
12899,0.0047607427
12900,0.009857179
12901,-0.0009155297
12902,0.0070190444
12903,0.0030212402
12904,0.0059204097
12905,0.00411987
12906,-0.004760742
12907,0.004638673
12908,0.003326417
12909,-0.0028991704
12910,0.0019836405
12911,-0.0014343262
12912,0.00018310454
12913,0.00024414086
12914,-0.0020751962
12915,0.005645752
12916,0.0137023935
12917,-0.0046691904
12918,-0.020812992
12919,0.03771972
12920,0.019165035
12921,0.015899654
12922,0.0032043462
12923,-0.012298587
12924,0.017486578
12925,0.004486086
12926,-0.001007081
12927,-0.010864259
12928,-0.002441408
12929,-0.005279543
12930,-0.011413574
12931,-0.011138916
12932,-0.016174318
12933,-0.005279539
12934,-0.012145998
12935,-0.017700195
12936,-0.019348145
12937,-0.01187134
12938,-0.009887697
12939,-0.0085144015
12940,-0.0034790034
12941,-0.029144287
12942,-0.02914429
12943,-0.027099611
12944,-0.029296875
12945,-0.0095214825
12946,-0.03796387
12947,-0.03475952
12948,-0.03314209
12949,-0.035369873
12950,-0.029846193
12951,-0.03100586
12952,-0.02752686
12953,-0.027130123
12954,-0.030273432
12955,-0.031707764
12956,-0.025665283
12957,-0.026519775
12958,-0.029266357
12959,-0.028869627
12960,-0.038726814
12961,-0.026489256
12962,-0.018493652
12963,-0.045043945
12964,-0.038848884
12965,-0.03829956
12966,-0.026641846
12967,-0.017547607
12968,-0.036254883
12969,-0.01748657
12970,-0.0013732896
12971,-0.0054626465
12972,0.0008239774
12973,-0.0071105957
12974,0.00070190243
12975,0.007019042
12976,0.004394534
12977,-0.0063781757
12978,0.005096438
12979,0.002685546
12980,0.008117673
12981,0.005981447
12982,0.006591799
12983,0.0018615703
12984,-0.017120365
12985,0.052917473
12986,0.029418945
12987,0.015472412
12988,0.012695313
12989,-0.00094604585
12990,0.045745857
12991,0.03427124
12992,0.034881596
12993,0.027404785
12994,0.026306152
12995,0.0295105
12996,0.02597046
12997,0.024749752
12998,0.025848385
12999,0.036987305
13000,0.030578611
13001,0.024749756
13002,0.037261963
13003,0.027435299
13004,0.0411377
13005,0.01522827
13006,-0.005676274
13007,0.052154534
13008,0.018554688
13009,0.031951904
13010,0.01300049
13011,-0.0028686523
13012,0.03582764
13013,0.0040283203
13014,0.0014038116
13015,0.0041503925
13016,0.0018005352
13017,0.011932373
13018,0.0046691922
13019,-0.002380371
13020,0.012603758
13021,0.023254395
13022,0.0062561
13023,0.008575439
13024,0.0057678223
13025,0.009857177
13026,0.014404295
13027,0.0038757343
13028,0.022674562
13029,-0.014617922
13030,-0.0068359375
13031,0.009063723
13032,0.0021362305
13033,0.011230469
13034,-0.009826665
13035,-0.01687622
13036,-0.008575434
13037,-0.014526366
13038,-0.008514404
13039,-0.008148195
13040,-0.011871339
13041,-0.004211424
13042,-0.011291502
13043,-0.015472415
13044,-0.011260986
13045,-0.019256592
13046,-0.021484375
13047,-0.020751953
13048,-0.02648926
13049,-0.010650635
13050,-0.0010681162
13051,-0.02542114
13052,-0.009796147
13053,-0.017822267
13054,-0.007354739
13055,0.0061340304
13056,-0.007141115
13057,0.007507326
13058,0.00579834
13059,-0.0012512207
13060,0.0035705594
13061,-0.0033264142
13062,-0.002807618
13063,0.0060424805
13064,-0.012420654
13065,-0.011291504
13066,-0.0018005357
13067,-0.0049438477
13068,-0.005218504
13069,-0.012695313
13070,-0.015136719
13071,-0.0027160654
13072,0.0028686505
13073,-0.02166748
13074,-0.012145997
13075,-0.019317629
13076,-0.009552002
13077,0.0068664555
13078,-0.01675415
13079,0.007446289
13080,0.0036621075
13081,0.0035095213
13082,-0.0008239751
13083,-0.0034790023
13084,0.0054626465
13085,-0.0012817378
13086,-0.008544924
13087,-0.0028991685
13088,-0.00515747
13089,0.00753784
13090,0.0017089844
13091,-0.00085449405
13092,0.0054016085
13093,0.0033264142
13094,0.025756834
13095,-0.010772705
13096,-0.0013427734
13097,0.007720949
13098,0.004119874
13099,0.00823975
13100,-0.017517094
13101,-0.012145998
13102,-0.0039978037
13103,-0.0034790067
13104,-0.0049743634
13105,-0.013793945
13106,-0.003692626
13107,-0.0015563965
13108,-0.010437012
13109,-0.0022583008
13110,-0.0049743652
13111,-0.001739502
13112,0.0066223135
13113,0.006011963
13114,0.01101684
13115,0.010437012
13116,0.023559576
13117,0.01889038
13118,0.027832035
13119,0.03475952
13120,0.023071293
13121,0.035217285
13122,0.029083248
13123,0.031677246
13124,0.030517578
13125,0.035125732
13126,0.026031494
13127,0.029113768
13128,0.022949217
13129,0.024902344
13130,0.028778076
13131,0.026458738
13132,0.029846193
13133,0.015838623
13134,0.026550293
13135,0.017730713
13136,0.015106201
13137,0.013763429
13138,0.008331299
13139,0.00253296
13140,-0.003845213
13141,0.0106811505
13142,-0.0004882822
13143,-0.0013122582
13144,0.0066223126
13145,0.0007629404
13146,-0.0030822745
13147,0.008850098
13148,-0.00070190476
13149,0.0069274902
13150,-0.002075195
13151,-0.010467527
13152,0.0044555655
13153,-0.005096435
13154,-0.016998287
13155,-0.017944336
13156,0.0036315918
13157,0.032043464
13158,0.031249989
13159,0.022918709
13160,0.0011596717
13161,-0.02154541
13162,-0.036224365
13163,-0.044311523
13164,-0.045501705
13165,-0.048431404
13166,-0.040924072
13167,-0.03543091
13168,-0.025878906
13169,-0.019226074
13170,-0.014282225
13171,-0.0062866174
13172,-0.01687622
13173,-0.0068359356
13174,-0.009307861
13175,-0.021331785
13176,-0.018859863
13177,-0.026245119
13178,-0.035980225
13179,-0.0496521
13180,-0.056701653
13181,-0.05331421
13182,-0.04351807
13183,-0.026000977
13184,-0.016876224
13185,-0.0111083975
13186,0.0036926232
13187,-0.0033264142
13188,-0.008483884
13189,-0.0033874493
13190,-0.012054447
13191,-0.01626587
13192,-0.016021729
13193,-0.023040771
13194,-0.017822266
13195,-0.016815186
13196,-0.017578125
13197,-0.0116882315
13198,-0.011413578
13199,-0.0005798341
13200,-0.012298584
13201,-0.02645874
13202,-0.026489254
13203,-0.031158451
13204,-0.019805912
13205,-0.011871338
13206,-0.011108397
13207,0.0056762705
13208,0.0035400353
13209,0.0057067927
13210,0.009216309
13211,-0.0035095206
13212,0.0015869155
13213,0.0107421875
13214,-0.0008239746
13215,0.0057678195
13216,0.009124754
13217,-0.004180908
13218,0.0111084
13219,0.011444094
13220,-0.0073547363
13221,0.008270266
13222,0.023162842
13223,0.050445564
13224,0.064239495
13225,0.055358894
13226,0.03283692
13227,0.009887695
13228,-0.007110592
13229,-0.027282711
13230,-0.025817866
13231,-0.021759039
13232,-0.01965332
13233,-0.014617924
13234,-0.004608153
13235,0.0014953618
13236,0.011688234
13237,0.015991215
13238,0.011505127
13239,0.02078247
13240,0.022430422
13241,0.013610841
13242,0.0056152344
13243,-0.0072936984
13244,0.025543215
13245,0.044128425
13246,0.048187245
13247,0.05731202
13248,0.02896119
13249,0.011260987
13250,0.000915532
13251,-0.018981928
13252,-0.015197748
13253,-0.01293946
13254,-0.010894776
13255,0.0031433096
13256,0.009704588
13257,0.0020446796
13258,0.008422852
13259,0.012207033
13260,0.0027771005
13261,0.01473999
13262,0.010314942
13263,0.012817383
13264,0.02053833
13265,0.014801025
13266,0.007202149
13267,-0.0036315937
13268,-0.02099609
13269,-0.00088500977
13270,0.0038452093
13271,0.005187989
13272,0.016479496
13273,0.02752686
13274,0.023468014
13275,0.015472417
13276,0.019561768
13277,0.011444094
13278,0.0072021475
13279,0.00094604585
13280,-0.0077209473
13281,-0.009063722
13282,0.0010375977
13283,-0.01855469
13284,-0.013458255
13285,-0.008361818
13286,-0.0029907213
13287,0.008117675
13288,-0.018951416
13289,-0.022491457
13290,-0.028198237
13291,-0.024017336
13292,-0.016754154
13293,-0.01083374
13294,0.0022277841
13295,-0.0025024433
13296,0.0028076125
13297,-0.0031433068
13298,-0.00091552874
13299,-0.0035400372
13300,-0.014648436
13301,-0.009429933
13302,-0.0074768085
13303,-0.011962892
13304,-0.0034484863
13305,-0.0004272461
13306,-0.003753662
13307,-0.008178707
13308,0.0036010752
13309,0.0072631836
13310,-0.017913818
13311,-0.021850592
13312,-0.02606201
13313,-0.02130127
13314,-0.016143803
13315,-0.0023498535
13316,0.01760864
13317,0.0056457506
13318,0.0147399865
13319,0.012481692
13320,0.009460447
13321,-0.00073242094
13322,0.0028381357
13323,-0.00073242467
13324,0.012603758
13325,0.011627192
13326,0.0066528358
13327,0.02560424
13328,0.021362314
13329,0.013427731
13330,0.027923575
13331,0.013000488
13332,0.00064087287
13333,-0.0075988825
13334,-0.02035522
13335,-0.013580325
13336,-0.007446293
13337,-0.0031127948
13338,0.0062561035
13339,0.0068359375
13340,0.0033569299
13341,-0.003234867
13342,-0.009796143
13343,-0.017456055
13344,-0.018554688
13345,-0.02752685
13346,-0.027465817
13347,-0.037445053
13348,-0.032196037
13349,-0.041290276
13350,-0.034057625
13351,-0.02658081
13352,-0.02655029
13353,-0.010986328
13354,-0.011260987
13355,0.0032959003
13356,0.009918217
13357,0.010620117
13358,0.025909424
13359,0.017730713
13360,0.0211792
13361,0.026184082
13362,0.018157959
13363,0.02542115
13364,0.02304077
13365,0.02984619
13366,0.02224731
13367,0.026916506
13368,0.026550293
13369,0.015045162
13370,0.025390618
13371,0.019226072
13372,0.009857175
13373,0.0096740695
13374,0.010375979
13375,0.0072631827
13376,0.007019041
13377,-0.0044250474
13378,0.0037841806
13379,0.0012817378
13380,0.0025329595
13381,0.0065612784
13382,0.006744383
13383,0.007781981
13384,0.008789063
13385,0.0137634305
13386,0.016326904
13387,0.021728516
13388,0.023162838
13389,0.038604736
13390,0.037506104
13391,0.056091294
13392,0.05038452
13393,0.0630493
13394,0.06283571
13395,0.05584716
13396,0.056610096
13397,0.05065918
13398,0.04260254
13399,0.030426022
13400,0.026672361
13401,0.010742186
13402,0.00506592
13403,-0.0037231445
13404,-0.0065307636
13405,-0.022247313
13406,-0.01855469
13407,-0.028991705
13408,-0.032409668
13409,-0.04159546
13410,-0.038940422
13411,-0.028198237
13412,-0.02850341
13413,-0.009460445
13414,-0.005249008
13415,-0.004241947
13416,0.0093994215
13417,0.007873535
13418,0.0030517476
13419,0.0061035156
13420,0.0018920916
13421,-0.00021362258
13422,-0.011291504
13423,-0.023620605
13424,-0.027740479
13425,-0.030700684
13426,-0.036010742
13427,-0.04534912
13428,-0.037567142
13429,-0.049560554
13430,-0.056427002
13431,-0.050445557
13432,-0.05398559
13433,-0.05709838
13434,-0.054443352
13435,-0.059387192
13436,-0.046051018
13437,-0.04742431
13438,-0.039001472
13439,-0.035614014
13440,-0.03445434
13441,-0.02468872
13442,-0.025909424
13443,-0.013885497
13444,-0.015411376
13445,-0.013336182
13446,-0.0094909705
13447,-0.008453371
13448,-0.0069274884
13449,0.010437014
13450,0.0054626474
13451,0.011444096
13452,0.012359615
13453,0.014556883
13454,0.02124023
13455,0.010437012
13456,0.0064392076
13457,0.0022277832
13458,-0.009277348
13459,-9.154994e-05
13460,-0.017120365
13461,-0.015716555
13462,-0.009094233
13463,-0.015136718
13464,-0.013793945
13465,-0.0070495605
13466,-0.003326416
13467,-0.0018310584
13468,0.011077882
13469,0.008392332
13470,0.004577635
13471,0.028778076
13472,0.020385746
13473,0.024475103
13474,0.03262329
13475,0.031463623
13476,0.027008053
13477,0.023162838
13478,0.010253903
13479,0.0042114276
13480,0.0013122503
13481,-0.01638794
13482,-0.018676765
13483,-0.018890383
13484,-0.021484371
13485,-0.014923098
13486,-0.016052246
13487,-0.012969969
13488,-0.0037231464
13489,-0.005798341
13490,0.014678953
13491,0.009948729
13492,0.008697508
13493,0.01727295
13494,0.014099121
13495,0.015411384
13496,0.020050049
13497,0.023468016
13498,0.012512201
13499,0.012298582
13500,0.0066528283
13501,-0.0022277841
13502,0.003509513
13503,-0.0068359356
13504,-0.011566168
13505,-0.0051574674
13506,-0.015045162
13507,-0.009826658
13508,-0.005706789
13509,-0.0061340323
13510,-0.0006713867
13511,0.0043335017
13512,0.009246825
13513,0.009002684
13514,0.019531252
13515,0.021240234
13516,0.027587894
13517,0.035858158
13518,0.03869629
13519,0.039001465
13520,0.039825436
13521,0.039947506
13522,0.040863037
13523,0.04425048
13524,0.03094482
13525,0.03707885
13526,0.027893066
13527,0.026885986
13528,0.02319336
13529,0.012817384
13530,0.01928711
13531,0.012695311
13532,0.015380859
13533,0.011627197
13534,0.008178711
13535,0.009307862
13536,0.004821779
13537,0.010009764
13538,0.0040283203
13539,0.0062561026
13540,0.0030822768
13541,-0.002868651
13542,0.00579834
13543,-0.0037841839
13544,0.0056457524
13545,0.0016784677
13546,-0.009033201
13547,-0.0028991718
13548,-0.0042724623
13549,-0.010803224
13550,-0.011657715
13551,-0.015533447
13552,-0.013458254
13553,-0.015075683
13554,-0.021575928
13555,-0.02206421
13556,-0.029449463
13557,-0.020416262
13558,-0.03640747
13559,-0.036743164
13560,-0.03753662
13561,-0.04815674
13562,-0.048553467
13563,-0.049926758
13564,-0.049438477
13565,-0.048034668
13566,-0.039398193
13567,-0.044677734
13568,-0.028747559
13569,-0.023864748
13570,-0.015563965
13571,-0.00967408
13572,0.0051879957
13573,0.011291504
13574,0.018585205
13575,0.031341545
13576,0.025543205
13577,0.034423843
13578,0.028533936
13579,0.037597664
13580,0.029998787
13581,0.029174805
13582,0.03207398
13583,0.0185852
13584,0.016174313
13585,0.005706788
13586,0.0043029785
13587,-0.0047302227
13588,-0.015228272
13589,-0.029052744
13590,-0.035980217
13591,-0.046356186
13592,-0.054748535
13593,-0.06524657
13594,-0.07543946
13595,-0.077301025
13596,-0.08584594
13597,-0.0848999
13598,-0.0835266
13599,-0.075256355
13600,-0.068695076
13601,-0.061401363
13602,-0.05023194
13603,-0.037139896
13604,-0.02282715
13605,-0.0037536612
13606,0.0147094745
13607,0.024169922
13608,0.036376953
13609,0.05303955
13610,0.052093506
13611,0.06661987
13612,0.06585692
13613,0.06689454
13614,0.06616211
13615,0.06408693
13616,0.057037354
13617,0.047729485
13618,0.050476067
13619,0.031158444
13620,0.02758789
13621,0.023529053
13622,0.01229859
13623,0.007202139
13624,-0.0015563918
13625,-0.013763428
13626,-0.018585205
13627,-0.02264404
13628,-0.030059813
13629,-0.028930664
13630,-0.027526855
13631,-0.03152466
13632,-0.026702888
13633,-0.00814819
13634,-0.008483885
13635,0.0014037993
13636,0.013397215
13637,0.033752427
13638,0.050201423
13639,0.062316902
13640,0.08325195
13641,0.08966064
13642,0.094207756
13643,0.10702516
13644,0.102478035
13645,0.0953064
13646,0.101440445
13647,0.08505249
13648,0.072723396
13649,0.06417847
13650,0.040588368
13651,0.024932865
13652,0.020080574
13653,-0.0036010668
13654,-0.0037536547
13655,-0.011230469
13656,-0.02426146
13657,-0.02401733
13658,-0.03692627
13659,-0.026000986
13660,-0.02447509
13661,-0.019836426
13662,-0.017883293
13663,-0.01547242
13664,-0.014526361
13665,-0.008453364
13666,-0.0066833645
13667,-0.010131812
13668,-0.0042114295
13669,-0.0017700195
13670,-0.0065307505
13671,-0.009307859
13672,-0.010986332
13673,-0.021118172
13674,-0.016143803
13675,-0.025726328
13676,-0.031921394
13677,-0.035064712
13678,-0.04138185
13679,-0.04217527
13680,-0.04885864
13681,-0.051574685
13682,-0.061798096
13683,-0.061004654
13684,-0.06829834
13685,-0.071685806
13686,-0.070434555
13687,-0.06805421
13688,-0.060516372
13689,-0.061981194
13690,-0.050628673
13691,-0.040252686
13692,-0.032012943
13693,-0.0253296
13694,-0.014892572
13695,-0.002746582
13696,-0.0050048865
13697,0.009674072
13698,0.009948727
13699,0.019775394
13700,0.031402577
13701,0.027740486
13702,0.045837402
13703,0.039947525
13704,0.047607422
13705,0.04718017
13706,0.052673325
13707,0.053741455
13708,0.050689694
13709,0.05157471
13710,0.046508804
13711,0.04669188
13712,0.046142586
13713,0.043182366
13714,0.03915405
13715,0.034393314
13716,0.032623284
13717,0.023712164
13718,0.01757813
13719,0.013946544
13720,0.0119628925
13721,0.0037841927
13722,0.0025940035
13723,-0.010162363
13724,-0.01144409
13725,-0.020538326
13726,-0.018310554
13727,-0.02325439
13728,-0.021453857
13729,-0.016052233
13730,-0.015716556
13731,-0.009552004
13732,-0.016998278
13733,-0.0054016244
13734,-0.0075988695
13735,-0.012420658
13736,-0.011535643
13737,-0.01022337
13738,-0.0024108998
13739,-0.0074768066
13740,-0.0039672777
13741,0.007110603
13742,0.004699707
13743,-0.0011291429
13744,0.0009155199
13745,-0.0050048903
13746,-0.013702389
13747,-0.015869146
13748,-0.025238056
13749,-0.032134995
13750,-0.04367066
13751,-0.04971312
13752,-0.050018303
13753,-0.05886842
13754,-0.059020992
13755,-0.055236828
13756,-0.056396484
13757,-0.05221557
13758,-0.053070065
13759,-0.03582763
13760,-0.035491943
13761,-0.013427741
13762,-0.015075686
13763,0.010009756
13764,0.009765618
13765,0.017364502
13766,0.03085326
13767,0.032714836
13768,0.045989983
13769,0.053344727
13770,0.054077156
13771,0.05871582
13772,0.05877687
13773,0.051940918
13774,0.05477904
13775,0.04492189
13776,0.049987808
13777,0.0470276
13778,0.046600334
13779,0.0439148
13780,0.035278317
13781,0.041564934
13782,0.02709962
13783,0.030456541
13784,0.03124999
13785,0.014190672
13786,0.024108896
13787,0.013244628
13788,0.008880626
13789,0.0077514593
13790,0.009460453
13791,0.005096428
13792,0.0014648493
13793,0.00363159
13794,-0.0027160645
13795,-0.003753662
13796,-0.00869751
13797,-0.011291515
13798,-0.007324226
13799,-0.0072021484
13800,-0.008575439
13801,-0.012908932
13802,-0.005615238
13803,-0.010894783
13804,-0.013275139
13805,-0.013793945
13806,-0.016021729
13807,-0.02688599
13808,-0.02145385
13809,-0.027709961
13810,-0.03082275
13811,-0.031097414
13812,-0.036865227
13813,-0.042633064
13814,-0.047729507
13815,-0.048736565
13816,-0.057617202
13817,-0.057983384
13818,-0.058074936
13819,-0.067047134
13820,-0.063049324
13821,-0.062377937
13822,-0.067230225
13823,-0.0625
13824,-0.051391605
13825,-0.051910408
13826,-0.050781243
13827,-0.039093018
13828,-0.044128418
13829,-0.03100586
13830,-0.03460693
13831,-0.030181883
13832,-0.019897457
13833,-0.023986818
13834,-0.012939464
13835,-0.012695309
13836,-0.010620125
13837,-0.008148185
13838,-0.008758543
13839,-0.0022583017
13840,0.0008544978
13841,-0.0032043383
13842,0.0047302367
13843,-0.00015258603
13844,0.003601065
13845,0.007873535
13846,0.0041809063
13847,0.01431274
13848,0.017059334
13849,0.02191162
13850,0.02725219
13851,0.03161621
13852,0.03686524
13853,0.037994385
13854,0.051086437
13855,0.053009033
13856,0.052337635
13857,0.05908204
13858,0.06277467
13859,0.05859375
13860,0.06851197
13861,0.06637572
13862,0.06817626
13863,0.06781006
13864,0.0541382
13865,0.05487062
13866,0.05471801
13867,0.047454834
13868,0.043304443
13869,0.043670654
13870,0.03805542
13871,0.033843994
13872,0.036041252
13873,0.020996094
13874,0.028533936
13875,0.02444458
13876,0.020263672
13877,0.024047852
13878,0.021820072
13879,0.020660397
13880,0.024475105
13881,0.023040768
13882,0.025146479
13883,0.02124023
13884,0.014892578
13885,0.022644036
13886,0.01040649
13887,0.01159668
13888,0.014923099
13889,0.010803223
13890,0.011749269
13891,0.010833738
13892,0.012908937
13893,0.014648436
13894,0.012512213
13895,0.013824463
13896,0.0068969745
13897,0.011199949
13898,0.0028076153
13899,0.0027770977
13900,0.01000977
13901,0.0072021447
13902,0.012664797
13903,0.0055541936
13904,0.003448492
13905,0.0014648493
13906,-0.0032348647
13907,-0.0018005357
13908,-0.005920414
13909,-0.0026550274
13910,-0.006805417
13911,-0.01034546
13912,-0.012390137
13913,-0.013885498
13914,-0.018188477
13915,-0.017089844
13916,-0.015319821
13917,-0.014923097
13918,-0.016754154
13919,-0.019989014
13920,-0.019287111
13921,-0.02346802
13922,-0.022277828
13923,-0.013702396
13924,-0.022033691
13925,-0.012878421
13926,-0.016601555
13927,-0.005310052
13928,-0.0072631855
13929,-0.007690424
13930,0.0031738244
13931,-0.0031127892
13932,0.00048828125
13933,-0.0008850116
13934,0.0015869141
13935,-0.008117676
13936,-0.0068969727
13937,-0.014709471
13938,-0.018249508
13939,-0.018188478
13940,-0.011932373
13941,-0.027435303
13942,-0.024536135
13943,-0.01904297
13944,-0.03710937
13945,-0.031768803
13946,-0.038726807
13947,-0.039093018
13948,-0.039367676
13949,-0.035980217
13950,-0.040771484
13951,-0.036987305
13952,-0.0383606
13953,-0.039062504
13954,-0.031005854
13955,-0.03161621
13956,-0.030639648
13957,-0.036193848
13958,-0.029266357
13959,-0.03152466
13960,-0.036651604
13961,-0.031707764
13962,-0.03326416
13963,-0.028106691
13964,-0.034179688
13965,-0.023040771
13966,-0.023071289
13967,-0.022155762
13968,-0.01815796
13969,-0.019958496
13970,-0.0128479
13971,-0.021972653
13972,-0.014678957
13973,-0.018615719
13974,-0.017456053
13975,-0.013183592
13976,-0.01953125
13977,-0.009613037
13978,-0.013549803
13979,-0.0113830585
13980,-0.009155279
13981,-0.011016849
13982,-0.009460449
13983,-0.011138916
13984,-0.0152893085
13985,-0.0039367694
13986,-0.011291502
13987,-0.012268065
13988,-0.0037231422
13989,-0.013458253
13990,-0.0028076172
13991,-0.0063781757
13992,-0.0013732896
13993,-0.0050964346
13994,0.008178711
13995,0.0065612826
13996,0.00881958
13997,0.016632082
13998,0.010437012
13999,0.0058593713
14000,0.011810298
14001,0.011077879
14002,0.009857178
14003,0.009826665
14004,0.014739989
14005,0.013092035
14006,0.0030822735
14007,0.012817382
14008,0.0063476562
14009,0.00018310547
14010,0.0028381366
14011,-0.008453369
14012,-0.0035095178
14013,-0.002319336
14014,-0.0038757334
14015,0.0032043457
14016,0.0044555664
14017,0.011291506
14018,0.016448975
14019,0.019256592
14020,0.026245117
14021,0.019378662
14022,0.025939938
14023,0.029785156
14024,0.03488159
14025,0.03076172
14026,0.045013428
14027,0.03134155
14028,0.031829834
14029,0.034576416
14030,0.02456665
14031,0.03817749
14032,0.031097412
14033,0.039001465
14034,0.0361023
14035,0.03591919
14036,0.030853271
14037,0.032928467
14038,0.026580812
14039,0.02911377
14040,0.027648926
14041,0.028228762
14042,0.027557373
14043,0.026580812
14044,0.027130127
14045,0.022827148
14046,0.035308838
14047,0.033386227
14048,0.028808594
14049,0.03378296
14050,0.021423342
14051,0.028747559
14052,0.028533941
14053,0.027038576
14054,0.024139404
14055,0.030029299
14056,0.02911377
14057,0.023590088
14058,0.030151365
14059,0.018249512
14060,0.017211914
14061,0.016448973
14062,0.0058898944
14063,0.007171631
14064,0.004486084
14065,0.0069274884
14066,0.00985718
14067,0.0078124995
14068,0.0026245127
14069,0.011596682
14070,0.0014648447
14071,0.010681151
14072,0.012512205
14073,0.0026550284
14074,0.010559084
14075,0.00057983596
14076,-0.0063476544
14077,-0.005889896
14078,-0.0064697284
14079,-0.007385256
14080,-0.010375978
14081,-0.016082764
14082,-0.008880616
14083,-0.013244628
14084,-0.009948732
14085,-0.011230472
14086,-0.01199341
14087,-0.008575438
14088,-0.018737793
14089,-0.010711672
14090,-0.021270752
14091,-0.021057133
14092,-0.01358032
14093,-0.02319336
14094,-0.0121154785
14095,-0.012939452
14096,-0.020477295
14097,-0.01196289
14098,-0.011199949
14099,-0.019500734
14100,-0.017120363
14101,-0.015380862
14102,-0.023406982
14103,-0.027191162
14104,-0.016510012
14105,-0.024963379
14106,-0.028839111
14107,-0.016479492
14108,-0.028839111
14109,-0.023376461
14110,-0.022827148
14111,-0.021728512
14112,-0.020050049
14113,-0.026428223
14114,-0.023010254
14115,-0.028839111
14116,-0.026428223
14117,-0.01635742
14118,-0.022216797
14119,-0.016174315
14120,-0.0074768057
14121,-0.012207029
14122,-0.010833741
14123,-0.010620115
14124,-0.0032653827
14125,-0.010131836
14126,-0.005554199
14127,-0.0034790058
14128,-0.011016842
14129,-0.008026124
14130,-0.013885496
14131,-0.012542726
14132,-0.0048828144
14133,-0.012908934
14134,-0.008331301
14135,-0.008026121
14136,-0.021850586
14137,-0.009735107
14138,-0.008514404
14139,-0.011993409
14140,-0.0020751972
14141,-0.009735107
14142,-0.00946045
14143,-0.0098876925
14144,-0.010711668
14145,-0.010406496
14146,-0.005126954
14147,0.00012206938
14148,-0.0066223163
14149,0.0012207022
14150,0.006286619
14151,-0.0021362323
14152,0.0030822745
14153,0.008789061
14154,-0.0009155264
14155,0.0010681159
14156,-0.0044555655
14157,-0.008422851
14158,-0.009643553
14159,-0.014556886
14160,-0.00640869
14161,-0.016296387
14162,-0.010437011
14163,-0.010314941
14164,-0.007080078
14165,-0.008117676
14166,-0.008819584
14167,-0.0036621094
14168,-0.005493162
14169,0.0032348651
14170,-0.0019836444
14171,-0.0017089825
14172,-0.00027466007
14173,-0.0011291485
14174,0.002685545
14175,0.0040283203
14176,0.0077819834
14177,0.010375978
14178,0.009307862
14179,0.01586914
14180,0.015502932
14181,0.017425537
14182,0.012573242
14183,0.016418457
14184,0.017730713
14185,0.015106199
14186,0.025268555
14187,0.019989014
14188,0.020812988
14189,0.026519777
14190,0.025787354
14191,0.029052734
14192,0.022552492
14193,0.02166748
14194,0.018127441
14195,0.012176514
14196,0.018005373
14197,0.0027770996
14198,0.0120544415
14199,0.01296997
14200,0.007232664
14201,0.017089844
14202,0.011779786
14203,0.018981934
14204,0.012329099
14205,0.010925293
14206,0.022369385
14207,0.01358032
14208,0.015808105
14209,0.02130127
14210,0.017608646
14211,0.02243042
14212,0.022491455
14213,0.02609253
14214,0.021942139
14215,0.021301271
14216,0.0368042
14217,0.022155762
14218,0.025207523
14219,0.0305481
14220,0.02200317
14221,0.021057127
14222,0.019042965
14223,0.015136717
14224,0.010498045
14225,0.0148010235
14226,0.01132202
14227,0.005615234
14228,0.008789061
14229,0.0006408696
14230,-0.0047302246
14231,-0.0026550302
14232,-0.0036010742
14233,-0.008483888
14234,-0.013275142
14235,-0.012359617
14236,-0.018127441
14237,-0.009887693
14238,-0.0073242188
14239,-0.005950926
14240,-0.008270263
14241,-0.00363159
14242,-0.003082274
14243,-0.015228269
14244,-0.0051269513
14245,-0.010742188
14246,-0.009063723
14247,-0.0051269536
14248,-0.0120544415
14249,-0.010284424
14250,-0.010528563
14251,-0.020965574
14252,-0.016204834
14253,-0.020935059
14254,-0.026672365
14255,-0.031188965
14256,-0.034393307
14257,-0.036163326
14258,-0.028381348
14259,-0.0031433087
14260,-0.009338375
14261,-0.00042724982
14262,-0.012634277
14263,-0.026031494
14264,-0.034698486
14265,-0.029785156
14266,-0.02804565
14267,-0.030090332
14268,-0.030548096
14269,-0.037536614
14270,-0.048614495
14271,-0.06060792
14272,-0.07202147
14273,-0.075042725
14274,-0.08044435
14275,-0.08264162
14276,-0.084228516
14277,-0.08096315
14278,-0.066711426
14279,-0.05667115
14280,-0.03833009
14281,-0.031585686
14282,-0.02633667
14283,-0.008422848
14284,0.0115051195
14285,0.03674317
14286,0.043884277
14287,0.06481932
14288,0.07589722
14289,0.08282469
14290,0.09762572
14291,0.102508545
14292,0.11581421
14293,0.11740113
14294,0.11599732
14295,0.12527466
14296,0.10494996
14297,0.10110473
14298,0.08639526
14299,0.068725586
14300,0.05923462
14301,0.035614014
14302,0.01907349
14303,-0.019927975
14304,-0.037750248
14305,-0.054443344
14306,-0.06927491
14307,-0.07269287
14308,-0.081054695
14309,-0.091156
14310,-0.09457399
14311,-0.09036255
14312,-0.09381104
14313,-0.08700562
14314,-0.07418825
14315,-0.057708748
14316,-0.05316163
14317,-0.0335083
14318,-0.01678467
14319,-0.008422852
14320,0.012359619
14321,0.018127449
14322,0.025177004
14323,0.035095215
14324,0.041351326
14325,0.060089104
14326,0.07733156
14327,0.07699584
14328,0.0670166
14329,0.049041737
14330,0.038635254
14331,0.038452145
14332,0.025939953
14333,0.024108883
14334,0.01165773
14335,-0.0070800595
14336,-0.014801025
14337,-0.033294685
14338,-0.049468994
14339,-0.059722908
14340,-0.06616212
14341,-0.07446289
14342,-0.07913208
14343,-0.07666016
14344,-0.078430176
14345,-0.056884773
14346,-0.03692628
14347,-0.0018005334
14348,0.026336674
14349,0.049926743
14350,0.052124023
14351,0.056457534
14352,0.06271362
14353,0.06951903
14354,0.08709717
14355,0.07144165
14356,0.0772705
14357,0.07611085
14358,0.060638443
14359,0.0415039
14360,0.029388456
14361,0.011413572
14362,-0.013977056
14363,-0.02536012
14364,-0.049346924
14365,-0.056701675
14366,-0.06674194
14367,-0.06414796
14368,-0.0654297
14369,-0.07342528
14370,-0.06753541
14371,-0.06402587
14372,-0.043609627
14373,-0.030426007
14374,-0.0030212477
14375,-0.0036010817
14376,0.02261351
14377,0.015716543
14378,0.032562234
14379,0.053283684
14380,0.053161606
14381,0.073089585
14382,0.071197525
14383,0.078063965
14384,0.07525635
14385,0.07110594
14386,0.07598877
14387,0.06362915
14388,0.06185913
14389,0.054656982
14390,0.03298951
14391,0.0104065025
14392,-0.0060424805
14393,-0.02163694
14394,-0.02819825
14395,-0.03173829
14396,-0.036529556
14397,-0.037231438
14398,-0.051361088
14399,-0.04818727
14400,-0.060943604
14401,-0.063446045
14402,-0.043701194
14403,-0.035095222
14404,-0.01834108
14405,-0.015899662
14406,-0.0032958994
14407,0.0063781748
14408,0.0161438
14409,0.027954102
14410,0.029663086
14411,0.036865234
14412,0.033050545
14413,0.02276611
14414,0.028991707
14415,0.021087646
14416,0.018188475
14417,0.025329582
14418,0.013885494
14419,0.024383543
14420,-0.0016174186
14421,0.011047356
14422,0.014556898
14423,0.009155279
14424,0.018402096
14425,0.0126648005
14426,0.024536112
14427,0.024414055
14428,0.032806408
14429,0.033355728
14430,0.029968262
14431,0.03585816
14432,0.023071289
14433,0.013244625
14434,0.014495854
14435,0.003234854
14436,-0.0067443857
14437,-0.017150883
14438,-0.016082762
14439,-0.029266361
14440,-0.029296868
14441,-0.03833007
14442,-0.04727173
14443,-0.038177475
14444,-0.035034172
14445,-0.04119873
14446,-0.029022213
14447,-0.02603149
14448,-0.029876713
14449,-0.00527954
14450,-0.005523674
14451,-0.0040893434
14452,0.01171875
14453,0.012786876
14454,0.017272947
14455,0.0120849665
14456,0.016845707
14457,-0.00076294784
14458,-0.0109558115
14459,-0.010498052
14460,-0.015411372
14461,-0.023010258
14462,-0.019287104
14463,-0.025176998
14464,-0.022491459
14465,-0.029083243
14466,-0.044281
14467,-0.04550171
14468,-0.051727287
14469,-0.033538815
14470,-0.03894043
14471,-0.030853268
14472,-0.027801514
14473,-0.024261467
14474,-0.009704592
14475,-0.0078124977
14476,0.0038146982
14477,0.005950927
14478,0.00079345703
14479,0.0015869103
14480,-0.0029907208
14481,0.009521475
14482,0.006469729
14483,0.014587402
14484,0.014709476
14485,0.014495848
14486,0.019409182
14487,0.004394537
14488,-0.0074157696
14489,-0.008544924
14490,-0.0067138616
14491,0.0010070833
14492,0.014099127
14493,-0.005310057
14494,0.0064086933
14495,0.007720952
14496,-0.0057373047
14497,0.00094604446
14498,-0.015930176
14499,-0.016906742
14500,-0.014587401
14501,-0.004486086
14502,-0.0023498544
14503,-0.00079346076
14504,0.0027160626
14505,-0.0004577618
14506,-0.0041503944
14507,-0.0032348651
14508,-0.003479004
14509,-0.0052185003
14510,-0.009796141
14511,-0.010314941
14512,0.001373292
14513,-0.009307861
14514,-0.0021362267
14515,-0.011444086
14516,0.003692628
14517,-0.0028076172
14518,-0.00881958
14519,-0.0024108868
14520,-0.014739991
14521,-0.0092163095
14522,-0.0018920898
14523,0.0064392076
14524,0.00616455
14525,-0.0009765597
14526,0.0076904297
14527,-0.0056152325
14528,-0.0042419434
14529,0.0060424814
14530,-0.0064697266
14531,0.013488771
14532,0.010131836
14533,0.0044250493
14534,0.024414064
14535,0.006317139
14536,0.005279542
14537,0.009979247
14538,0.006011961
14539,0.008392332
14540,0.002441404
14541,0.0012817401
14542,0.00994873
14543,0.0012512219
14544,0.0054321266
14545,-0.0033874502
14546,-0.008300782
14547,-0.017547607
14548,-0.019714355
14549,-0.021820068
14550,-0.023803711
14551,-0.018981934
14552,-0.023712162
14553,-0.016723633
14554,-0.0043640127
14555,0.0037536607
14556,-0.0024108877
14557,0.0011291523
14558,-0.0008239758
14559,0.0055541983
14560,0.00061035145
14561,0.013610838
14562,0.01159668
14563,0.0051269517
14564,0.02017212
14565,0.014526367
14566,0.015350341
14567,0.021331789
14568,0.02355957
14569,0.019805908
14570,0.024627686
14571,0.030273438
14572,0.025482176
14573,0.025115967
14574,0.025604248
14575,0.023803711
14576,0.032104492
14577,0.03692627
14578,0.012115477
14579,0.0166626
14580,0.0069885254
14581,0.005401613
14582,0.004364012
14583,-0.0038146954
14584,0.0032043457
14585,-0.007385254
14586,-0.0032653809
14587,-0.004547119
14588,-0.008636478
14589,-0.0041503906
14590,-0.008483887
14591,0.003570564
14592,0.0058898926
14593,0.010803215
14594,0.020324707
14595,0.008544918
14596,0.015563965
14597,0.0138549805
14598,0.02038574
14599,0.021240233
14600,0.007904051
14601,0.014221193
14602,0.014526367
14603,0.017974854
14604,0.018310545
14605,0.015899656
14606,0.019897461
14607,0.025573732
14608,0.020812988
14609,0.019256592
14610,0.016357427
14611,0.0010070777
14612,-0.0056457515
14613,-0.0050964383
14614,-0.01211548
14615,-0.0086364765
14616,-0.013031008
14617,-0.014556886
14618,-0.016357424
14619,-0.022857666
14620,-0.008392335
14621,-0.010437012
14622,-0.016937256
14623,-0.008453372
14624,-0.005126952
14625,-0.0020446777
14626,-0.0017395032
14627,0.008331296
14628,0.016815186
14629,0.018890379
14630,0.021759033
14631,0.019470215
14632,0.023803717
14633,0.022583008
14634,0.015594481
14635,0.015899654
14636,0.013397216
14637,0.015228271
14638,0.0037841797
14639,0.010040285
14640,0.008880614
14641,0.00036621047
14642,0.0007629418
14643,-0.00033569452
14644,-0.0075073224
14645,-0.005737303
14646,-0.013916016
14647,-0.014801024
14648,-0.022399904
14649,-0.024597168
14650,-0.024383547
14651,-0.03491211
14652,-0.030944824
14653,-0.029022217
14654,-0.032867435
14655,-0.017578125
14656,-0.01815796
14657,-0.014892573
14658,-0.00869751
14659,-0.008270271
14660,0.0009155292
14661,-0.0009460468
14662,0.003631588
14663,0.0112304725
14664,-0.0001831092
14665,0.0050964337
14666,0.00793457
14667,0.0019226056
14668,0.005401619
14669,-0.0039062463
14670,0.0036315955
14671,-0.0039978027
14672,-0.008361816
14673,-0.008850098
14674,-0.018157959
14675,-0.012054443
14676,-0.021087654
14677,-0.023132324
14678,-0.021636967
14679,-0.02725219
14680,-0.035095215
14681,-0.038940437
14682,-0.0340271
14683,-0.041290283
14684,-0.045715332
14685,-0.043640144
14686,-0.03479004
14687,-0.03555298
14688,-0.03317261
14689,-0.021697996
14690,-0.014953619
14691,-0.019348145
14692,-0.011779788
14693,0.0007629404
14694,0.0002746582
14695,0.0065612774
14696,0.0006408682
14697,-0.0026855469
14698,-0.006011961
14699,-0.00970459
14700,0.0028076188
14701,0.009796139
14702,0.011505127
14703,0.022430416
14704,0.018920891
14705,0.02056884
14706,0.021972653
14707,0.016021721
14708,0.008422842
14709,0.0003662128
14710,-0.0057373084
14711,-0.023895264
14712,-0.0345459
14713,-0.038940422
14714,-0.061431892
14715,-0.06573488
14716,-0.07049559
14717,-0.07739257
14718,-0.07272339
14719,-0.070892334
14720,-0.063415535
14721,-0.051116943
14722,-0.044494636
14723,-0.033508293
14724,-0.027252201
14725,-0.0159912
14726,-0.012725823
14727,-0.002349848
14728,0.019500732
14729,0.021118172
14730,0.018768312
14731,0.025726318
14732,0.03564453
14733,0.036712643
14734,0.036285408
14735,0.05441284
14736,0.060668953
14737,0.049652103
14738,0.061370846
14739,0.062225334
14740,0.06640625
14741,0.07476807
14742,0.07485963
14743,0.07489014
14744,0.07540894
14745,0.064727776
14746,0.052642822
14747,0.048461914
14748,0.038208008
14749,0.0300293
14750,0.024871826
14751,0.017425545
14752,0.019775392
14753,0.0121154785
14754,0.02157593
14755,0.025054924
14756,0.02755738
14757,0.029022217
14758,0.038604748
14759,0.04214478
14760,0.04562377
14761,0.05480957
14762,0.05038452
14763,0.050994873
14764,0.048675545
14765,0.046661377
14766,0.060638435
14767,0.063232414
14768,0.074157715
14769,0.0783081
14770,0.08721923
14771,0.08535766
14772,0.06613159
14773,0.07162475
14774,0.060577385
14775,0.050750736
14776,0.03543091
14777,0.019348146
14778,0.0028686468
14779,-0.016632078
14780,-0.039062507
14781,-0.05081178
14782,-0.06353758
14783,-0.07678221
14784,-0.08520508
14785,-0.103637695
14786,-0.10302736
14787,-0.10144043
14788,-0.093505874
14789,-0.066925034
14790,-0.04324342
14791,-0.025573729
14792,-0.005249025
14793,0.003265372
14794,0.017883297
14795,0.021118157
14796,0.022705067
14797,0.026123047
14798,0.017364502
14799,0.0062866323
14800,-0.0038757361
14801,-0.009948727
14802,-0.025268558
14803,-0.037323017
14804,-0.04064941
14805,-0.048522934
14806,-0.049346924
14807,-0.050994862
14808,-0.04742434
14809,-0.046508793
14810,-0.05493166
14811,-0.049896233
14812,-0.05505372
14813,-0.060058586
14814,-0.059173577
14815,-0.064971924
14816,-0.058807373
14817,-0.061279297
14818,-0.05523681
14819,-0.05456543
14820,-0.046844482
14821,-0.046203613
14822,-0.0361023
14823,-0.030517582
14824,-0.023071293
14825,-0.012908928
14826,-0.0020446773
14827,0.0009460375
14828,0.014038086
14829,0.020599365
14830,0.019042976
14831,0.021850588
14832,0.017089853
14833,0.002532958
14834,-0.0076599093
14835,-0.012634281
14836,-0.022460938
14837,-0.02804565
14838,-0.03219604
14839,-0.0335083
14840,-0.032867424
14841,-0.033050533
14842,-0.026855469
14843,-0.025421144
14844,-0.025360107
14845,-0.015899662
14846,-0.018218998
14847,-0.009063716
14848,-0.0056457473
14849,0.00119018
14850,0.0051879864
14851,0.0058898907
14852,0.006408699
14853,0.0043029785
14854,0.0010986403
14855,-0.015197754
14856,-0.0023498498
14857,-0.014251711
14858,-0.013702396
14859,-0.005432127
14860,-0.0016479464
14861,-0.0024108887
14862,0.0071716383
14863,0.011962891
14864,0.017486572
14865,0.026214607
14866,0.028686523
14867,0.041168213
14868,0.048950203
14869,0.053527832
14870,0.059478752
14871,0.06817627
14872,0.06750488
14873,0.06500245
14874,0.0750122
14875,0.060485836
14876,0.04922485
14877,0.04235839
14878,0.03698731
14879,0.019866941
14880,0.010009766
14881,0.007995606
14882,0.003356936
14883,0.0028381343
14884,0.0069580134
14885,0.00817871
14886,0.014129641
14887,0.025024423
14888,0.03274536
14889,0.039855957
14890,0.049652107
14891,0.05847168
14892,0.064514145
14893,0.06335449
14894,0.06994629
14895,0.067962654
14896,0.07238769
14897,0.061401367
14898,0.056427002
14899,0.05523681
14900,0.03900146
14901,0.031005858
14902,0.021209715
14903,0.015502926
14904,0.006652832
14905,0.010314939
14906,0.0048828116
14907,0.0057678223
14908,0.005279542
14909,0.0027465783
14910,-0.0017395038
14911,-0.0053100586
14912,-0.011627197
14913,-0.019897457
14914,-0.016021725
14915,-0.03341675
14916,-0.032196045
14917,-0.025390629
14918,-0.03259277
14919,-0.029510496
14920,-0.031066889
14921,-0.02664184
14922,-0.03527832
14923,-0.022521975
14924,-0.03048706
14925,-0.027160646
14926,-0.023529053
14927,-0.030944824
14928,-0.029998781
14929,-0.023742676
14930,-0.027435303
14931,-0.023681644
14932,-0.02545166
14933,-0.023529056
14934,-0.018981937
14935,-0.030426024
14936,-0.02502441
14937,-0.025848389
14938,-0.035186768
14939,-0.017456058
14940,-0.034149166
14941,-0.022735596
14942,-0.021911617
14943,-0.021972653
14944,-0.018615723
14945,-0.021636965
14946,-0.011260983
14947,-0.025939941
14948,-0.016876219
14949,-0.025054934
14950,-0.033050537
14951,-0.027893066
14952,-0.034942627
14953,-0.035400394
14954,-0.02810669
14955,-0.027160648
14956,-0.031585697
14957,-0.015899654
14958,-0.028747559
14959,-0.013580324
14960,-0.008758545
14961,-0.019744875
14962,-0.014892574
14963,-0.012390137
14964,-0.011138914
14965,-0.013854973
14966,-0.0077819843
14967,-0.019805899
14968,-0.0054016225
14969,-0.013427737
14970,-0.014038088
14971,0.0029907208
14972,-0.004974367
14973,0.0066528334
14974,0.011352541
14975,0.0044860793
14976,0.014404297
14977,0.011657714
14978,0.008758546
14979,0.01254273
14980,0.014007572
14981,0.014007565
14982,0.020843506
14983,0.018432613
14984,0.019897465
14985,0.023529055
14986,0.026275644
14987,0.025604248
14988,0.027954098
14989,0.027069088
14990,0.02420044
14991,0.03237915
14992,0.023803711
14993,0.026824951
14994,0.027832028
14995,0.020812988
14996,0.020172123
14997,0.014923094
14998,0.009918215
14999,0.0056762714
15000,0.008666992
15001,0.0025024433
15002,0.0069580097
15003,0.005126955
15004,0.003753664
15005,0.015502929
15006,0.01425171
15007,0.018127441
15008,0.024627687
15009,0.024414062
15010,0.02130127
15011,0.029998774
15012,0.025909431
15013,0.027770996
15014,0.024993896
15015,0.022277832
15016,0.016571045
15017,0.0067749014
15018,0.0061645503
15019,0.0051574707
15020,0.005523681
15021,0.0015869145
15022,-0.0015869136
15023,-0.0019531208
15024,-0.014373782
15025,-0.0130004855
15026,-0.010131837
15027,-0.022705076
15028,-0.018829346
15029,-0.016723631
15030,-0.024841312
15031,-0.022979729
15032,-0.018554684
15033,-0.015228266
15034,-0.010284431
15035,-0.016357422
15036,-0.006286623
15037,-0.0050048837
15038,-0.0014038086
15039,0.009216309
15040,0.012329102
15041,0.013946534
15042,0.026062012
15043,0.01449585
15044,0.009735107
15045,0.015441895
15046,-0.0028991736
15047,0.0040283212
15048,0.006225583
15049,-0.006591793
15050,-0.012573242
15051,-0.011108398
15052,-0.020568851
15053,-0.029907217
15054,-0.02331543
15055,-0.017639153
15056,-0.030181898
15057,-0.020629883
15058,-0.0201416
15059,-0.021240233
15060,-0.013916014
15061,-0.013671875
15062,-0.016601562
15063,-0.018463135
15064,-0.0154418945
15065,-0.026397701
15066,-0.01889038
15067,-0.01870728
15068,-0.0116271945
15069,-0.008392334
15070,-0.010192868
15071,0.0047607403
15072,-0.0012207017
15073,-0.00064086914
15074,-0.0040283184
15075,-0.0070495643
15076,-0.006530761
15077,-0.0039367685
15078,-0.00711059
15079,0.003540039
15080,0.00018310733
15081,0.0020751953
15082,-0.0045165997
15083,-0.0080566425
15084,-0.013092039
15085,-0.019744873
15086,-0.015594481
15087,-0.017547606
15088,-0.01312256
15089,-0.0073242174
15090,-0.011108398
15091,-0.003997801
15092,-0.014434813
15093,-0.012268068
15094,-0.005737304
15095,-0.01928711
15096,-0.014465332
15097,-0.01126099
15098,-0.015563967
15099,-0.013458255
15100,-0.011688229
15101,-0.013275145
15102,-0.007873535
15103,-0.010345459
15104,-0.0062255873
15105,0.0004577617
15106,0.007965087
15107,0.010009766
15108,0.012969972
15109,0.024383545
15110,0.022918703
15111,0.020874023
15112,0.019927975
15113,0.012786864
15114,0.019165037
15115,0.011718749
15116,0.013031006
15117,0.009674073
15118,0.021362307
15119,0.024291992
15120,0.015747072
15121,0.023437494
15122,0.019287113
15123,0.014251711
15124,0.023376465
15125,0.015197758
15126,0.016906738
15127,0.0118408175
15128,0.0108032245
15129,0.017944334
15130,0.005096436
15131,0.0063171387
15132,0.009063722
15133,-0.0011596717
15134,0.0138549805
15135,0.011871338
15136,0.012298586
15137,0.023834227
15138,0.013275148
15139,0.021392822
15140,0.029235838
15141,0.026123045
15142,0.028411865
15143,0.028350826
15144,0.02905274
15145,0.033081055
15146,0.020507816
15147,0.02975464
15148,0.019470219
15149,0.013061522
15150,0.0056152362
15151,0.00363159
15152,0.0043029804
15153,-0.0010986314
15154,0.0025634752
15155,0.0034484854
15156,0.0101623535
15157,0.009307861
15158,0.0022583008
15159,0.0024719257
15160,0.005065917
15161,0.0019226065
15162,-0.009887694
15163,-0.0042724605
15164,-0.009918212
15165,-0.011444091
15166,-0.008605953
15167,-0.007476809
15168,-0.021759031
15169,-0.010894777
15170,-0.0040283194
15171,-0.008483887
15172,0.0005798349
15173,-0.0014648438
15174,0.0066833515
15175,0.014312742
15176,0.011962892
15177,0.01638794
15178,0.0033874493
15179,0.0047607413
15180,-3.051944e-05
15181,-0.0009765618
15182,0.0023803704
15183,-0.004577637
15184,-0.0012817383
15185,-0.010162354
15186,-0.0014953627
15187,-0.0076599135
15188,-0.008483887
15189,-0.009979248
15190,-0.01107788
15191,-0.020355226
15192,-0.0058898926
15193,3.0519324e-05
15194,-0.004638673
15195,0.0029296884
15196,-0.0021057138
15197,0.0010070773
15198,-0.0035705557
15199,-0.013031005
15200,-0.011962891
15201,-0.019317627
15202,-0.020111084
15203,-0.018157959
15204,-0.020965576
15205,-0.0134887695
15206,-0.0035400405
15207,-0.0063781757
15208,-6.103539e-05
15209,-0.0011901874
15210,-0.0025939946
15211,0.0038757324
15212,-0.00064086774
15213,-0.0012207031
15214,-0.0014343252
15215,0.00088500977
15216,-0.0055236807
15217,-0.002532959
15218,-0.002960205
15219,-0.0032958984
15220,-0.002960205
15221,-0.008880619
15222,-0.00030517578
15223,-0.009613036
15224,-0.006591793
15225,-0.012542723
15226,-0.011199951
15227,-0.005340576
15228,-0.009307861
15229,-0.0043640127
15230,-0.008728026
15231,-0.0058898907
15232,-0.0059814434
15233,-0.009918214
15234,-0.011962893
15235,-0.0105285635
15236,-0.016204836
15237,-0.024475096
15238,-0.017974852
15239,-0.020690922
15240,-0.021087646
15241,-0.012023924
15242,-0.00881958
15243,-0.0047912616
15244,-0.0064086914
15245,-0.004028321
15246,-0.0060730004
15247,-0.003692627
15248,-0.0010375986
15249,-0.0011596661
15250,-0.0027160635
15251,-0.0023498535
15252,0.00021362491
15253,-0.0038452111
15254,0.0031738281
15255,-0.0067749023
15256,0.0092163095
15257,0.0062866174
15258,0.0019531231
15259,-0.0065307617
15260,-0.0051574707
15261,-0.006134035
15262,-0.0069274902
15263,-0.014373779
15264,-0.013305662
15265,-0.0050964355
15266,-0.018859863
15267,-0.0030212402
15268,-0.017059328
15269,-0.008666991
15270,-0.009094239
15271,-0.01733398
15272,-0.005401613
15273,-0.010437012
15274,-0.009429932
15275,-0.0114746075
15276,-0.00930786
15277,-0.003875733
15278,0.009765625
15279,0.006683351
15280,0.014038087
15281,0.010681152
15282,0.008026125
15283,0.012359623
15284,0.012420654
15285,0.010864259
15286,0.011962889
15287,0.017120361
15288,0.01828003
15289,0.020904541
15290,0.03076172
15291,0.022094727
15292,0.021057129
15293,0.024353025
15294,0.011657716
15295,0.022247314
15296,0.010284422
15297,0.008850097
15298,0.0066833496
15299,0.010223387
15300,0.0042419424
15301,0.003967288
15302,0.0039672856
15303,0.0067138653
15304,0.006683349
15305,0.008514406
15306,0.0013732929
15307,0.013000489
15308,0.012969968
15309,0.01046753
15310,0.0139160175
15311,0.0011596661
15312,0.02044678
15313,0.016479492
15314,0.0064086914
15315,0.01824951
15316,0.015594488
15317,0.012420652
15318,0.020355225
15319,0.014465333
15320,0.024291992
15321,0.011749268
15322,0.014862062
15323,0.007232664
15324,0.0012512188
15325,0.008758545
15326,-0.005187994
15327,-0.0019226186
15328,-0.015777584
15329,-0.01947021
15330,-0.018737797
15331,-0.033142097
15332,-0.028991692
15333,-0.03353881
15334,-0.036041252
15335,-0.03265381
15336,-0.039520267
15337,-0.03552247
15338,-0.021331795
15339,-0.012298586
15340,-0.0058593713
15341,0.003753664
15342,0.023345947
15343,0.034973152
15344,0.05175781
15345,0.062194828
15346,0.07369994
15347,0.07263185
15348,0.07461548
15349,0.06472779
15350,0.06460571
15351,0.054107666
15352,0.037689213
15353,0.028869634
15354,0.020965574
15355,0.011474606
15356,-0.00735474
15357,-0.024749748
15358,-0.033355713
15359,-0.046264656
15360,-0.06521607
15361,-0.06100464
15362,-0.06814575
15363,-0.072143555
15364,-0.10552977
15365,-0.11605834
15366,-0.091766365
15367,-0.07510376
15368,-0.05819702
15369,-0.05230713
15370,-0.042083744
15371,-0.01901245
15372,-0.0038757361
15373,0.020111084
15374,0.041168228
15375,0.049804702
15376,0.060241707
15377,0.06649781
15378,0.07275391
15379,0.06375121
15380,0.064086914
15381,0.065795906
15382,0.042480476
15383,0.046142578
15384,0.04336548
15385,0.03366089
15386,0.04360962
15387,0.04312133
15388,0.019042976
15389,0.011322007
15390,-0.007873524
15391,-0.008697502
15392,-0.025115963
15393,-0.033477787
15394,-0.03689575
15395,-0.054382328
15396,-0.04675293
15397,-0.04757692
15398,-0.045593254
15399,-0.04159545
15400,-0.02468872
15401,-0.02001952
15402,0.0040893517
15403,0.009765629
15404,0.020477287
15405,0.029724116
15406,0.023712158
15407,0.030853271
15408,0.047943115
15409,0.06085206
15410,0.04626465
15411,0.04571534
15412,0.040191643
15413,0.036834724
15414,0.0262146
15415,0.01708984
15416,0.011260986
15417,-0.010528557
15418,-0.027496357
15419,-0.03381349
15420,-0.05404662
15421,-0.062133793
15422,-0.07705688
15423,-0.09201049
15424,-0.08255005
15425,-0.102417015
15426,-0.09805299
15427,-0.08444214
15428,-0.08807373
15429,-0.07739258
15430,-0.102691635
15431,-0.10894773
15432,-0.082275406
15433,-0.061523415
15434,-0.034545917
15435,-0.024993885
15436,-0.012146004
15437,0.009063726
15438,0.0146484375
15439,0.032867435
15440,0.035430923
15441,0.032440208
15442,0.021881102
15443,0.0152587965
15444,-0.013244633
15445,-0.022766119
15446,-0.043731697
15447,-0.0614319
15448,-0.06802369
15449,-0.07434082
15450,-0.062377937
15451,-0.05911255
15452,-0.08975218
15453,-0.106781
15454,-0.06600953
15455,-0.054199226
15456,-0.04147339
15457,-0.025390618
15458,-0.016021725
15459,0.0024108943
15460,0.013000496
15461,0.035827633
15462,0.05105593
15463,0.063629165
15464,0.075164795
15465,0.08477785
15466,0.09152221
15467,0.09777832
15468,0.08865356
15469,0.09152223
15470,0.098236084
15471,0.0897522
15472,0.09054565
15473,0.099761955
15474,0.10949707
15475,0.112091064
15476,0.10559082
15477,0.092987046
15478,0.08636476
15479,0.07995607
15480,0.09231568
15481,0.07800293
15482,0.083343506
15483,0.0774536
15484,0.07385254
15485,0.08422849
15486,0.084869385
15487,0.08547974
15488,0.089263916
15489,0.09179688
15490,0.0871582
15491,0.0805359
15492,0.07772827
15493,0.053527825
15494,0.033935547
15495,0.015228275
15496,0.011138909
15497,0.012115471
15498,-0.025878891
15499,-0.048767082
15500,-0.049499515
15501,-0.0552063
15502,-0.052032467
15503,-0.05017089
15504,-0.050079346
15505,-0.048309326
15506,-0.044128433
15507,-0.03497314
15508,-0.030883787
15509,-0.020996105
15510,-0.010955811
15511,-0.0028991718
15512,0.010589611
15513,0.008056641
15514,0.01019288
15515,0.00082397833
15516,-0.00869751
15517,-0.017456053
15518,-0.022003181
15519,-0.016815191
15520,-0.053497307
15521,-0.06942749
15522,-0.06817626
15523,-0.067779556
15524,-0.08300781
15525,-0.086822525
15526,-0.099090576
15527,-0.10638429
15528,-0.1011963
15529,-0.11019896
15530,-0.09820558
15531,-0.08932495
15532,-0.06610108
15533,-0.04589844
15534,-0.033020012
15535,-0.007659914
15536,0.0061035194
15537,0.02316284
15538,0.029205324
15539,0.041900627
15540,0.06335449
15541,0.06524658
15542,0.06323242
15543,0.059326172
15544,0.055816654
15545,0.04260253
15546,0.050811764
15547,0.024230942
15548,0.017089851
15549,0.0066833505
15550,-0.013275143
15551,-0.012481695
15552,-0.024627699
15553,-0.02542114
15554,-0.014099127
15555,-0.011810303
15556,-0.014312737
15557,-0.0034179743
15558,0.009735113
15559,0.008819582
15560,0.017517092
15561,0.023529053
15562,0.025176996
15563,0.028900146
15564,0.03256225
15565,0.039215107
15566,0.034515366
15567,0.018768318
15568,0.033447254
15569,0.01852417
15570,0.018402113
15571,0.019683847
15572,0.0077819824
15573,0.010253901
15574,-0.003997801
15575,0.0001831036
15576,-0.018554688
15577,-0.020599369
15578,-0.03118896
15579,-0.038208015
15580,-0.04434204
15581,-0.055633545
15582,-0.05029297
15583,-0.05725097
15584,-0.06332398
15585,-0.049652107
15586,-0.054901123
15587,-0.04974364
15588,-0.052764907
15589,-0.051818833
15590,-0.05630493
15591,-0.057067864
15592,-0.04803466
15593,-0.048980713
15594,-0.04232788
15595,-0.03738402
15596,-0.03445434
15597,-0.01358033
15598,-0.023071304
15599,-0.018798836
15600,-0.0023803636
15601,-0.011077885
15602,-0.010009762
15603,-0.0061340258
15604,-0.01028442
15605,-0.006958008
15606,-0.0025634803
15607,-0.0006408617
15608,0.0013427846
15609,0.0010070726
15610,-0.0054931715
15611,-0.0028991662
15612,-0.00045775995
15613,-0.007995607
15614,-0.0037841816
15615,-0.008789073
15616,0.0026550293
15617,0.0012817439
15618,0.012176512
15619,0.008117684
15620,0.002777096
15621,0.015625002
15622,0.015869137
15623,0.0064697308
15624,0.011444094
15625,-0.022857668
15626,-0.009521487
15627,0.02005005
15628,-0.012176504
15629,0.017242432
15630,-0.016296392
15631,-0.008667007
15632,-0.016540507
15633,0.013366688
15634,-0.008697508
15635,0.01031494
15636,-0.0055847242
15637,0.007629391
15638,0.014373779
15639,0.0022888035
15640,0.02505493
15641,0.011352543
15642,-0.006347645
15643,0.012420658
15644,-0.0022583157
15645,-0.00018310547
15646,0.03302002
15647,-0.0064086877
15648,0.012237549
15649,0.0055236835
15650,0.0012512282
15651,0.004241945
15652,0.025848394
15653,0.023834212
15654,0.029052736
15655,0.014251701
15656,0.032592777
15657,0.033081055
15658,0.03695678
15659,0.058746345
15660,0.026489258
15661,0.053314205
15662,0.05062866
15663,0.04833983
15664,0.071136475
15665,0.044219963
15666,0.059112556
15667,0.06604003
15668,0.03302002
15669,0.08355714
15670,0.05310059
15671,0.037841793
15672,0.063110344
15673,0.030517586
15674,0.057708755
15675,0.052642807
15676,0.03894042
15677,0.033599854
15678,0.031555176
15679,0.032348633
15680,0.037017822
15681,0.02465821
15682,0.037994385
15683,0.039031975
15684,0.03598022
15685,0.022735585
15686,0.040832505
15687,0.030151362
15688,0.041015636
15689,0.03775024
15690,0.01034546
15691,0.021881115
15692,0.01806641
15693,0.029693602
15694,0.016845705
15695,0.0239563
15696,-0.012603752
15697,-0.0052185133
15698,-0.021240227
15699,0.014282223
15700,-0.019165039
15701,-0.015899658
15702,-0.033447266
15703,-0.04586792
15704,-0.015930165
15705,-0.043029793
15706,-0.018157957
15707,-0.034179688
15708,-0.058593743
15709,-0.029174805
15710,-0.050903328
15711,-0.05480957
15712,-0.020660402
15713,-0.094238274
15714,-0.04888916
15715,-0.022949222
15716,-0.06939696
15717,-0.020751955
15718,-0.062408462
15719,-0.044311523
15720,-0.040344227
15721,-0.010009767
15722,-0.027923582
15723,-0.021575928
15724,-0.039306644
15725,-0.020050054
15726,-0.026184088
15727,-0.035339363
15728,-0.01019287
15729,-0.012756344
15730,-0.02679442
15731,-0.02502441
15732,-0.04153444
15733,-0.030364988
15734,-0.0062255883
15735,-0.04107666
15736,-0.018920902
15737,-0.027770996
15738,-0.025756838
15739,-0.018768312
15740,-0.0024719257
15741,0.00030517578
15742,0.012969966
15743,-0.0068969727
15744,0.018371582
15745,0.013977053
15746,0.020629892
15747,0.03948975
15748,0.005371088
15749,0.031585705
15750,0.020568848
15751,0.023681644
15752,0.042877205
15753,0.019714361
15754,0.022949224
15755,0.024017341
15756,0.006164551
15757,0.028930657
15758,0.0047302246
15759,-0.014617922
15760,0.0067443755
15761,-0.020172123
15762,-0.009826658
15763,-0.019104002
15764,-0.025543204
15765,-0.0426941
15766,-0.04080201
15767,-0.030334475
15768,-0.025146483
15769,-0.028961178
15770,-0.032745354
15771,-0.029571537
15772,-0.036651604
15773,-0.032104485
15774,-0.025817873
15775,-0.020416256
15776,-0.016143799
15777,-0.019836426
15778,-0.02444458
15779,0.011383048
15780,-0.012268068
15781,-0.030792236
15782,-0.003387454
15783,-0.039917
15784,-0.020843506
15785,-0.037109375
15786,-0.036376946
15787,-0.049194347
15788,-0.0506897
15789,-0.03704834
15790,-0.028411865
15791,-0.040069573
15792,-0.034912102
15793,-0.038269047
15794,-0.04888916
15795,-0.039916992
15796,-0.037811287
15797,-0.040161133
15798,-0.025482176
15799,-0.026519775
15800,-0.035827637
15801,0.014312741
15802,-0.0061035147
15803,-0.011047365
15804,0.014373774
15805,-0.005310062
15806,0.017608648
15807,0.018951416
15808,0.01629638
15809,1.8626451e-09
15810,0.019042969
15811,0.007446289
15812,0.023895273
15813,0.013549811
15814,0.017761223
15815,0.024749767
15816,0.0048217764
15817,0.010650633
15818,0.018341059
15819,0.011047363
15820,0.019134529
15821,0.02822876
15822,0.009735107
15823,0.034271237
15824,0.034362793
15825,0.03427124
15826,0.042297356
15827,0.04663086
15828,0.04592896
15829,0.05596924
15830,0.055267334
15831,0.053375244
15832,0.061401367
15833,0.049957275
15834,0.05792237
15835,0.047729492
15836,0.052429195
15837,0.05459596
15838,0.04168701
15839,0.03918457
15840,0.03384399
15841,0.04486084
15842,0.037017826
15843,0.037750244
15844,0.041625977
15845,0.023345945
15846,0.034423828
15847,0.02670288
15848,0.022857668
15849,0.020507812
15850,0.022094727
15851,0.009735109
15852,0.018737791
15853,0.018188477
15854,0.015197755
15855,0.015991205
15856,0.013153074
15857,0.00820923
15858,0.017150875
15859,0.016418453
15860,0.019836426
15861,0.018127443
15862,0.018127441
15863,0.024383545
15864,0.018554688
15865,0.020111084
15866,0.021453857
15867,0.020935062
15868,0.016571041
15869,0.022552492
15870,0.011749269
15871,0.01211548
15872,0.009613036
15873,-0.00704956
15874,-0.0010376032
15875,-0.004058836
15876,-0.0027770996
15877,-0.006591797
15878,-0.011138916
15879,-0.011932373
15880,-0.009826666
15881,-0.014099129
15882,-0.019042969
15883,-0.018310547
15884,-0.016448975
15885,-0.031555176
15886,-0.028411865
15887,-0.031677246
15888,-0.036743164
15889,-0.03390503
15890,-0.028228762
15891,-0.034332275
15892,-0.034179688
15893,-0.020050047
15894,-0.03024292
15895,-0.0206604
15896,-0.02410889
15897,-0.021362308
15898,-0.013519289
15899,-0.016174316
15900,-0.01940918
15901,-0.007995604
15902,-0.012145995
15903,-0.013916019
15904,-0.013214111
15905,-0.0040588398
15906,-0.011199951
15907,-0.008636475
15908,-0.007507324
15909,-0.015014648
15910,-0.010253904
15911,-0.017395021
15912,-0.010070799
15913,-0.022583006
15914,-0.014770506
15915,-0.014984131
15916,-0.013793946
15917,-0.006072998
15918,-0.010864256
15919,-0.008819578
15920,-0.004028323
15921,-0.0063781766
15922,-0.008880617
15923,-0.0014343234
15924,-0.004516604
15925,-0.0062561063
15926,-0.0020446768
15927,0.0025634756
15928,-3.051944e-05
15929,-0.0016174323
15930,0.0038452125
15931,-0.00088500977
15932,0.0024719248
15933,0.0078124986
15934,0.0006103553
15935,0.005706789
15936,0.006652832
15937,-0.002471922
15938,0.004913329
15939,0.0035705548
15940,0.0001831092
15941,0.002166749
15942,0.0014648419
15943,-0.003387453
15944,-0.0044555664
15945,-0.0025634766
15946,-0.010192871
15947,-0.006927492
15948,-0.008300781
15949,-0.013183592
15950,-0.005706787
15951,-0.012237549
15952,-0.013641356
15953,-0.0022277832
15954,-0.009735109
15955,0.007507328
15956,-0.0065002423
15957,0.0105896015
15958,0.0047607385
15959,-0.0058898944
15960,0.0029602041
15961,-0.004486086
15962,-0.0024414062
15963,0.005310056
15964,-0.0036621075
15965,-0.0021362286
15966,-0.008178711
15967,-0.005218504
15968,-0.008819578
15969,-0.014862062
15970,-0.012908934
15971,-0.016845703
15972,-0.019714355
15973,-0.014862062
15974,-0.020843506
15975,-0.013183592
15976,-0.016113281
15977,-0.022491453
15978,-0.011871338
15979,-0.023162842
15980,-0.011383056
15981,-0.017181396
15982,-0.0107421875
15983,-0.013336183
15984,-0.015319827
15985,0.0026855478
15986,-0.0196228
15987,-0.0058898907
15988,-6.103702e-05
15989,-0.004913331
15990,0.005340577
15991,0.0012512216
15992,0.002319336
15993,0.0033569317
15994,0.005371091
15995,0.0019836426
15996,0.010833737
15997,0.0036621077
15998,0.010528564
15999,-0.000976564
16000,0.010437012
16001,0.0009460446
16002,0.0066833496
16003,0.01364136
16004,0.0025329595
16005,0.012176516
16006,0.010009767
16007,0.0046081543
16008,0.0017089848
16009,0.0036926267
16010,0.012756348
16011,-0.0006103534
16012,0.008239747
16013,0.014923098
16014,0.009552001
16015,0.017486574
16016,0.023345944
16017,0.012817383
16018,0.02545166
16019,0.025360106
16020,0.019317625
16021,0.027770994
16022,0.026031496
16023,0.022918697
16024,0.017639156
16025,0.024871826
16026,0.021057129
16027,0.04574585
16028,0.057098396
16029,0.058776863
16030,0.06021118
16031,0.046417236
16032,0.028167725
16033,0.0001831092
16034,-0.012512203
16035,-0.020874023
16036,-0.03976442
16037,-0.04788208
16038,-0.056915298
16039,-0.061492927
16040,-0.0809326
16041,-0.078247085
16042,-0.08834839
16043,-0.079650864
16044,-0.07263182
16045,-0.06677245
16046,-0.055908218
16047,-0.035858154
16048,-0.01501466
16049,0.002166748
16050,0.015960691
16051,0.033203125
16052,0.055023197
16053,0.07696534
16054,0.10745238
16055,0.11584471
16056,0.13528442
16057,0.1361084
16058,0.13494873
16059,0.14038086
16060,0.121063225
16061,0.12799071
16062,0.11462403
16063,0.102050796
16064,0.092559814
16065,0.06265259
16066,0.055603027
16067,0.028503418
16068,0.014007583
16069,0.00015258789
16070,-0.029174801
16071,-0.0522461
16072,-0.08236694
16073,-0.09848024
16074,-0.10723877
16075,-0.107849106
16076,-0.10247801
16077,-0.090515144
16078,-0.081695564
16079,-0.07186891
16080,-0.051208496
16081,-0.03591919
16082,-0.019989006
16083,-0.007385249
16084,0.028472891
16085,0.028350834
16086,0.04766846
16087,0.05654907
16088,0.05899048
16089,0.06402587
16090,0.06320191
16091,0.06692506
16092,0.05841066
16093,0.06515503
16094,0.074279785
16095,0.08032228
16096,0.06277467
16097,0.04421996
16098,0.013549797
16099,-0.016845688
16100,-0.033447266
16101,-0.05447388
16102,-0.06765747
16103,-0.08325197
16104,-0.09103394
16105,-0.105712906
16106,-0.11663818
16107,-0.12750246
16108,-0.13214111
16109,-0.1205139
16110,-0.12716675
16111,-0.109497055
16112,-0.10021974
16113,-0.08761597
16114,-0.053558365
16115,-0.013610835
16116,0.027191166
16117,0.06381227
16118,0.081146255
16119,0.07913209
16120,0.07513426
16121,0.069763176
16122,0.06359865
16123,0.048614502
16124,0.037689194
16125,0.021087646
16126,0.003967272
16127,-0.015411392
16128,-0.0529785
16129,-0.07339478
16130,-0.09109498
16131,-0.106475815
16132,-0.12084961
16133,-0.11962889
16134,-0.12136841
16135,-0.12625122
16136,-0.10644533
16137,-0.09811401
16138,-0.087127686
16139,-0.079834
16140,-0.053283684
16141,-0.038207985
16142,-0.010040281
16143,0.024505598
16144,0.030548101
16145,0.04544066
16146,0.06393432
16147,0.06594849
16148,0.074066155
16149,0.084381096
16150,0.07711793
16151,0.07748414
16152,0.073638916
16153,0.060058594
16154,0.051208496
16155,0.03619384
16156,0.025848413
16157,0.01080323
16158,-0.011840807
16159,-0.03283692
16160,-0.0522461
16161,-0.08221437
16162,-0.0805664
16163,-0.081085205
16164,-0.08529663
16165,-0.071258545
16166,-0.069580086
16167,-0.066528335
16168,-0.048156727
16169,-0.03723146
16170,-0.022827148
16171,-0.004882805
16172,0.01553344
16173,0.034820564
16174,0.045928963
16175,0.065582275
16176,0.06524658
16177,0.07925414
16178,0.08282471
16179,0.08209229
16180,0.07916261
16181,0.061798096
16182,0.04669189
16183,0.035034187
16184,0.027252195
16185,0.032531723
16186,0.03570556
16187,0.032897957
16188,0.03970336
16189,0.036743164
16190,0.03472902
16191,0.030914297
16192,0.034912117
16193,0.031311043
16194,0.039733883
16195,0.05090332
16196,0.04681397
16197,0.05419921
16198,0.044464104
16199,0.05230713
16200,0.04925537
16201,0.048980713
16202,0.033325195
16203,0.020416258
16204,0.0044555627
16205,-0.0120849665
16206,-0.020782474
16207,-0.01635742
16208,-0.013702387
16209,-0.017150877
16210,-0.012878425
16211,-0.0025634728
16212,-0.0048217745
16213,-0.0004882794
16214,0.008300794
16215,0.0107116755
16216,0.02459716
16217,0.030487062
16218,0.04302979
16219,0.043792717
16220,0.04464721
16221,0.054656982
16222,0.047973633
16223,0.05014038
16224,0.042633057
16225,0.035430912
16226,0.034210205
16227,0.020111082
16228,0.01330566
16229,0.0026855445
16230,-0.0068054134
16231,-0.018615717
16232,-0.026855476
16233,-0.031799316
16234,-0.039855957
16235,-0.038177487
16236,-0.040435784
16237,-0.037322994
16238,-0.03131104
16239,-0.032165527
16240,-0.019317623
16241,-0.013183595
16242,-0.0049438486
16243,0.0015869155
16244,-0.0007629441
16245,0.0068664537
16246,0.009368895
16247,0.002685551
16248,0.0087890625
16249,0.003845214
16250,0.003051756
16251,-0.0030212412
16252,-0.0019226065
16253,-0.002319336
16254,-0.0071105952
16255,-0.008239742
16256,-0.016784668
16257,-0.015472405
16258,-0.025817867
16259,-0.020965574
16260,-0.027770996
16261,-0.022735596
16262,-0.02923584
16263,-0.03213501
16264,-0.022583008
16265,-0.024627684
16266,-0.026397709
16267,-0.021514894
16268,-0.026458744
16269,-0.034118652
16270,-0.04168701
16271,-0.039581303
16272,-0.048919678
16273,-0.04724121
16274,-0.037719723
16275,-0.041229248
16276,-0.0385437
16277,-0.03237915
16278,-0.024200441
16279,-0.03320312
16280,-0.022216793
16281,-0.018585209
16282,-0.019897461
16283,-0.009490966
16284,-0.009490969
16285,-0.008300782
16286,-0.007293702
16287,-0.008575439
16288,0.00015258556
16289,0.0030517578
16290,-0.005065919
16291,0.0036010724
16292,-0.002105711
16293,-0.0055847173
16294,0.0016479492
16295,-0.004577638
16296,-0.00354004
16297,-0.009460449
16298,-0.009674072
16299,-0.005004882
16300,-0.0032348605
16301,-0.006774905
16302,0.0020751962
16303,-0.0039062514
16304,0.0028991704
16305,-0.006317137
16306,0.007110596
16307,0.008270264
16308,0.011016847
16309,0.009552003
16310,0.012390139
16311,0.013793947
16312,0.012298584
16313,0.021911621
16314,0.024902344
16315,0.023193358
16316,0.025604248
16317,0.024780273
16318,0.015502931
16319,0.023742676
16320,0.019500732
16321,0.017333986
16322,0.01501465
16323,0.01132202
16324,0.0063476562
16325,0.0031127967
16326,0.0049743652
16327,-0.0010375977
16328,-0.001159667
16329,0.0049743643
16330,0.0036315941
16331,-0.0020141597
16332,0.006774903
16333,-0.0070190425
16334,-0.0010070801
16335,-0.004638672
16336,-0.0019836454
16337,-0.0012817378
16338,-0.0071105952
16339,-0.0038452148
16340,-0.008911131
16341,0.005523682
16342,-0.0058593755
16343,-0.0036926274
16344,-0.0039672833
16345,-0.004943847
16346,-0.008728027
16347,-0.0066223126
16348,-0.0072326674
16349,-0.0019531227
16350,-0.0017089844
16351,-0.007812502
16352,-0.002807619
16353,0.006042479
16354,0.0048828092
16355,0.0074768066
16356,0.012817381
16357,0.009094237
16358,0.009643557
16359,0.008941651
16360,0.009582519
16361,0.007873533
16362,0.009551999
16363,0.009063721
16364,0.0053710933
16365,0.00039673038
16366,0.0020446796
16367,0.0035095224
16368,0.0042419415
16369,-0.0052490216
16370,-0.0006103497
16371,-0.0020446777
16372,-0.0005187988
16373,-0.0032348614
16374,-0.003753662
16375,0.0051879864
16376,-0.006652832
16377,-0.0014953613
16378,0.012512209
16379,0.0015258789
16380,0.010040287
16381,0.013916014
16382,0.01446533
16383,0.013458252
16384,0.018554688
16385,0.017089846
16386,0.020874023
16387,0.016754149
16388,0.023773193
16389,0.018341066
16390,0.018249514
16391,0.021118166
16392,0.008087158
16393,0.023376465
16394,0.0076904297
16395,0.01300049
16396,0.019012453
16397,0.006988526
16398,0.010253908
16399,0.006164551
16400,0.0013732933
16401,0.013671874
16402,0.0015563956
16403,0.007171631
16404,0.010620119
16405,0.010894775
16406,0.013458254
16407,0.011566164
16408,0.017822266
16409,0.015350344
16410,0.019836424
16411,0.016967772
16412,0.01516724
16413,0.018127443
16414,0.013336179
16415,0.017486576
16416,0.012329101
16417,0.014892575
16418,0.009643554
16419,0.002014162
16420,0.0041503888
16421,-0.00506592
16422,-0.008758547
16423,-0.0023803702
16424,-0.013519287
16425,-0.014495849
16426,-0.007843019
16427,-0.011749268
16428,-0.014862059
16429,-0.012390137
16430,-0.012359618
16431,-0.006744384
16432,-0.01449585
16433,-0.0015869122
16434,-0.004760745
16435,-0.0067749033
16436,0.0055541983
16437,-0.0075683584
16438,0.0015258794
16439,-0.0025024414
16440,-0.010345461
16441,-0.004425049
16442,-0.008880615
16443,-0.013092039
16444,-0.0049438486
16445,-0.01577759
16446,-0.011932373
16447,-0.015045168
16448,-0.020080566
16449,-0.0132751465
16450,-0.027923584
16451,-0.024139404
16452,-0.02114868
16453,-0.025756836
16454,-0.024383543
16455,-0.0241394
16456,-0.014373779
16457,-0.021118164
16458,-0.016082764
16459,-0.019348145
16460,-0.023529053
16461,-0.016052244
16462,-0.019744875
16463,-0.014709472
16464,-0.010040283
16465,-0.015319823
16466,-0.011138912
16467,-0.015167234
16468,-0.010620119
16469,-0.008911134
16470,-0.0108032245
16471,-0.009155273
16472,-0.0100097675
16473,-0.005279539
16474,-0.010681152
16475,-0.010406498
16476,-0.0064086914
16477,-0.0134277325
16478,-0.01132202
16479,-0.0021362305
16480,-0.013183596
16481,-0.007720949
16482,-0.0044250507
16483,-0.0073547345
16484,0.0014953623
16485,-0.0020141602
16486,-0.004760742
16487,-0.00018310733
16488,-0.0061950684
16489,-0.0025634766
16490,-0.0035095196
16491,-0.0027465792
16492,-0.002105713
16493,-0.002960207
16494,-6.1035156e-05
16495,-0.0011291504
16496,-0.008148194
16497,-0.0075683594
16498,-0.010864258
16499,-0.013153078
16500,-0.0146484375
16501,-0.012237551
16502,-0.01373291
16503,-0.020507812
16504,-0.011596682
16505,-0.020477295
16506,-0.019195555
16507,-0.021636963
16508,-0.028533937
16509,-0.023620607
16510,-0.018096924
16511,-0.017578125
16512,-0.015411375
16513,-0.004119873
16514,-0.009185789
16515,-0.00012207218
16516,0.004425049
16517,-0.0037231436
16518,0.010284422
16519,0.0053710947
16520,0.0074157696
16521,0.014770507
16522,0.020324707
16523,0.016326904
16524,0.015655518
16525,0.023742676
16526,0.017608643
16527,0.019165035
16528,0.011474608
16529,0.0055236826
16530,0.012298584
16531,0.004760745
16532,0.0030822763
16533,0.0064697275
16534,0.0010986319
16535,0.011077879
16536,0.0025634766
16537,0.004852294
16538,0.016662598
16539,0.005676271
16540,0.020324707
16541,0.02593994
16542,0.022521973
16543,0.026916504
16544,0.03149414
16545,0.035705566
16546,0.020874023
16547,0.03488159
16548,0.03540039
16549,0.029541016
16550,0.02807617
16551,0.03616333
16552,0.03894043
16553,0.036834717
16554,0.03656006
16555,0.03186035
16556,0.036987305
16557,0.02310181
16558,0.0284729
16559,0.021514893
16560,0.013824461
16561,0.024322512
16562,0.0049133296
16563,0.020111084
16564,0.0095825195
16565,0.006072995
16566,-0.0026245127
16567,0.0051269513
16568,0.0014343304
16569,-0.006347658
16570,-0.0035400381
16571,-0.007537839
16572,-0.015228273
16573,-0.006134037
16574,-0.012359619
16575,-0.014953615
16576,0.0016784687
16577,-0.010559084
16578,0.004608156
16579,-0.004333495
16580,-0.0050354004
16581,0.0027160626
16582,-0.0083618155
16583,0.0005493136
16584,-0.007965088
16585,-0.0044250484
16586,-0.0045471196
16587,-0.009124756
16588,-0.005523684
16589,-0.015808107
16590,0.0024108891
16591,-0.0061035133
16592,-0.0061035138
16593,-0.00039672758
16594,-0.004943846
16595,-0.007659913
16596,-0.010437013
16597,-0.013183593
16598,-0.009918212
16599,-0.010925293
16600,-0.006866455
16601,-0.0021057134
16602,-0.002471922
16603,0.0002441397
16604,0.01135254
16605,0.005645748
16606,0.015075685
16607,0.0126953125
16608,0.008331301
16609,0.018371582
16610,0.012329103
16611,0.0069274902
16612,0.013702392
16613,0.0045776377
16614,0.0044555645
16615,0.0035705566
16616,0.0068359394
16617,0.00039672898
16618,0.0014953613
16619,0.004852296
16620,-0.0038757322
16621,-0.0044250484
16622,-0.0161438
16623,-0.004638672
16624,-0.008361816
16625,-0.009429932
16626,-0.005859375
16627,-0.015228272
16628,-0.009460449
16629,-0.013214111
16630,-0.012969971
16631,-0.015350344
16632,-0.019348145
16633,-0.0062561035
16634,-0.016479492
16635,-0.014984132
16636,-0.020538328
16637,-0.013946534
16638,-0.018615725
16639,-0.008178709
16640,-0.0049743643
16641,-0.0062255887
16642,-0.003906249
16643,-0.0036010742
16644,-0.005767823
16645,-0.010559082
16646,-0.003082279
16647,-0.006958006
16648,-0.014068602
16649,-0.0059814434
16650,-0.0066833515
16651,-0.010650635
16652,0.0011901855
16653,-0.0077209454
16654,-0.003692627
16655,-0.0016784649
16656,-0.0038452148
16657,-0.0023498517
16658,-0.011901851
16659,-0.001892087
16660,-0.0019836444
16661,-0.00958252
16662,0.0012512207
16663,-0.006103516
16664,-0.0059814444
16665,-0.005920409
16666,-0.0047302246
16667,-0.014160156
16668,-0.013214112
16669,-0.019439697
16670,-0.016540527
16671,-0.014221194
16672,-0.01187134
16673,-0.0057373066
16674,-0.012298584
16675,-0.0025024395
16676,0.0008239774
16677,-0.0017089844
16678,0.0050354023
16679,0.0068359384
16680,0.014404297
16681,0.010650638
16682,0.020935062
16683,0.014678953
16684,0.012908934
16685,0.015869142
16686,0.004547118
16687,0.0061035156
16688,0.004760742
16689,0.0061950684
16690,0.008331301
16691,-0.0005798349
16692,0.009918212
16693,-0.0014648438
16694,-0.00079345657
16695,0.005279542
16696,-0.009033202
16697,0.0007019043
16698,-0.005950927
16699,-0.0024719257
16700,0.0015869169
16701,-0.00070190616
16702,0.0056152297
16703,-0.0031433105
16704,-9.155087e-05
16705,0.006561281
16706,-0.003112791
16707,0.0057067852
16708,0.0014038086
16709,0.007873534
16710,-0.0001220731
16711,0.0077209454
16712,0.013000486
16713,0.010223391
16714,0.0066833515
16715,0.0076904316
16716,0.0056762714
16717,-0.0054626465
16718,0.009613037
16719,-0.005126953
16720,-0.0045776367
16721,-0.0021362286
16722,-0.0057373066
16723,0.005340576
16724,-0.0037841797
16725,0.0054016113
16726,0.009948732
16727,0.0069580115
16728,0.017944336
16729,0.010375977
16730,0.02557373
16731,0.022735596
16732,0.022583008
16733,0.022949219
16734,0.019012451
16735,0.025909428
16736,0.014617924
16737,0.02523804
16738,0.025604248
16739,0.014862061
16740,0.024780273
16741,0.020965574
16742,0.018066406
16743,0.020507816
16744,0.00952148
16745,0.012634277
16746,0.011138916
16747,0.003326417
16748,0.015197753
16749,0.0040893564
16750,0.013580321
16751,0.008789064
16752,0.01046753
16753,0.013854979
16754,0.009613037
16755,0.008453368
16756,0.014251711
16757,0.002624513
16758,0.006500247
16759,0.0021667508
16760,-0.002105713
16761,0.008422851
16762,-0.009460451
16763,0.0028686514
16764,-0.0035095233
16765,-0.009887699
16766,-0.009521486
16767,-0.014465331
16768,-0.009674071
16769,-0.021026611
16770,-0.018371584
16771,-0.01852417
16772,-0.024353024
16773,-0.015014648
16774,-0.030761719
16775,-0.020263672
16776,-0.022766113
16777,-0.029266357
16778,-0.024139404
16779,-0.03314209
16780,-0.033477783
16781,-0.03363037
16782,-0.04031372
16783,-0.035461426
16784,-0.03759766
16785,-0.031799316
16786,-0.036254883
16787,-0.040069584
16788,-0.026214596
16789,-0.0289917
16790,-0.030029295
16791,-0.01889038
16792,-0.022521973
16793,-0.016571047
16794,-0.0154418945
16795,-0.011444092
16796,-0.00033569336
16797,-0.0014648438
16798,0.0062561017
16799,0.001312254
16800,-0.006439209
16801,0.0036315927
16802,-0.010467532
16803,-0.0058288574
16804,0.00064086914
16805,-0.015808105
16806,0.001953125
16807,-0.007171631
16808,-0.012817383
16809,-0.0016784687
16810,-0.010528565
16811,-0.007324218
16812,-0.0150756845
16813,-0.011993408
16814,-0.008605955
16815,-0.013183594
16816,-0.008972168
16817,-0.012603761
16818,0.0014343262
16819,-0.005767823
16820,-0.00061035156
16821,0.0015258808
16822,-0.003265379
16823,0.0065612793
16824,0.0076904297
16825,0.007598879
16826,0.018249515
16827,0.013793942
16828,0.024841312
16829,0.017822264
16830,0.02050781
16831,0.0256958
16832,0.020538326
16833,0.017791746
16834,0.016479494
16835,0.011047362
16836,0.006835936
16837,0.004394532
16838,-0.0003051756
16839,0.009613037
16840,-0.0065917973
16841,-0.00048828032
16842,-0.0005493136
16843,-0.005218506
16844,0.006408694
16845,-0.00048828032
16846,0.011932373
16847,0.011444093
16848,0.0023498554
16849,0.01586914
16850,0.002960207
16851,0.009948731
16852,0.0063476562
16853,0.0037841816
16854,0.0113220215
16855,-0.003967285
16856,0.006134035
16857,0.0073547345
16858,0.0009765644
16859,0.002838133
16860,0.0028686523
16861,0.01199341
16862,-0.0016174316
16863,-0.0021362286
16864,0.014068604
16865,0.005065918
16866,0.00656128
16867,0.012145999
16868,0.0005493155
16869,0.009002685
16870,-0.0023193378
16871,0.009338382
16872,0.0066223154
16873,0.0046691895
16874,0.009277342
16875,0.005340576
16876,0.019592285
16877,0.0077819834
16878,0.012817385
16879,0.012329102
16880,0.014373779
16881,0.024810791
16882,0.017456055
16883,0.02206421
16884,0.020355225
16885,0.0020141602
16886,0.0153808575
16887,0.015899658
16888,0.006866454
16889,0.01663208
16890,0.007171631
16891,0.012420655
16892,0.012573243
16893,0.009918213
16894,0.012359621
16895,0.01287842
16896,0.024963379
16897,0.016906736
16898,0.026397703
16899,0.026885986
16900,0.03189087
16901,0.013793946
16902,0.02056885
16903,0.0147094745
16904,0.011688234
16905,0.023803711
16906,0.0033264165
16907,0.011383056
16908,0.0001220731
16909,-0.008636472
16910,0.0067138653
16911,0.008636482
16912,0.0064697266
16913,0.00033569336
16914,-0.0017089825
16915,0.004760742
16916,-0.006347658
16917,-0.008239744
16918,-0.005004881
16919,-0.017730713
16920,-0.021575928
16921,-0.028930666
16922,-0.015563964
16923,-0.0032043476
16924,-0.015014647
16925,-0.0150146475
16926,-0.01574707
16927,-0.017150879
16928,-0.0109558115
16929,-0.0027465806
16930,-0.0030822735
16931,-0.008361817
16932,-0.0040893564
16933,-0.012969976
16934,-0.013305664
16935,-0.021148682
16936,-0.02194214
16937,-0.029174805
16938,-0.022888187
16939,-0.025817871
16940,-0.039916992
16941,-0.03723144
16942,-0.037322998
16943,-0.025909424
16944,-0.03375244
16945,-0.025268555
16946,-0.025634764
16947,-0.017517092
16948,-0.01260376
16949,-0.024230957
16950,-0.011627195
16951,-0.01589966
16952,0.0021362314
16953,0.014251709
16954,-0.004394533
16955,0.0036621056
16956,0.0043640155
16957,0.013610842
16958,0.010375977
16959,-0.00015258789
16960,0.018249512
16961,0.002410885
16962,0.008056639
16963,0.00067139044
16964,0.011260986
16965,0.019165043
16966,0.0016174328
16967,-0.0120544415
16968,-0.00933838
16969,-0.0065307594
16970,-0.0061340313
16971,-0.006378172
16972,-0.023376465
16973,-0.026306154
16974,-0.025054932
16975,-0.023620607
16976,-0.020416267
16977,-0.0031738132
16978,-0.012908945
16979,-0.009643558
16980,-0.017211907
16981,-0.013305662
16982,-0.011932369
16983,-0.021057127
16984,0.00057983026
16985,-0.0127258375
16986,-0.008514412
16987,-0.009399418
16988,-0.003509514
16989,0.002532959
16990,-0.004638672
16991,-0.0030212402
16992,0.003540039
16993,-0.00015258603
16994,0.0024108924
16995,0.0113220215
16996,-0.003479004
16997,0.00033569615
16998,0.0227356
16999,0.033020027
17000,0.022369388
17001,0.019287113
17002,0.020965576
17003,0.025787354
17004,0.025817871
17005,0.015258793
17006,0.023284912
17007,0.024871826
17008,0.0068359384
17009,0.0094299335
17010,0.015319821
17011,0.033325195
17012,0.023773193
17013,0.025970459
17014,0.025817871
17015,0.01043701
17016,0.04147339
17017,0.033996582
17018,0.025146486
17019,0.030242922
17020,0.024169924
17021,0.026763912
17022,0.021972664
17023,0.01882935
17024,0.030944822
17025,0.025207516
17026,0.019104004
17027,0.026336672
17028,0.019989014
17029,0.037475586
17030,0.029724125
17031,0.024810795
17032,0.023284908
17033,0.012237551
17034,0.016723637
17035,0.0059814467
17036,0.0013122549
17037,-0.005065917
17038,-0.0033569336
17039,-0.00753784
17040,-0.02005005
17041,-0.01504517
17042,-0.02859498
17043,-0.040802002
17044,-0.029296882
17045,-0.03329468
17046,-0.026092522
17047,-0.031707767
17048,-0.037292477
17049,-0.029968265
17050,-0.033843998
17051,-0.027374273
17052,-0.025756842
17053,-0.029327394
17054,-0.025939938
17055,-0.022155762
17056,-0.006652832
17057,-0.009582512
17058,3.0517578e-05
17059,0.018951409
17060,0.019592278
17061,0.039001465
17062,0.04202272
17063,0.047698982
17064,0.05206299
17065,0.030212417
17066,0.044982888
17067,0.04809569
17068,0.04168702
17069,0.043701187
17070,0.0319214
17071,0.028930653
17072,0.0035095066
17073,-0.015441902
17074,-0.031890873
17075,-0.04504395
17076,-0.062530525
17077,-0.070709236
17078,-0.09667969
17079,-0.095214844
17080,-0.11087036
17081,-0.121612564
17082,-0.1311035
17083,-0.1382141
17084,-0.12896729
17085,-0.117797844
17086,-0.11846924
17087,-0.11380007
17088,-0.10189818
17089,-0.07540893
17090,-0.05618286
17091,-0.053405765
17092,-0.040802006
17093,-0.007049555
17094,0.017120361
17095,0.019104008
17096,0.031555183
17097,0.044433586
17098,0.05950929
17099,0.07006835
17100,0.049957275
17101,0.057739258
17102,0.06573486
17103,0.05914308
17104,0.043762203
17105,0.031555165
17106,0.032257084
17107,0.009277338
17108,-0.00289917
17109,-0.008911137
17110,0.010009769
17111,-0.020507805
17112,-0.008544929
17113,-0.028656013
17114,-0.028808597
17115,0.0014648512
17116,-0.054809563
17117,-0.01135254
17118,-0.011993408
17119,-0.017517082
17120,-0.012908939
17121,-0.008789051
17122,0.03347778
17123,0.057098396
17124,0.056152344
17125,0.08627319
17126,0.09457396
17127,0.10623169
17128,0.11587525
17129,0.10339356
17130,0.13055421
17131,0.12661745
17132,0.09494018
17133,0.09823608
17134,0.098114
17135,0.10089112
17136,0.09927369
17137,0.059967026
17138,0.060516346
17139,0.03982543
17140,0.024475086
17141,0.018463153
17142,-0.018432636
17143,-0.038085945
17144,-0.02905274
17145,-0.046630856
17146,-0.055358887
17147,-0.05447389
17148,-0.048736572
17149,-0.036590572
17150,-0.021301262
17151,-0.003967263
17152,-0.005950913
17153,-0.013214111
17154,-0.0019225962
17155,0.01739502
17156,0.021942146
17157,0.022033691
17158,0.017669681
17159,0.018249497
17160,0.05285643
17161,0.016998298
17162,0.011505142
17163,0.0032653697
17164,0.012298584
17165,-0.0016174465
17166,-0.04867553
17167,-0.06283569
17168,-0.04385376
17169,-0.067443855
17170,-0.08221434
17171,-0.075683594
17172,-0.0848999
17173,-0.08026122
17174,-0.09695435
17175,-0.077362075
17176,-0.03753661
17177,-0.039855953
17178,-0.037017815
17179,-0.045471188
17180,-0.05621338
17181,-0.010223374
17182,-0.016937252
17183,-0.0046996986
17184,0.0043335054
17185,0.014129624
17186,0.033264175
17187,0.041534424
17188,0.03866578
17189,0.04953003
17190,0.0592041
17191,0.060577407
17192,0.047302246
17193,0.05416869
17194,0.04373169
17195,0.021575922
17196,0.04745483
17197,0.048767082
17198,0.05334472
17199,0.040069584
17200,0.04782104
17201,0.05142211
17202,0.055511463
17203,0.07608032
17204,0.027618416
17205,0.07360839
17206,0.067169175
17207,0.06997682
17208,0.040313717
17209,0.037414566
17210,0.066467285
17211,0.062469482
17212,0.02416991
17213,0.02554321
17214,0.005676262
17215,-0.0069274977
17216,-0.019744873
17217,-0.027648935
17218,-0.008026126
17219,-0.03506469
17220,-0.06414794
17221,-0.06793213
17222,-0.061401363
17223,-0.061523456
17224,-0.045745857
17225,-0.05590821
17226,-0.045410164
17227,-0.031402595
17228,-0.0326233
17229,-0.0148925595
17230,-0.026611332
17231,-0.027038557
17232,-0.017364517
17233,-0.032196064
17234,-0.036834717
17235,-0.0541687
17236,-0.0466919
17237,-0.07183838
17238,-0.07397461
17239,-0.048004165
17240,-0.072753906
17241,-0.078369126
17242,-0.08609008
17243,-0.08743286
17244,-0.08950806
17245,-0.10852052
17246,-0.08804322
17247,-0.10192871
17248,-0.079315186
17249,-0.07586669
17250,-0.05935669
17251,-0.042663574
17252,-0.03631591
17253,-0.0107726995
17254,-0.0020446833
17255,0.002746582
17256,0.036682133
17257,0.03625489
17258,0.06732178
17259,0.057128906
17260,0.05685424
17261,0.06802368
17262,0.045654297
17263,0.05218506
17264,0.046203606
17265,0.039611816
17266,0.020812986
17267,0.03015137
17268,0.023162838
17269,-0.001159668
17270,0.018554702
17271,0.008117682
17272,0.0022583017
17273,0.008728032
17274,-0.0006713895
17275,0.002563485
17276,0.010864265
17277,0.011840826
17278,0.011535633
17279,0.023986813
17280,0.031555176
17281,0.037597656
17282,0.03735351
17283,0.03442383
17284,0.025238037
17285,0.028991695
17286,0.02783203
17287,0.03353882
17288,0.020019528
17289,0.03842164
17290,0.02703857
17291,0.013488771
17292,0.038909923
17293,0.023834236
17294,0.010833754
17295,0.021606456
17296,0.021057121
17297,0.0190735
17298,0.013153073
17299,0.004791259
17300,-0.0053405873
17301,0.004058822
17302,-0.0039367597
17303,-0.0037231336
17304,0.001831053
17305,-0.006103512
17306,-0.005279539
17307,0.0015563942
17308,0.0076293894
17309,0.010528564
17310,-0.012847902
17311,-0.009063713
17312,-0.017944327
17313,-0.015136709
17314,-0.021240233
17315,-0.040801995
17316,-0.036315907
17317,-0.03225708
17318,-0.023315433
17319,-0.02471923
17320,-0.020965585
17321,-0.020416267
17322,-0.025756834
17323,-0.026245117
17324,-0.026153559
17325,-0.028350815
17326,-0.015350344
17327,-0.0067749023
17328,-0.006469724
17329,0.0100402795
17330,0.009765621
17331,-0.0034179715
17332,0.015655516
17333,0.011505131
17334,0.0109253
17335,0.02200318
17336,0.0070495578
17337,0.00967407
17338,0.0116882315
17339,0.0039978
17340,0.016082767
17341,0.013488767
17342,0.014709473
17343,0.01965332
17344,0.018035892
17345,0.02807618
17346,0.017791744
17347,0.021331783
17348,0.023925778
17349,0.017456055
17350,0.011871333
17351,0.001190187
17352,0.0057373075
17353,-0.014099121
17354,-0.0053100595
17355,0.0021667508
17356,-0.006011962
17357,-0.005828853
17358,-0.0103759775
17359,-0.008300783
17360,-0.0053710947
17361,-0.017547613
17362,-0.0050964337
17363,-0.007171635
17364,-0.018005367
17365,-0.005126954
17366,-0.014556875
17367,-0.007110592
17368,-0.010223383
17369,-0.005035408
17370,-0.006225586
17371,-0.0033569317
17372,0.0058593713
17373,0.007202151
17374,0.004608155
17375,0.018859863
17376,0.0019836393
17377,0.0074768094
17378,0.012847901
17379,-0.00753784
17380,0.00576782
17381,-0.01199341
17382,0.0035095187
17383,0.003509516
17384,0.0012512244
17385,-0.00088501815
17386,0.0039672884
17387,0.009094238
17388,-0.002777096
17389,-0.0030517485
17390,0.013061517
17391,0.0055236816
17392,0.004119874
17393,0.014465331
17394,0.022399902
17395,0.026245119
17396,0.022979738
17397,0.020477295
17398,0.013031007
17399,0.014556884
17400,0.012756348
17401,0.0075683594
17402,0.009185794
17403,0.011871336
17404,0.014373776
17405,0.019195551
17406,0.012146
17407,0.0074157678
17408,0.011779788
17409,0.008300785
17410,0.009002684
17411,-0.0038146926
17412,0.008056634
17413,-0.001922609
17414,-0.00473022
17415,-3.0515715e-05
17416,-0.01196289
17417,-0.0046691867
17418,-0.007019041
17419,-0.0108947735
17420,0.006134037
17421,-0.008392335
17422,-0.0063476553
17423,-0.0070495605
17424,-0.009124756
17425,-0.0045166016
17426,-0.014526367
17427,-0.011657717
17428,-0.01766968
17429,-0.01834106
17430,-0.031005858
17431,-0.03137207
17432,-0.03485107
17433,-0.035888672
17434,-0.043426506
17435,-0.030792236
17436,-0.03933716
17437,-0.033111572
17438,-0.036132812
17439,-0.03302002
17440,-0.028686527
17441,-0.021759031
17442,-0.014495848
17443,-0.020812988
17444,-0.007446289
17445,-0.007019042
17446,-0.0010681143
17447,0.00045776553
17448,-0.00070190337
17449,-0.005859374
17450,-0.00482178
17451,-0.0013427711
17452,-0.004486083
17453,-0.011352539
17454,-0.008361814
17455,-0.008728026
17456,-0.0149841225
17457,0.001220705
17458,-0.0051574707
17459,-0.0032043457
17460,0.002105715
17461,-0.0052490253
17462,0.00048827927
17463,-0.0044555645
17464,-0.008514406
17465,-0.0010986321
17466,-0.0036621098
17467,0.0010375977
17468,0.0018615713
17469,-0.0032958984
17470,-0.00021362212
17471,-0.004058837
17472,0.006805421
17473,0.0031738263
17474,0.009674071
17475,0.013916013
17476,0.015899658
17477,0.02056885
17478,0.029205324
17479,0.022521973
17480,0.03201294
17481,0.02157593
17482,0.029388428
17483,0.019226074
17484,0.019012451
17485,0.02468872
17486,0.014587403
17487,0.018218994
17488,0.010040283
17489,0.018341064
17490,0.016601562
17491,0.013458254
17492,0.018066406
17493,0.01245117
17494,0.0119018555
17495,0.01663208
17496,0.0061950684
17497,0.009338379
17498,0.021270752
17499,0.017486574
17500,0.02566528
17501,0.018005371
17502,0.014312742
17503,0.012725831
17504,0.00894165
17505,0.01934814
17506,0.0030822735
17507,0.009521483
17508,0.013549806
17509,0.007080079
17510,0.02197266
17511,0.015014648
17512,0.012451172
17513,0.010742189
17514,0.01348877
17515,0.01171875
17516,0.01235962
17517,0.008117676
17518,0.009918217
17519,0.0033264179
17520,0.0097351065
17521,-0.0003662107
17522,-0.006500249
17523,0.015350342
17524,-0.0028076181
17525,0.0057678204
17526,-0.014221192
17527,-0.018127443
17528,-0.013916014
17529,-0.013153076
17530,-0.014862062
17531,-0.006805419
17532,-0.0049438463
17533,-0.005981445
17534,-0.013336182
17535,-0.008819581
17536,-0.016540524
17537,-0.0064086886
17538,-0.011871337
17539,-0.0125427265
17540,-0.0014648438
17541,-0.003417967
17542,0.004150388
17543,-0.0057983403
17544,-0.00033569662
17545,-0.009368898
17546,-0.005767823
17547,-0.0007629392
17548,-0.0036315909
17549,-0.016967772
17550,-0.009307861
17551,-0.015899654
17552,-0.02267456
17553,-0.011566161
17554,-0.027465817
17555,-0.021514893
17556,-0.021026611
17557,-0.021911625
17558,-0.020477295
17559,-0.018951412
17560,-0.021697998
17561,-0.022766113
17562,-0.013854981
17563,-0.01434326
17564,-0.009796143
17565,-0.005279539
17566,-0.011199951
17567,-0.0138549805
17568,-0.014068603
17569,-0.011840821
17570,0.0011901874
17571,-0.004791259
17572,-0.00079346076
17573,-0.0058898907
17574,-0.0033264132
17575,-0.002899168
17576,-0.00543213
17577,-0.00024414062
17578,-0.0043029804
17579,-0.00018310454
17580,-0.0010375977
17581,-0.006225584
17582,0.0072937007
17583,-0.00012207124
17584,0.01449585
17585,0.003295899
17586,0.0057373047
17587,0.015838625
17588,0.0033874514
17589,0.026611326
17590,0.017333984
17591,0.016937256
17592,0.022186277
17593,0.021606442
17594,0.020874023
17595,0.01623535
17596,0.011932372
17597,0.027221682
17598,0.0289917
17599,0.024658203
17600,0.02178955
17601,0.017913818
17602,0.017242435
17603,0.013702391
17604,0.023376465
17605,0.023864746
17606,0.026489254
17607,0.02026368
17608,0.013427731
17609,0.012847893
17610,0.016082767
17611,0.01525879
17612,0.02520752
17613,0.0036010742
17614,-0.0026855487
17615,0.0032348623
17616,-0.01159668
17617,-0.0012817373
17618,-0.01123047
17619,-0.010467529
17620,-0.015960691
17621,-0.020446777
17622,-0.016357418
17623,-0.025390625
17624,-0.021209717
17625,-0.023742676
17626,-0.030426027
17627,-0.02340698
17628,-0.03289795
17629,-0.028625488
17630,-0.029541014
17631,-0.03012085
17632,-0.020141603
17633,-0.03173828
17634,-0.027679443
17635,-0.03366089
17636,-0.032287598
17637,-0.023468018
17638,-0.020233154
17639,-0.025360106
17640,-0.0050354
17641,-0.017242432
17642,-0.02331543
17643,-0.010955809
17644,-0.020446777
17645,-0.012054443
17646,-0.015686037
17647,-0.021453854
17648,-0.016815184
17649,-0.025390625
17650,-0.015716553
17651,-0.017059328
17652,-0.019989014
17653,-0.015899654
17654,-0.020874023
17655,-0.018280031
17656,-0.025360107
17657,-0.018310549
17658,-0.017303467
17659,-0.011169432
17660,-0.0019226072
17661,0.004486084
17662,0.008148193
17663,0.012176516
17664,0.014007565
17665,0.018768309
17666,0.019348143
17667,0.026123047
17668,0.024871826
17669,0.025848389
17670,0.03186035
17671,0.038238525
17672,0.037445065
17673,0.04306031
17674,0.042907707
17675,0.043457024
17676,0.03771973
17677,0.03024292
17678,0.03463745
17679,0.03549194
17680,0.029022215
17681,0.02233887
17682,0.015747068
17683,0.016174316
17684,0.004211426
17685,0.0006103525
17686,0.005615237
17687,0.004333496
17688,0.010437014
17689,0.012512203
17690,0.011322022
17691,0.014404291
17692,0.01083374
17693,0.014343264
17694,0.0015258752
17695,0.016265873
17696,0.014495846
17697,0.0133666955
17698,0.022949224
17699,0.0033569336
17700,0.005340576
17701,-0.0038452148
17702,0.010253904
17703,0.0064086914
17704,0.005432128
17705,0.0058898926
17706,0.0066833505
17707,0.0090332
17708,-0.001556396
17709,0.00030517485
17710,-0.0030517564
17711,-0.008453367
17712,-0.0070495605
17713,-0.009643557
17714,-0.0068054195
17715,-0.019256592
17716,-0.009826658
17717,-0.011596685
17718,-0.014678954
17719,-0.015716549
17720,-0.013549805
17721,-0.003601076
17722,-0.008880616
17723,-0.0142211905
17724,-0.0039978046
17725,-0.007995608
17726,0.0026245145
17727,0.013000486
17728,0.0031433087
17729,0.015533447
17730,0.005798338
17731,0.007965086
17732,0.0082092285
17733,0.01489258
17734,0.013763427
17735,0.015411378
17736,0.0119934045
17737,0.0046691857
17738,0.014465333
17739,0.0062866183
17740,0.0071105957
17741,0.0007019057
17742,0.0067138644
17743,-0.0047607445
17744,-0.0017700221
17745,0.009796143
17746,0.00942993
17747,0.039367683
17748,0.04962157
17749,0.05926514
17750,0.04080201
17751,0.020294182
17752,0.010681153
17753,0.007232667
17754,0.0065307603
17755,0.00048828032
17756,-0.0020141602
17757,-0.017730718
17758,-0.03295898
17759,-0.046295173
17760,-0.077880844
17761,-0.0871582
17762,-0.09698487
17763,-0.10293579
17764,-0.10702516
17765,-0.113159195
17766,-0.10351564
17767,-0.090087906
17768,-0.075897224
17769,-0.0524292
17770,-0.040374752
17771,-0.024932861
17772,-0.001068119
17773,0.031463627
17774,0.0543518
17775,0.054321278
17776,0.07608034
17777,0.07269287
17778,0.095520005
17779,0.10314941
17780,0.087646484
17781,0.10803225
17782,0.0977478
17783,0.10372923
17784,0.093292244
17785,0.084503174
17786,0.06478881
17787,0.05474854
17788,0.04089356
17789,0.011474613
17790,0.0028076242
17791,-0.042785652
17792,-0.05273437
17793,-0.07965088
17794,-0.078857414
17795,-0.07238769
17796,-0.09173583
17797,-0.09631348
17798,-0.09536743
17799,-0.09320068
17800,-0.08636473
17801,-0.07824706
17802,-0.06558228
17803,-0.043334957
17804,-0.022674566
17805,-0.0013427702
17806,0.0039062565
17807,0.028533934
17808,0.037811287
17809,0.04190064
17810,0.063323975
17811,0.060607914
17812,0.06884767
17813,0.068420425
17814,0.07382202
17815,0.081146255
17816,0.06399537
17817,0.035003662
17818,0.01876831
17819,0.012512218
17820,-0.0005188063
17821,-0.0019531287
17822,-0.021911614
17823,-0.033050537
17824,-0.050323486
17825,-0.067321785
17826,-0.08676146
17827,-0.0956421
17828,-0.09735109
17829,-0.09689331
17830,-0.094909675
17831,-0.09606935
17832,-0.08911134
17833,-0.060791027
17834,-0.04220582
17835,-0.00051879324
17836,0.029510483
17837,0.04229737
17838,0.053131107
17839,0.045074455
17840,0.05715941
17841,0.061584473
17842,0.05300903
17843,0.060241707
17844,0.05413817
17845,0.045227047
17846,0.02328492
17847,-0.0026245154
17848,-0.027282715
17849,-0.049407974
17850,-0.05264284
17851,-0.07849122
17852,-0.094390884
17853,-0.09243776
17854,-0.09826661
17855,-0.08547976
17856,-0.08666994
17857,-0.08041383
17858,-0.075164795
17859,-0.07733154
17860,-0.047088612
17861,-0.026092526
17862,0.0054016113
17863,0.023437485
17864,0.047485378
17865,0.08520508
17866,0.108428955
17867,0.12506102
17868,0.12582397
17869,0.120208755
17870,0.11529541
17871,0.1217041
17872,0.13031006
17873,0.1144104
17874,0.10287475
17875,0.09033202
17876,0.08163452
17877,0.05990601
17878,0.04083254
17879,0.017150879
17880,-0.007659897
17881,-0.020782486
17882,-0.02670288
17883,-0.022369366
17884,-0.015808104
17885,-0.019134508
17886,-0.055175766
17887,-0.041168224
17888,-0.0376892
17889,-0.034088127
17890,0.0072021424
17891,0.020416275
17892,0.026733406
17893,0.053253174
17894,0.07052613
17895,0.076812744
17896,0.08450318
17897,0.08526612
17898,0.07891846
17899,0.074096695
17900,0.06582643
17901,0.054718032
17902,0.038330086
17903,0.039550792
17904,0.02453613
17905,0.023834243
17906,0.0206604
17907,0.012481711
17908,0.017639142
17909,-0.00942994
17910,-0.020080563
17911,-0.021301262
17912,-0.022857679
17913,0.0077819806
17914,-0.0006103511
17915,-0.014526373
17916,-0.0033569373
17917,-0.011627205
17918,-0.0034179515
17919,0.011169441
17920,0.0010070875
17921,-0.005981449
17922,-0.023315433
17923,-0.043457046
17924,-0.0498352
17925,-0.06796264
17926,-0.059875473
17927,-0.082427986
17928,-0.073333725
17929,-0.07260131
17930,-0.04592897
17931,-0.041656494
17932,-0.042236317
17933,-0.03533935
17934,-0.041076668
17935,-0.044128425
17936,-0.038909923
17937,-0.04760743
17938,-0.048095703
17939,-0.037078865
17940,-0.03952025
17941,-0.035461437
17942,-0.024261469
17943,-0.026336687
17944,-0.04000855
17945,-0.03860475
17946,-0.055755608
17947,-0.061462402
17948,-0.044555657
17949,-0.06707765
17950,-0.050140373
17951,-0.05026245
17952,-0.05819702
17953,-0.030792227
17954,-0.026855454
17955,-0.023529062
17956,-0.0178833
17957,-0.038177498
17958,-0.035095215
17959,-0.028472895
17960,-0.028717041
17961,-0.010681154
17962,-0.027496343
17963,-0.026153577
17964,-0.021392828
17965,-0.016632082
17966,-0.00900268
17967,0.0009155236
17968,-0.005157467
17969,0.005615223
17970,0.0023803655
17971,0.024047844
17972,0.020111078
17973,0.02056884
17974,-0.0080871545
17975,-0.009185785
17976,-0.0009460505
17977,-0.011718757
17978,-0.0018920829
17979,0.0004882817
17980,0.004730222
17981,0.001464851
17982,0.013641359
17983,0.01867676
17984,0.016784668
17985,0.018524176
17986,0.008331298
17987,0.013488776
17988,0.01327515
17989,0.0056152344
17990,0.01089477
17991,0.0082092285
17992,0.0019531213
17993,0.006011963
17994,-0.005737312
17995,-0.011535656
17996,0.0010986328
17997,-0.013763423
17998,-0.016784672
17999,-0.014801027
18000,-0.009246821
18001,0.0019226093
18002,0.008300779
18003,0.0018005446
18004,-0.0012817308
18005,0.012481692
18006,0.024566649
18007,0.025238043
18008,0.039367676
18009,0.030792246
18010,0.037567142
18011,0.039947517
18012,0.045074455
18013,0.05007935
18014,0.045196526
18015,0.042236328
18016,0.036407463
18017,0.032897945
18018,0.03451538
18019,0.0272522
18020,0.017608637
18021,0.019042963
18022,0.027008055
18023,0.035614014
18024,0.047607422
18025,0.05392456
18026,0.04067994
18027,0.041198734
18028,0.057800293
18029,0.051757812
18030,0.050598145
18031,0.054107673
18032,0.04995728
18033,0.068450935
18034,0.05761718
18035,0.060760498
18036,0.059814446
18037,0.057891846
18038,0.0553894
18039,0.0446167
18040,0.05343628
18041,0.031921387
18042,0.022796627
18043,0.018188477
18044,0.0071105966
18045,0.017730713
18046,0.0135803195
18047,0.010803221
18048,0.0070800763
18049,0.007354736
18050,0.013580324
18051,0.028717043
18052,0.012939454
18053,0.016906742
18054,0.018432615
18055,0.01138306
18056,0.014892577
18057,0.020874027
18058,0.014495853
18059,0.01864624
18060,0.012023928
18061,0.0035705557
18062,0.023956299
18063,0.006958007
18064,-0.00564575
18065,-0.0006103497
18066,-0.03088379
18067,-0.040893547
18068,0.0044250526
18069,-0.025360107
18070,-0.00970459
18071,-0.013336182
18072,-0.03634643
18073,-0.02581787
18074,-0.035308838
18075,-0.036743164
18076,-0.023193358
18077,-0.03729248
18078,-0.040924072
18079,-0.051574707
18080,-0.045837402
18081,-0.043304443
18082,-0.04714966
18083,-0.05682373
18084,-0.06820679
18085,-0.04797363
18086,-0.036743164
18087,-0.042633053
18088,-0.021728517
18089,-0.036071777
18090,-0.03997803
18091,-0.011260985
18092,-0.033813477
18093,-0.031555176
18094,-0.023284908
18095,-0.03146362
18096,-0.021972656
18097,-0.023620604
18098,-0.037353516
18099,-0.030792236
18100,-0.022094727
18101,-0.024597168
18102,-0.03060913
18103,-0.047454834
18104,-0.049346924
18105,-0.029815676
18106,-0.046844482
18107,-0.034210205
18108,-0.034057617
18109,-0.03967285
18110,-0.007720948
18111,-0.007568362
18112,-0.031219486
18113,-0.007507324
18114,-0.02142334
18115,-0.015594481
18116,0.0018615716
18117,0.0040893555
18118,0.0066833477
18119,0.012634277
18120,0.0050048837
18121,0.0061950684
18122,0.017822266
18123,0.014434813
18124,0.020233156
18125,0.010223387
18126,0.0069885273
18127,0.016143795
18128,0.014892578
18129,0.009765625
18130,0.002197265
18131,0.006439209
18132,-0.0024108877
18133,-0.011077873
18134,0.019042976
18135,-0.0028381348
18136,0.017822264
18137,0.016998293
18138,-0.0059814462
18139,0.0066223126
18140,-0.0006103541
18141,-0.0018005394
18142,0.025054932
18143,0.014099121
18144,-0.00042724516
18145,-0.0020446787
18146,0.0036621094
18147,0.022705076
18148,0.023956299
18149,-0.0036315909
18150,0.0024719257
18151,0.00021362305
18152,0.008728027
18153,0.014678954
18154,-0.019927979
18155,-0.027343743
18156,0.020446787
18157,-0.00491333
18158,0.02380371
18159,0.008300781
18160,-0.014862058
18161,-0.008239747
18162,-0.014587402
18163,-0.01629639
18164,0.0063781776
18165,0.0036926293
18166,-0.011688232
18167,-0.013793947
18168,-0.0093688965
18169,0.015930178
18170,0.020477295
18171,0.0025024423
18172,-0.0036315895
18173,0.0077209454
18174,0.016632084
18175,0.007904051
18176,0.0148010235
18177,0.005218502
18178,0.001281735
18179,0.011383057
18180,0.004119873
18181,0.0054016123
18182,0.0043945317
18183,0.012573244
18184,0.009429933
18185,0.010101318
18186,-0.00036621024
18187,0.0030212388
18188,0.012390135
18189,0.018463137
18190,0.0055236793
18191,0.013885496
18192,0.010192869
18193,0.017608639
18194,0.02548218
18195,0.01785278
18196,0.007934572
18197,0.0079956055
18198,0.01385498
18199,0.023223873
18200,0.0017700158
18201,0.0111084
18202,-0.00030517485
18203,0.007934571
18204,0.019226072
18205,0.014221195
18206,0.017456055
18207,0.019134521
18208,0.00564575
18209,-0.0004882822
18210,0.016235353
18211,0.0025634784
18212,0.0014343252
18213,-0.014617922
18214,-0.0146484375
18215,-0.0023498535
18216,-0.0079956055
18217,-0.012420654
18218,-0.011230471
18219,-0.015777588
18220,-0.0070495578
18221,0.0075988756
18222,-0.024993898
18223,-0.011932374
18224,-0.021118168
18225,-0.02859497
18226,-0.0016174314
18227,-0.027435303
18228,-0.015777588
18229,-0.01776123
18230,-0.036071777
18231,-0.022705076
18232,-0.024993896
18233,-0.023864748
18234,-0.023040771
18235,-0.037078857
18236,-0.02355957
18237,-0.016357422
18238,-0.012786867
18239,-0.021789549
18240,-0.010406497
18241,-0.015136721
18242,-0.002899168
18243,0.0047607413
18244,-0.023803715
18245,-0.0133361835
18246,-0.019836428
18247,-0.018920898
18248,-0.010589598
18249,-0.0036926284
18250,-0.0035705566
18251,-0.0025024428
18252,-0.0075683603
18253,-0.00018310454
18254,-0.0019836435
18255,0.01257324
18256,0.012084959
18257,0.005493166
18258,0.00970459
18259,0.023132324
18260,0.027648928
18261,0.018768309
18262,0.015472411
18263,0.015441894
18264,0.018127441
18265,0.017608643
18266,0.020996092
18267,0.018463135
18268,0.013854983
18269,0.020751957
18270,0.011993407
18271,0.015258787
18272,0.018127441
18273,0.022003174
18274,0.020080566
18275,0.025665283
18276,0.01965332
18277,0.024810795
18278,0.026794434
18279,0.018859863
18280,0.010711668
18281,0.016723633
18282,0.022003176
18283,0.015533447
18284,0.015197754
18285,0.011932375
18286,0.011199951
18287,0.015716553
18288,0.015197752
18289,0.018646242
18290,0.012634277
18291,0.009826661
18292,0.011108396
18293,-0.00070190383
18294,0.0025024419
18295,0.0036315927
18296,-0.001464844
18297,-0.0028686507
18298,0.0020446796
18299,-0.00048828195
18300,-0.00012206845
18301,0.0009155292
18302,3.4924597e-10
18303,-0.003753662
18304,-0.0027771005
18305,-0.005737303
18306,-0.00021362258
18307,-0.004669189
18308,-0.001373292
18309,0.0064086914
18310,0.0035095215
18311,0.0064086923
18312,0.013031005
18313,0.004486082
18314,0.011199953
18315,0.010559084
18316,0.008941652
18317,0.011901857
18318,0.010681151
18319,0.004119873
18320,0.0072021484
18321,0.016632076
18322,0.009185792
18323,0.017456055
18324,0.022857668
18325,0.01574707
18326,0.019500732
18327,0.009185791
18328,0.013153074
18329,0.010192871
18330,-0.0046691904
18331,0.002136231
18332,-0.0105896
18333,-0.009307863
18334,-0.010559082
18335,-0.012939453
18336,-0.012634276
18337,-0.0053405734
18338,-0.007171632
18339,-0.009307862
18340,-0.0011596679
18341,-0.0053710956
18342,-0.0066833505
18343,-0.006286622
18344,-0.008148193
18345,-0.0142822275
18346,-0.007110595
18347,-0.003082274
18348,-0.013580322
18349,0.0023498526
18350,-0.006805422
18351,0.0041503888
18352,0.0023498554
18353,-0.009948731
18354,-0.0039672847
18355,-0.0123291025
18356,-0.015136719
18357,-0.015289308
18358,-0.014892579
18359,-0.02178955
18360,-0.020355225
18361,-0.02307129
18362,-0.0274353
18363,-0.022521975
18364,-0.031402584
18365,-0.034820557
18366,-0.032562252
18367,-0.037170403
18368,-0.03048706
18369,-0.031707764
18370,-0.036132812
18371,-0.02667236
18372,-0.032836914
18373,-0.025024414
18374,-0.01940918
18375,-0.01953125
18376,-0.003540039
18377,-0.010742187
18378,-0.0026245145
18379,-0.003021242
18380,-0.0012207031
18381,0.0017700195
18382,0.003967289
18383,0.003479002
18384,0.007873537
18385,0.004943846
18386,0.008575439
18387,0.008575439
18388,0.009796143
18389,0.015930172
18390,0.010192873
18391,0.0069885254
18392,0.0113830585
18393,-0.0018310566
18394,-0.0045166016
18395,-0.0041503906
18396,-0.013824462
18397,-0.0010681152
18398,-0.003479004
18399,0.0032348633
18400,-0.006561282
18401,0.009185793
18402,0.00985718
18403,0.008728027
18404,0.01956177
18405,0.020751953
18406,0.023040771
18407,0.024780273
18408,0.029327394
18409,0.027770996
18410,0.03012085
18411,0.029144283
18412,0.020477295
18413,0.03652954
18414,0.033477783
18415,0.03262329
18416,0.031463623
18417,0.034210205
18418,0.021911621
18419,0.02029419
18420,0.020385744
18421,0.011535644
18422,0.008117677
18423,0.010131838
18424,0.0072631855
18425,-0.00094604306
18426,-0.004028322
18427,-0.0034484863
18428,-0.009277343
18429,-0.009918213
18430,-0.010314938
18431,-0.010864258
18432,-0.014038083
18433,-0.0126647875
18434,-0.018646244
18435,-0.010559081
18436,-0.013946533
18437,-0.009307856
18438,-0.009094238
18439,0.0011901855
18440,-0.00064086774
18441,-0.0072021484
18442,-0.0066223154
18443,-0.020233156
18444,-0.0074462853
18445,-0.016906742
18446,-0.020568848
18447,-0.0178833
18448,-0.026428223
18449,-0.030181885
18450,-0.032043457
18451,-0.04232788
18452,-0.04736328
18453,-0.04119873
18454,-0.04278564
18455,-0.041046135
18456,-0.038513184
18457,-0.046203613
18458,-0.045562744
18459,-0.04522705
18460,-0.038909912
18461,-0.044189453
18462,-0.03387451
18463,-0.03277588
18464,-0.035247803
18465,-0.027679441
18466,-0.022033691
18467,-0.027252201
18468,-0.025451662
18469,-0.022491457
18470,-0.01535034
18471,-0.024291992
18472,-0.01953125
18473,-0.017456055
18474,-0.02420044
18475,-0.017700195
18476,-0.017181396
18477,-0.01580811
18478,-0.013061522
18479,-0.017303467
18480,-0.012847898
18481,-0.0070190476
18482,-0.005279541
18483,-0.0095214825
18484,-0.0013122549
18485,-0.003753663
18486,-0.0067138653
18487,0.00759888
18488,0.0021667443
18489,0.0024414053
18490,0.0052490216
18491,0.0014648419
18492,0.008850098
18493,0.005157472
18494,0.004638673
18495,0.017364502
18496,0.01312256
18497,0.013885496
18498,0.011230468
18499,0.015136714
18500,0.01574707
18501,0.014465333
18502,0.021209717
18503,0.02520752
18504,0.020843504
18505,0.02865601
18506,0.023406982
18507,0.024353027
18508,0.02178955
18509,0.023101809
18510,0.026428223
18511,0.02230835
18512,0.025299072
18513,0.023742676
18514,0.02130127
18515,0.024230957
18516,0.023956299
18517,0.027557373
18518,0.031158447
18519,0.02719116
18520,0.024932861
18521,0.027221676
18522,0.02407837
18523,0.019897461
18524,0.024291992
18525,0.01852417
18526,0.013092041
18527,0.018524172
18528,0.010833738
18529,0.015106201
