0,0.11538697
1,0.21743774
2,0.20159912
3,0.21447754
4,0.20809937
5,0.20996094
6,0.20230103
7,0.19540405
8,0.1867981
9,0.17712401
10,0.121612534
11,0.06158445
12,0.063018784
13,0.043487556
14,0.03857421
15,0.022186276
16,0.014678955
17,-0.00024414062
18,-0.014739988
19,-0.031219477
20,-0.08599855
21,-0.14450073
22,-0.13275146
23,-0.14089966
24,-0.13180542
25,-0.13116455
26,-0.12133788
27,-0.11898804
28,-0.108551025
29,-0.105682366
30,-0.0063476562
31,0.09899902
32,0.0949707
33,0.11459352
34,0.11941528
35,0.12850952
36,0.12542723
37,0.12295532
38,0.12359618
39,0.1264038
40,0.22515869
41,0.33059686
42,0.32562256
43,0.34439087
44,0.3467102
45,0.3474121
46,0.33758545
47,0.32678223
48,0.30334473
49,0.2798462
50,0.2496643
51,0.23080444
52,0.19570918
53,0.17813113
54,0.14981078
55,0.13259885
56,0.110809326
57,0.095855705
58,0.07568361
59,0.054718006
60,0.032989487
61,0.008728042
62,-0.015411392
63,-0.047882065
64,-0.0747986
65,-0.1044922
66,-0.12783813
67,-0.14645387
68,-0.15588379
69,-0.16412354
70,-0.15939331
71,-0.15792845
72,-0.14544675
73,-0.13613892
74,-0.11968993
75,-0.10812378
76,-0.09536742
77,-0.084838845
78,-0.076080345
79,-0.06661986
80,-0.059082013
81,-0.044494607
82,-0.037872307
83,-0.014129624
84,-0.0020751953
85,0.020812973
86,0.03152465
87,0.04907228
88,0.053405747
89,0.06283568
90,0.056243904
91,0.050079368
92,0.025176987
93,0.010009769
94,-0.017791765
95,-0.032867447
96,-0.050079342
97,-0.050781272
98,-0.05197141
99,-0.045837406
100,-0.04489136
101,-0.050964348
102,-0.063598625
103,-0.08172609
104,-0.0961914
105,-0.10821532
106,-0.11474608
107,-0.11987305
108,-0.12661742
109,-0.1356201
110,-0.14682007
111,-0.15512085
112,-0.16458128
113,-0.17306519
114,-0.17919919
115,-0.18182372
116,-0.1800232
117,-0.17797849
118,-0.16940309
119,-0.15707396
120,-0.14550781
121,-0.13204956
122,-0.11224364
123,-0.092163086
124,-0.06945801
125,-0.048187263
126,-0.02444458
127,-0.0054626167
128,0.018249512
129,0.043457016
130,0.0679016
131,0.09057617
132,0.11419678
133,0.13082884
134,0.14266968
135,0.14575195
136,0.13882446
137,0.12542728
138,0.10751341
139,0.08761598
140,0.06484985
141,0.041473396
142,0.016418457
143,-0.011169426
144,-0.03558349
145,-0.06298829
146,-0.08773803
147,-0.11016847
148,-0.12768555
149,-0.14175417
150,-0.14871213
151,-0.15652466
152,-0.15963744
153,-0.15390015
154,-0.14590454
155,-0.1270752
156,-0.10610961
157,-0.07946776
158,-0.05526731
159,-0.009735104
160,0.00885009
161,0.051147446
162,0.07281493
163,0.096282944
164,0.110229485
165,0.12136838
166,0.1283569
167,0.13153078
168,0.12768555
169,0.13638304
170,0.12103269
171,0.13909912
172,0.14465332
173,0.16174316
174,0.16940308
175,0.16870119
176,0.15985106
177,0.14859012
178,0.12463378
179,0.11364745
180,0.07522583
181,0.059387222
182,0.030792259
183,0.018920898
184,0.0015258789
185,-0.0057372972
186,-0.017120343
187,-0.017730705
188,-0.027404767
189,-0.014343262
190,-0.029754631
191,-0.022125237
192,-0.03442383
193,-0.03707889
194,-0.044921875
195,-0.045928955
196,-0.043121368
197,-0.038513184
198,-0.02856443
199,-0.04135132
200,0.0013427734
201,-0.0081176935
202,0.016845701
203,0.020202622
204,0.035186775
205,0.048675522
206,0.059356675
207,0.086151116
208,0.094574
209,0.12594604
210,0.12826538
211,0.15014647
212,0.15057373
213,0.14868164
214,0.13861084
215,0.1307373
216,0.12133792
217,0.1203308
218,0.0991516
219,0.09310913
220,0.05972287
221,0.05697635
222,0.0473938
223,0.045532227
224,0.0446167
225,0.03665164
226,0.035247788
227,0.031738266
228,0.03955078
229,0.020080566
230,0.05917357
231,0.045898452
232,0.07260131
233,0.07128907
234,0.087829575
235,0.086456314
236,0.09997558
237,0.08389284
238,0.10580445
239,0.07861329
240,0.10440065
241,0.07739258
242,0.06588744
243,0.0451355
244,0.023712158
245,0.013977047
246,-0.0024413802
247,0.0017394945
248,-0.015991226
249,-0.028472885
250,-0.05410765
251,-0.08773803
252,-0.12240601
253,-0.16018677
254,-0.1878967
255,-0.21298216
256,-0.23345947
257,-0.24642944
258,-0.26287842
259,-0.27072144
260,-0.26583862
261,-0.253479
262,-0.22509764
263,-0.20184323
264,-0.17291261
265,-0.15435788
266,-0.12973022
267,-0.12857056
268,-0.10223391
269,-0.09188843
270,-0.07806398
271,-0.057952877
272,-0.046478298
273,-0.024810791
274,-0.014282256
275,0.0031128079
276,0.009887718
277,0.008575432
278,0.022582985
279,0.012939453
280,-0.003723152
281,-0.025115967
282,-0.054870605
283,-0.07336424
284,-0.09796141
285,-0.10623169
286,-0.12487792
287,-0.13385007
288,-0.14343262
289,-0.15734863
290,-0.16519165
291,-0.18203735
292,-0.1918335
293,-0.20114136
294,-0.2095947
295,-0.2090149
296,-0.21563722
297,-0.21865843
298,-0.21575928
299,-0.20956422
300,-0.1937866
301,-0.18060306
302,-0.15621948
303,-0.12646486
304,-0.095947266
305,-0.065155014
306,-0.03836059
307,0.010375971
308,0.08670043
309,0.14486697
310,0.19177243
311,0.2053528
312,0.18841557
313,0.1444397
314,0.090515114
315,0.01666261
316,-0.02819816
317,-0.04348754
318,-0.022613566
319,0.017547667
320,0.055511482
321,0.09594731
322,0.10083012
323,0.091979995
324,0.042419434
325,-0.020111084
326,-0.09805296
327,-0.14361574
328,-0.1546631
329,-0.15801995
330,-0.13720702
331,-0.119140565
332,-0.10787964
333,-0.11849971
334,-0.15411375
335,-0.20578001
336,-0.26187128
337,-0.28448486
338,-0.26290897
339,-0.23001093
340,-0.17141728
341,-0.12106316
342,-0.088378936
343,-0.10061641
344,-0.13336182
345,-0.18371582
346,-0.2356872
347,-0.33200073
348,-0.4682923
349,-0.5443116
350,-0.5693359
351,-0.51031494
352,-0.36795053
353,-0.16748041
354,0.06259152
355,0.27862546
356,0.50115967
357,0.6992797
358,0.8694459
359,0.9805908
360,1.0046079
361,0.96344006
362,0.8522339
363,0.7337036
364,0.62619007
365,0.5404358
366,0.4956056
367,0.51724255
368,0.5988159
369,0.6913148
370,0.7755431
371,0.82214355
372,0.8021852
373,0.70043933
374,0.538147
375,0.3475647
376,0.12301649
377,-0.13500972
378,-0.4166565
379,-0.6251831
380,-0.743347
381,-0.7417604
382,-0.6297302
383,-0.45803833
384,-0.25921625
385,-0.058776826
386,0.09927368
387,0.15899655
388,0.119751096
389,0.04223621
390,-0.060058653
391,-0.15078747
392,-0.18701193
393,-0.15536505
394,-0.0517883
395,0.095703214
396,0.27362052
397,0.44619745
398,0.5881653
399,0.6612853
400,0.64697266
401,0.5534974
402,0.41009527
403,0.25341797
404,0.11849961
405,0.012023777
406,-0.058166534
407,-0.08859247
408,-0.094268814
409,-0.08975214
410,-0.08508298
411,-0.07418832
412,-0.06723
413,-0.0652467
414,-0.06939693
415,-0.08068846
416,-0.10400385
417,-0.13421626
418,-0.17382807
419,-0.22372434
420,-0.2764587
421,-0.3072816
422,-0.32159424
423,-0.31399548
424,-0.2990111
425,-0.27856433
426,-0.25762942
427,-0.2432557
428,-0.23693854
429,-0.25314337
430,-0.28231803
431,-0.3334961
432,-0.35375988
433,-0.39657596
434,-0.41558838
435,-0.45446777
436,-0.4774171
437,-0.5060426
438,-0.5060121
439,-0.48504645
440,-0.42874134
441,-0.38742065
442,-0.31384283
443,-0.26235956
444,-0.18185431
445,-0.11312872
446,-0.029174864
447,0.03262326
448,0.085357666
449,0.11117554
450,0.124816895
451,0.10876468
452,0.11740115
453,0.09832765
454,0.10800168
455,0.103973374
456,0.1248779
457,0.13757326
458,0.16079712
459,0.17132567
460,0.18444823
461,0.178772
462,0.20175171
463,0.18820187
464,0.18637082
465,0.14767458
466,0.11624143
467,0.065002464
468,0.027038574
469,0.0030212253
470,-0.007812515
471,0.011962876
472,-0.021362305
473,-0.00045779347
474,-0.02758786
475,-0.013458252
476,-0.03366089
477,-0.03219603
478,-0.037017792
479,-0.0075683445
480,0.028198242
481,0.047302246
482,0.07437132
483,0.07489017
484,0.0885925
485,0.09545897
486,0.11636351
487,0.12088011
488,0.13357544
489,0.14047241
490,0.16113281
491,0.16802977
492,0.20867923
493,0.21820065
494,0.24304193
495,0.24160771
496,0.2347107
497,0.21386719
498,0.18243408
499,0.1517944
500,0.11087033
501,0.11373901
502,0.060638428
503,0.06417845
504,0.016815245
505,0.01650998
506,-0.028320312
507,-0.03591919
508,-0.07589722
509,-0.093627945
510,-0.1416321
511,-0.14053345
512,-0.20428468
513,-0.20126343
514,-0.24304198
515,-0.22491455
516,-0.23538207
517,-0.20120242
518,-0.184906
519,-0.14434813
520,-0.11862184
521,-0.086090095
522,-0.05792238
523,-0.028686516
524,0.004272431
525,0.02731324
526,0.050506584
527,0.08010864
528,0.095245376
529,0.123870865
530,0.13800047
531,0.17285158
532,0.19824219
533,0.22998048
534,0.24407959
535,0.2609253
536,0.26272583
537,0.2526245
538,0.25247192
539,0.24053946
540,0.24484247
541,0.23614502
542,0.23391722
543,0.22390749
544,0.21920778
545,0.22402953
546,0.21524046
547,0.21716309
548,0.21258543
549,0.19897461
550,0.18945312
551,0.16580199
552,0.15197755
553,0.13015746
554,0.118225105
555,0.09918213
556,0.07772827
557,0.0709839
558,0.058837906
559,0.05056764
560,0.040832534
561,0.02917482
562,0.01626587
563,0.0002746738
564,-0.020568846
565,-0.04681398
566,-0.07113648
567,-0.10275267
568,-0.11428833
569,-0.1405945
570,-0.14489745
571,-0.16055296
572,-0.1577759
573,-0.1636047
574,-0.16412352
575,-0.163208
576,-0.16210939
577,-0.17529297
578,-0.16638185
579,-0.18984985
580,-0.18014526
581,-0.19897462
582,-0.18933104
583,-0.20062256
584,-0.18222046
585,-0.19281003
586,-0.16448976
587,-0.15579224
588,-0.14935304
589,-0.13372804
590,-0.13699341
591,-0.124511726
592,-0.1331482
593,-0.120483406
594,-0.1182556
595,-0.09783935
596,-0.09390259
597,-0.08270264
598,-0.073394775
599,-0.0760193
600,-0.07037353
601,-0.07626342
602,-0.07159423
603,-0.06985474
604,-0.0689087
605,-0.06378175
606,-0.07006836
607,-0.07043457
608,-0.059570298
609,-0.059967045
610,-0.047393806
611,-0.049285904
612,-0.037445042
613,-0.040618896
614,-0.028137177
615,-0.046936035
616,-0.022735596
617,-0.04232788
618,-0.044342056
619,-0.05114746
620,-0.06820677
621,-0.075347885
622,-0.09365846
623,-0.10592651
624,-0.10949707
625,-0.13436888
626,-0.11685178
627,-0.14471436
628,-0.15310669
629,-0.16485597
630,-0.18328857
631,-0.18930052
632,-0.20446777
633,-0.2069092
634,-0.20709229
635,-0.20605469
636,-0.1873169
637,-0.1937561
638,-0.16726685
639,-0.15670778
640,-0.12973022
641,-0.11413574
642,-0.087707505
643,-0.06817629
644,-0.040069588
645,-0.024841309
646,0.010925297
647,0.015624993
648,0.05145263
649,0.06671144
650,0.093292244
651,0.10812378
652,0.124420166
653,0.14047243
654,0.14511108
655,0.16476442
656,0.14840695
657,0.1852112
658,0.1660156
659,0.18069461
660,0.17028809
661,0.17370605
662,0.16741943
663,0.16262816
664,0.1564331
665,0.15014648
666,0.15768433
667,0.14117429
668,0.13708498
669,0.12008667
670,0.10586548
671,0.090820335
672,0.08364868
673,0.07254027
674,0.06585693
675,0.048828125
676,0.051086433
677,0.028930644
678,0.0359497
679,0.03787232
680,0.03720092
681,0.05035403
682,0.04980468
683,0.058746353
684,0.053405736
685,0.06625365
686,0.044158936
687,0.07925415
688,0.05981444
689,0.08493043
690,0.07009887
691,0.09567258
692,0.08847046
693,0.10601807
694,0.095642075
695,0.11395265
696,0.0863342
697,0.12289429
698,0.09240723
699,0.115295425
700,0.08874515
701,0.10562133
702,0.09060672
703,0.09201045
704,0.07568362
705,0.06890868
706,0.051879898
707,0.045349106
708,0.030517604
709,0.032806404
710,0.013122562
711,0.019042984
712,0.0039367937
713,-0.004394524
714,-0.019989032
715,-0.03720094
716,-0.04968261
717,-0.068054214
718,-0.06750487
719,-0.08929443
720,-0.060150146
721,-0.078063965
722,-0.061553948
723,-0.06692504
724,-0.0612488
725,-0.0625
726,-0.06359865
727,-0.056762688
728,-0.054138176
729,-0.039520264
730,-0.04724119
731,-0.0366211
732,-0.047119148
733,-0.04785157
734,-0.056976315
735,-0.061889656
736,-0.071105964
737,-0.07919309
738,-0.0901184
739,-0.09091185
740,-0.10897827
741,-0.09805299
742,-0.100616455
743,-0.08712769
744,-0.07672119
745,-0.06692506
746,-0.054473862
747,-0.055755615
748,-0.042633045
749,-0.05163573
750,-0.014556892
751,-0.021606455
752,0.007904053
753,0.018890386
754,0.039825436
755,0.057891842
756,0.06259155
757,0.08493042
758,0.09362792
759,0.10177612
760,0.13058473
761,0.12069703
762,0.13470457
763,0.13079835
764,0.13018799
765,0.13430785
766,0.11541748
767,0.12515259
768,0.102172844
769,0.09957886
770,0.07553102
771,0.06698609
772,0.051727287
773,0.047058113
774,0.039947525
775,0.048034653
776,0.033538822
777,0.045898438
778,0.029235836
779,0.03033448
780,0.0131835975
781,0.013763429
782,0.002319334
783,0.005493164
784,0.0012206957
785,0.009368893
786,-0.0066833533
787,0.0011596754
788,-0.020141602
789,-0.022705093
790,-0.043518078
791,-0.048767082
792,-0.05786132
793,-0.062133797
794,-0.057800293
795,-0.063629135
796,-0.026092522
797,-0.041168213
798,-0.005432114
799,-0.011291519
800,0.011779796
801,0.009735104
802,0.02297973
803,0.024597168
804,0.03585816
805,0.048828118
806,0.045318592
807,0.06390381
808,0.057952866
809,0.068847656
810,0.059417725
811,0.058105484
812,0.042022694
813,0.028808601
814,0.0022583082
815,-0.014221191
816,-0.049285896
817,-0.052764893
818,-0.07843018
819,-0.08374024
820,-0.10293579
821,-0.11444091
822,-0.13296507
823,-0.14617921
824,-0.15505981
825,-0.17526244
826,-0.1532898
827,-0.17825317
828,-0.15475462
829,-0.1692505
830,-0.15753174
831,-0.1539612
832,-0.15240476
833,-0.13482669
834,-0.11746216
835,-0.10464477
836,-0.05868531
837,-0.05764772
838,-0.012390135
839,-0.0035095327
840,0.028289802
841,0.04788208
842,0.05984497
843,0.084045425
844,0.089202896
845,0.10250856
846,0.10070799
847,0.10531616
848,0.1027832
849,0.10830688
850,0.10815428
851,0.11874389
852,0.104827866
853,0.11468506
854,0.090850815
855,0.08013915
856,0.05212403
857,0.03311158
858,0.008972179
859,-0.0074462816
860,-0.026367195
861,-0.030822758
862,-0.057373032
863,-0.0550232
864,-0.07699585
865,-0.08081055
866,-0.09561158
867,-0.10366822
868,-0.110748306
869,-0.12387083
870,-0.12207031
871,-0.14398192
872,-0.115661606
873,-0.14300537
874,-0.119201645
875,-0.12637328
876,-0.110107444
877,-0.10348508
878,-0.09106445
879,-0.07553101
880,-0.05996703
881,-0.032959
882,-0.029022235
883,-0.0036621094
884,-0.0010986291
885,0.014801025
886,0.018249527
887,0.030914333
888,0.033050552
889,0.04171752
890,0.03689573
891,0.045867905
892,0.030059807
893,0.04528808
894,0.035400383
895,0.04446411
896,0.038146988
897,0.033081062
898,0.027557354
899,0.013397217
900,0.012237519
901,-0.014251709
902,0.00592041
903,-0.028198242
904,-0.017486565
905,-0.040374763
906,-0.03942871
907,-0.056365952
908,-0.055389404
909,-0.065521255
910,-0.057373047
911,-0.07113646
912,-0.041259773
913,-0.057830803
914,-0.049835183
915,-0.04730224
916,-0.04904177
917,-0.036376946
918,-0.042755116
919,-0.02938842
920,-0.03436278
921,-0.023956299
922,-0.02893066
923,-0.013397224
924,-0.023986839
925,0.00051880255
926,-0.004119877
927,0.023742683
928,0.020019513
929,0.03695678
930,0.033081055
931,0.04504393
932,0.04327392
933,0.061218254
934,0.052703843
935,0.08404541
936,0.08306888
937,0.11520386
938,0.12387085
939,0.16223146
940,0.18722534
941,0.23269647
942,0.26489252
943,0.31289667
944,0.32498166
945,0.3676453
946,0.3655396
947,0.38742065
948,0.37988287
949,0.39013678
950,0.38674927
951,0.39187616
952,0.39611807
953,0.3876037
954,0.4142456
955,0.37872317
956,0.40570068
957,0.3757019
958,0.4001465
959,0.37857062
960,0.3925171
961,0.3817138
962,0.38442984
963,0.3740844
964,0.3470459
965,0.33270267
966,0.28411868
967,0.2600708
968,0.20700072
969,0.17767337
970,0.13107298
971,0.09292604
972,0.034698382
973,-0.01123059
974,-0.08715825
975,-0.13095093
976,-0.22851557
977,-0.29092404
978,-0.39508057
979,-0.49118054
980,-0.6048279
981,-0.7109374
982,-0.821228
983,-0.93896484
984,-0.9910278
985,-1.0844729
986,-1.0980836
987,-1.1379396
988,-1.0932618
989,-1.0775146
990,-0.9722596
991,-0.89233387
992,-0.7501526
993,-0.6573183
994,-0.48941052
995,-0.41128546
996,-0.26507565
997,-0.18017578
998,-0.028411902
999,0.06564334
1000,0.21743773
1001,0.31890875
1002,0.43139642
1003,0.48184204
1004,0.5219116
1005,0.5175781
1006,0.50283813
1007,0.463379
1008,0.41784677
1009,0.32943726
1010,0.2506104
1011,0.15155035
1012,0.061645627
1013,-0.048187137
1014,-0.138336
1015,-0.24066162
1016,-0.32223535
1017,-0.42092907
1018,-0.50527966
1019,-0.5968934
1020,-0.6777344
1021,-0.7894591
1022,-0.8496704
1023,-0.88989246
1024,-0.87878406
1025,-0.8256531
1026,-0.74438477
1027,-0.6337892
1028,-0.5192567
1029,-0.37991345
1030,-0.28479022
1031,-0.16412354
1032,-0.1250915
1033,-0.10235593
1034,-0.15374757
1035,-0.22268677
1036,-0.3251648
1037,-0.41302493
1038,-0.490753
1039,-0.5344542
1040,-0.5115354
1041,-0.44073504
1042,-0.2945251
1043,-0.11532593
1044,0.117736936
1045,0.36248767
1046,0.6506347
1047,0.9141846
1048,1.1835022
1049,1.4122927
1050,1.6172485
1051,1.7493285
1052,1.8701783
1053,1.939667
1054,1.9775698
1055,1.9792483
1056,1.964386
1057,1.9000856
1058,1.8081055
1059,1.7064209
1060,1.5383301
1061,1.3802184
1062,1.1848145
1063,1.0287477
1064,0.8485718
1065,0.70819104
1066,0.5624696
1067,0.44372544
1068,0.3150636
1069,0.23437488
1070,0.12432872
1071,0.06359838
1072,-0.019500718
1073,-0.05950933
1074,-0.115173355
1075,-0.15661633
1076,-0.2114257
1077,-0.25915542
1078,-0.32028192
1079,-0.36810297
1080,-0.41766357
1081,-0.4595033
1082,-0.49450672
1083,-0.5123901
1084,-0.5134277
1085,-0.5032959
1086,-0.47756964
1087,-0.44229114
1088,-0.39111316
1089,-0.33288574
1090,-0.262268
1091,-0.1815489
1092,-0.10018921
1093,-0.0206604
1094,0.058410585
1095,0.12612903
1096,0.19134521
1097,0.22543344
1098,0.2641906
1099,0.26211548
1100,0.26635748
1101,0.24456787
1102,0.23181151
1103,0.20504759
1104,0.18414305
1105,0.15106204
1106,0.12091063
1107,0.06286615
1108,0.014923096
1109,-0.06613153
1110,-0.14450079
1111,-0.24984753
1112,-0.34912103
1113,-0.46115106
1114,-0.5650939
1115,-0.6683043
1116,-0.75329596
1117,-0.84497064
1118,-0.90393054
1119,-0.9685974
1120,-1.0022888
1121,-1.0379028
1122,-1.0504457
1123,-1.0624084
1124,-1.0553588
1125,-1.0496826
1126,-1.0245057
1127,-1.0118407
1128,-0.9701843
1129,-0.9413452
1130,-0.888855
1131,-0.8442687
1132,-0.7841798
1133,-0.7265626
1134,-0.6662903
1135,-0.6046449
1136,-0.5654602
1137,-0.49517816
1138,-0.47296143
1139,-0.41748047
1140,-0.401062
1141,-0.35809326
1142,-0.34066772
1143,-0.3052063
1144,-0.27896118
1145,-0.2399292
1146,-0.19769287
1147,-0.16900635
1148,-0.12490845
1149,-0.10168454
1150,-0.060150146
1151,-0.035949722
1152,0.0030212253
1153,0.029327393
1154,0.06021115
1155,0.08282469
1156,0.116424546
1157,0.13461305
1158,0.17572023
1159,0.20025635
1160,0.24136353
1161,0.2648621
1162,0.2894287
1163,0.30392456
1164,0.3108825
1165,0.31390378
1166,0.29803467
1167,0.3192749
1168,0.2890625
1169,0.31222534
1170,0.28173828
1171,0.2937622
1172,0.2593994
1173,0.26159668
1174,0.22921754
1175,0.2276001
1176,0.19424437
1177,0.20782472
1178,0.16378784
1179,0.17724611
1180,0.13735959
1181,0.1455078
1182,0.117309555
1183,0.12524413
1184,0.110839844
1185,0.12158202
1186,0.12036131
1187,0.13180543
1188,0.13003542
1189,0.14736941
1190,0.14624023
1191,0.1668091
1192,0.17489623
1193,0.19869995
1194,0.21112058
1195,0.23211667
1196,0.24624632
1197,0.26837158
1198,0.27886963
1199,0.30523682
1200,0.31195068
1201,0.3318787
1202,0.33218384
1203,0.34274292
1204,0.34152222
1205,0.34793088
1206,0.35125732
1207,0.35250854
1208,0.36480713
1209,0.34906006
1210,0.35769653
1211,0.3329773
1212,0.33642578
1213,0.30871582
1214,0.30856323
1215,0.28808594
1216,0.28308105
1217,0.26550293
1218,0.24322507
1219,0.22668456
1220,0.19372559
1221,0.17849731
1222,0.15353395
1223,0.14608765
1224,0.1321106
1225,0.13204956
1226,0.12313842
1227,0.1256714
1228,0.11724852
1229,0.12915039
1230,0.1223755
1231,0.1352539
1232,0.1315613
1233,0.13583374
1234,0.13046263
1235,0.1310425
1236,0.1298523
1237,0.12631224
1238,0.13958742
1239,0.12506104
1240,0.14157104
1241,0.12506104
1242,0.13711548
1243,0.119323716
1244,0.131073
1245,0.11727907
1246,0.11749269
1247,0.095703155
1248,0.09637453
1249,0.0569458
1250,0.05331421
1251,0.014312759
1252,0.012908906
1253,-0.012847915
1254,-0.01058957
1255,-0.02905275
1256,-0.03314209
1257,-0.050476074
1258,-0.06253055
1259,-0.082702614
1260,-0.09939572
1261,-0.11871339
1262,-0.13619992
1263,-0.15457153
1264,-0.17639159
1265,-0.19088742
1266,-0.20532227
1267,-0.21057127
1268,-0.21395873
1269,-0.20983884
1270,-0.20437622
1271,-0.1977539
1272,-0.19519041
1273,-0.19506836
1274,-0.1973877
1275,-0.19726561
1276,-0.1986389
1277,-0.19641115
1278,-0.19064328
1279,-0.1791687
1280,-0.1708679
1281,-0.15856932
1282,-0.15072633
1283,-0.13873293
1284,-0.13156126
1285,-0.12661742
1286,-0.123474106
1287,-0.12789918
1288,-0.12875366
1289,-0.1378479
1290,-0.14401242
1291,-0.15380858
1292,-0.16241455
1293,-0.17050174
1294,-0.17858885
1295,-0.18225098
1296,-0.18423462
1297,-0.18225099
1298,-0.17849733
1299,-0.1750183
1300,-0.16912842
1301,-0.16577148
1302,-0.16354369
1303,-0.16134644
1304,-0.1609497
1305,-0.15673828
1306,-0.1513977
1307,-0.14004515
1308,-0.12838745
1309,-0.10986327
1310,-0.09344484
1311,-0.07028198
1312,-0.046081543
1313,-0.019714333
1314,0.0043640137
1315,0.024230957
1316,0.04318238
1317,0.05029297
1318,0.05734253
1319,0.062377922
1320,0.06661987
1321,0.071746826
1322,0.073791504
1323,0.07940674
1324,0.087280296
1325,0.095123306
1326,0.1071167
1327,0.113037094
1328,0.12194823
1329,0.12359616
1330,0.12713623
1331,0.117126465
1332,0.11401367
1333,0.09103394
1334,0.081878684
1335,0.058898937
1336,0.04421996
1337,0.023193352
1338,0.008453347
1339,-0.0105590895
1340,-0.02209472
1341,-0.039123528
1342,-0.043426506
1343,-0.057922356
1344,-0.05453492
1345,-0.062042244
1346,-0.06192018
1347,-0.06845091
1348,-0.06851198
1349,-0.072784424
1350,-0.0675354
1351,-0.067657486
1352,-0.052520752
1353,-0.044067383
1354,-0.018585194
1355,-0.0056152353
1356,0.0132751465
1357,0.026062014
1358,0.038848862
1359,0.047851562
1360,0.06311035
1361,0.066070564
1362,0.08294678
1363,0.08129884
1364,0.088195816
1365,0.086486846
1366,0.08670044
1367,0.083312996
1368,0.07510377
1369,0.066467285
1370,0.050964355
1371,0.044250518
1372,0.016143795
1373,0.007080063
1374,-0.023101814
1375,-0.032318108
1376,-0.045806907
1377,-0.049163844
1378,-0.048461918
1379,-0.04147338
1380,-0.029602028
1381,-0.018035881
1382,-0.0012512058
1383,0.0042419136
1384,0.016540535
1385,0.01565551
1386,0.014282204
1387,0.010406472
1388,0.007141106
1389,-0.0040588304
1390,-0.010070814
1391,-0.025787339
1392,-0.025390625
1393,-0.035827614
1394,-0.033020027
1395,-0.037750244
1396,-0.036285385
1397,-0.035858124
1398,-0.037902817
1399,-0.037414566
1400,-0.039245635
1401,-0.033874497
1402,-0.037048355
1403,-0.010681137
1404,-0.008178711
1405,0.016204849
1406,0.034942627
1407,0.06842042
1408,0.09442139
1409,0.12808228
1410,0.14733887
1411,0.17666629
1412,0.17980957
1413,0.20156857
1414,0.18682861
1415,0.18615723
1416,0.17144775
1417,0.16986084
1418,0.16156009
1419,0.15457153
1420,0.14416507
1421,0.13848877
1422,0.12316896
1423,0.10028078
1424,0.075286865
1425,0.050750732
1426,0.020965599
1427,-0.010650635
1428,-0.040985078
1429,-0.06875612
1430,-0.09603883
1431,-0.12039186
1432,-0.1409607
1433,-0.15173338
1434,-0.15765381
1435,-0.16290283
1436,-0.16296387
1437,-0.16262816
1438,-0.16607668
1439,-0.16671754
1440,-0.17279054
1441,-0.18426514
1442,-0.19454956
1443,-0.19934082
1444,-0.20498657
1445,-0.2067566
1446,-0.20190431
1447,-0.18817139
1448,-0.17306519
1449,-0.15444946
1450,-0.13592531
1451,-0.118743904
1452,-0.10394287
1453,-0.09487915
1454,-0.09246826
1455,-0.07833864
1456,-0.071929924
1457,-0.057311997
1458,-0.044067375
1459,-0.024047844
1460,-0.006011963
1461,0.017730707
1462,0.033386238
1463,0.044830326
1464,0.048492443
1465,0.058319103
1466,0.053070065
1467,0.049163822
1468,0.033538803
1469,0.029205315
1470,0.021392819
1471,0.026947018
1472,0.02706911
1473,0.041442875
1474,0.048553452
1475,0.06582644
1476,0.07141113
1477,0.07687375
1478,0.0675354
1479,0.058563247
1480,0.042785615
1481,0.026885964
1482,0.014129624
1483,0.008483894
1484,0.020385712
1485,0.072662376
1486,0.1266785
1487,0.16714476
1488,0.18832396
1489,0.17306516
1490,0.11715696
1491,0.03781128
1492,-0.035369862
1493,-0.11071777
1494,-0.14572144
1495,-0.14517215
1496,-0.10299684
1497,-0.05755618
1498,-0.0065613193
1499,0.016357346
1500,-0.0005493099
1501,-0.031494137
1502,-0.07598874
1503,-0.1178894
1504,-0.15545657
1505,-0.14474487
1506,-0.124816895
1507,-0.07812508
1508,-0.03375251
1509,0.011627108
1510,0.016540546
1511,0.01776123
1512,0.0043029636
1513,-0.0022582784
1514,-0.001434356
1515,0.046112083
1516,0.100280724
1517,0.17285147
1518,0.22930905
1519,0.26007074
1520,0.23257452
1521,0.17633054
1522,0.09399411
1523,0.0025635213
1524,-0.10317991
1525,-0.26141366
1526,-0.3827821
1527,-0.44094852
1528,-0.43716428
1529,-0.35467523
1530,-0.1982726
1531,-0.001739502
1532,0.1887207
1533,0.37387082
1534,0.5423584
1535,0.68075573
1536,0.77505493
1537,0.7748108
1538,0.7498779
1539,0.6573181
1540,0.56088257
1541,0.4357605
1542,0.3461609
1543,0.26483154
1544,0.25006104
1545,0.29129028
1546,0.37786865
1547,0.45471194
1548,0.505951
1549,0.49478143
1550,0.40328985
1551,0.27175903
1552,0.10070796
1553,-0.09094237
1554,-0.32376096
1555,-0.59262097
1556,-0.8330078
1557,-0.9633789
1558,-1.0132142
1559,-0.9310607
1560,-0.75942993
1561,-0.52465814
1562,-0.30966187
1563,-0.12066656
1564,-0.021789521
1565,-0.035064638
1566,-0.11831677
1567,-0.21990958
1568,-0.30529776
1569,-0.3344726
1570,-0.25888065
1571,-0.14004517
1572,0.017944366
1573,0.1756591
1574,0.3398133
1575,0.47335827
1576,0.57058716
1577,0.577881
1578,0.53686535
1579,0.4240418
1580,0.31091297
1581,0.1820984
1582,0.085052535
1583,-0.012786917
1584,-0.07598868
1585,-0.12326051
1586,-0.14498892
1587,-0.17318715
1588,-0.19982915
1589,-0.23626703
1590,-0.27883923
1591,-0.31478876
1592,-0.33776852
1593,-0.34356692
1594,-0.33358762
1595,-0.31518552
1596,-0.28887928
1597,-0.24887073
1598,-0.1934205
1599,-0.11645514
1600,-0.029571503
1601,0.052215546
1602,0.11486828
1603,0.15246585
1604,0.16363513
1605,0.15151978
1606,0.13165292
1607,0.113586456
1608,0.09713751
1609,0.08450323
1610,0.081909254
1611,0.08435069
1612,0.09484851
1613,0.09652701
1614,0.095397934
1615,0.087066665
1616,0.065826416
1617,0.034271285
1618,-0.012298614
1619,-0.06988528
1620,-0.13485722
1621,-0.19961545
1622,-0.25234982
1623,-0.28353885
1624,-0.29208368
1625,-0.2876281
1626,-0.28128052
1627,-0.27557373
1628,-0.2693787
1629,-0.25793472
1630,-0.23614505
1631,-0.21548475
1632,-0.18682845
1633,-0.13504022
1634,-0.07052612
1635,-0.0019837618
1636,0.07095334
1637,0.14096063
1638,0.21093753
1639,0.27938846
1640,0.3503725
1641,0.4094238
1642,0.46072373
1643,0.5131531
1644,0.5588988
1645,0.5944519
1646,0.61880505
1647,0.63040155
1648,0.62371826
1649,0.60058606
1650,0.5625001
1651,0.51367193
1652,0.4545287
1653,0.39163208
1654,0.3256225
1655,0.25732422
1656,0.18652348
1657,0.11434932
1658,0.03787233
1659,-0.03753668
1660,-0.11172494
1661,-0.18203738
1662,-0.24890131
1663,-0.31558228
1664,-0.38195795
1665,-0.44482428
1666,-0.5007325
1667,-0.54544073
1668,-0.5735473
1669,-0.5845032
1670,-0.57894903
1671,-0.5610352
1672,-0.5326538
1673,-0.50064087
1674,-0.4664306
1675,-0.4311219
1676,-0.40039068
1677,-0.37146
1678,-0.34411618
1679,-0.3170776
1680,-0.29556274
1681,-0.27221683
1682,-0.24813844
1683,-0.21914673
1684,-0.18411253
1685,-0.1481018
1686,-0.10940549
1687,-0.07452391
1688,-0.044342056
1689,-0.018707277
1690,0.0016479425
1691,0.020111075
1692,0.036315918
1693,0.054351836
1694,0.072143555
1695,0.08999632
1696,0.10668945
1697,0.119506836
1698,0.12997435
1699,0.13815309
1700,0.14300536
1701,0.14691162
1702,0.1467285
1703,0.14215091
1704,0.13308716
1705,0.121612564
1706,0.102447525
1707,0.08139038
1708,0.059600815
1709,0.03952025
1710,0.018188462
1711,-0.0028076172
1712,-0.018066406
1713,-0.033325218
1714,-0.04251099
1715,-0.049316414
1716,-0.05410766
1717,-0.060546875
1718,-0.057159424
1719,-0.0625
1720,-0.0574646
1721,-0.05703734
1722,-0.045715325
1723,-0.034362793
1724,-0.015350327
1725,0.0049133245
1726,0.028594954
1727,0.045318604
1728,0.06750488
1729,0.077880874
1730,0.09625244
1731,0.107940674
1732,0.12252807
1733,0.1346741
1734,0.1435852
1735,0.14910889
1736,0.15444945
1737,0.15481566
1738,0.1609802
1739,0.15414429
1740,0.154541
1741,0.14495847
1742,0.13122557
1743,0.11001587
1744,0.09210203
1745,0.07073973
1746,0.05618287
1747,0.04144288
1748,0.03735353
1749,0.023284905
1750,0.0194702
1751,0.0065612495
1752,-0.0021667555
1753,-0.015991233
1754,-0.029602047
1755,-0.03878784
1756,-0.048919678
1757,-0.048126213
1758,-0.0527954
1759,-0.0359192
1760,-0.03216554
1761,-0.017700203
1762,-0.0081481915
1763,0.004089359
1764,0.0067138635
1765,0.010223396
1766,0.016571049
1767,0.019958496
1768,0.031921368
1769,0.03259277
1770,0.04040529
1771,0.041473392
1772,0.0376892
1773,0.02816772
1774,0.018798813
1775,-0.0005798489
1776,-0.014526352
1777,-0.032562256
1778,-0.04251099
1779,-0.05642698
1780,-0.059326172
1781,-0.065338135
1782,-0.06619263
1783,-0.06997682
1784,-0.07321166
1785,-0.07598877
1786,-0.081512436
1787,-0.07965089
1788,-0.087585434
1789,-0.072631836
1790,-0.072967544
1791,-0.059600845
1792,-0.054046635
1793,-0.04156494
1794,-0.033325188
1795,-0.016662586
1796,-0.0015258687
1797,0.025238037
1798,0.042449936
1799,0.078857414
1800,0.09594726
1801,0.1267395
1802,0.14349365
1803,0.16107179
1804,0.17385864
1805,0.18383786
1806,0.1935425
1807,0.19769284
1808,0.19647214
1809,0.19122314
1810,0.1831665
1811,0.17465211
1812,0.16781616
1813,0.16345215
1814,0.15774536
1815,0.15316772
1816,0.14575197
1817,0.13674925
1818,0.12295531
1819,0.10940553
1820,0.09710695
1821,0.08392333
1822,0.07366942
1823,0.06851195
1824,0.0656128
1825,0.064270005
1826,0.062042236
1827,0.061615005
1828,0.065032944
1829,0.07342529
1830,0.081481926
1831,0.09484864
1832,0.10437012
1833,0.11553955
1834,0.11914062
1835,0.12789916
1836,0.1270752
1837,0.12854001
1838,0.12301635
1839,0.11920165
1840,0.10968018
1841,0.10241699
1842,0.08996582
1843,0.07995609
1844,0.05828856
1845,0.046966553
1846,0.027343735
1847,0.014587417
1848,-0.0043029636
1849,-0.01971434
1850,-0.036743164
1851,-0.05377198
1852,-0.07241824
1853,-0.07891846
1854,-0.09484864
1855,-0.100494415
1856,-0.112152115
1857,-0.113281235
1858,-0.11868285
1859,-0.11590575
1860,-0.11233518
1861,-0.103820786
1862,-0.09963991
1863,-0.086547874
1864,-0.08349608
1865,-0.074981704
1866,-0.07632446
1867,-0.07327272
1868,-0.07455444
1869,-0.06994629
1870,-0.06259155
1871,-0.054046623
1872,-0.038238525
1873,-0.032684334
1874,-0.0148926005
1875,-0.014831528
1876,-0.008300763
1877,-0.016082741
1878,-0.02029419
1879,-0.03506469
1880,-0.04837036
1881,-0.07040406
1882,-0.090362564
1883,-0.11047363
1884,-0.13659671
1885,-0.15783691
1886,-0.18356325
1887,-0.19961545
1888,-0.21786498
1889,-0.22814941
1890,-0.2397461
1891,-0.24362183
1892,-0.24899295
1893,-0.2434082
1894,-0.2453308
1895,-0.23507692
1896,-0.23077396
1897,-0.21743774
1898,-0.20700073
1899,-0.19155885
1900,-0.1758728
1901,-0.15695189
1902,-0.13378908
1903,-0.11633301
1904,-0.08383178
1905,-0.07049558
1906,-0.04595946
1907,-0.0362854
1908,-0.017608631
1909,-0.012390163
1910,-9.153783e-05
1911,0.0017700195
1912,0.009765621
1913,0.0042724498
1914,0.013488784
1915,0.00039674342
1916,0.002014175
1917,-0.009216312
1918,-0.011108402
1919,-0.022216804
1920,-0.028259262
1921,-0.03750613
1922,-0.042541496
1923,-0.051025376
1924,-0.055450436
1925,-0.059906013
1926,-0.06018067
1927,-0.060089096
1928,-0.05960083
1929,-0.058715813
1930,-0.057342544
1931,-0.053741463
1932,-0.046783462
1933,-0.040130615
1934,-0.029327378
1935,-0.017700188
1936,-0.0093994215
1937,0.00097655505
1938,0.010284428
1939,0.01892091
1940,0.028472908
1941,0.039215088
1942,0.046997085
1943,0.055358883
1944,0.063323975
1945,0.06900026
1946,0.07128907
1947,0.06924437
1948,0.064270034
1949,0.059478752
1950,0.05279542
1951,0.048614506
1952,0.044708256
1953,0.04397583
1954,0.043395996
1955,0.044799805
1956,0.051025387
1957,0.052062996
1958,0.053375266
1959,0.05352786
1960,0.05319213
1961,0.05252074
1962,0.056854255
1963,0.060485862
1964,0.065643296
1965,0.07019042
1966,0.075653054
1967,0.07571411
1968,0.074340835
1969,0.073242225
1970,0.070251465
1971,0.06433106
1972,0.05511475
1973,0.044189453
1974,0.03656005
1975,0.032928474
1976,0.025177002
1977,0.017669667
1978,0.0068664625
1979,-9.1552734e-05
1980,-0.010070797
1981,-0.017395005
1982,-0.025634762
1983,-0.027893074
1984,-0.025695795
1985,-0.016540525
1986,-0.0034789927
1987,0.010162348
1988,0.024749763
1989,0.039306648
1990,0.048645034
1991,0.05667115
1992,0.061401375
1993,0.06436157
1994,0.06628418
1995,0.06738282
1996,0.068908684
1997,0.066711426
1998,0.06732179
1999,0.06515503
2000,0.061309807
2001,0.054199222
2002,0.049072262
2003,0.039825432
2004,0.031372067
2005,0.023132313
2006,0.015960693
2007,0.009887695
2008,0.0022888146
2009,-0.00662232
2010,-0.012420662
2011,-0.017364495
2012,-0.021698002
2013,-0.024902344
2014,-0.027740471
2015,-0.02542115
2016,-0.024749741
2017,-0.018859863
2018,-0.011169441
2019,-0.003814702
2020,0.0050354023
2021,0.01379396
2022,0.02020264
2023,0.026061997
2024,0.03231812
2025,0.040527344
2026,0.045623794
2027,0.054168697
2028,0.064697266
2029,0.07513427
2030,0.08465576
2031,0.09124757
2032,0.0951233
2033,0.09567259
2034,0.091308594
2035,0.08291625
2036,0.07446289
2037,0.067871094
2038,0.060272213
2039,0.049835205
2040,0.044036876
2041,0.041412357
2042,0.042297374
2043,0.04168699
2044,0.039123535
2045,0.03775024
2046,0.03515625
2047,0.034942638
2048,0.034912102
2049,0.032440186
2050,0.032897945
2051,0.032867435
2052,0.035430897
2053,0.037933353
2054,0.03778076
2055,0.036529545
2056,0.03466796
2057,0.031127926
2058,0.028442394
2059,0.025421131
2060,0.021911614
2061,0.018890373
2062,0.016021729
2063,0.0152282715
2064,0.013885494
2065,0.011016849
2066,0.011077875
2067,0.010253899
2068,0.008392323
2069,0.008850107
2070,0.009307882
2071,0.009124752
2072,0.00643922
2073,0.0034484714
2074,0.0012817306
2075,-0.0038146945
2076,-0.008880615
2077,-0.0129394485
2078,-0.01727296
2079,-0.020080559
2080,-0.024017327
2081,-0.02719117
2082,-0.03036499
2083,-0.033844005
2084,-0.037689216
2085,-0.042327873
2086,-0.045867927
2087,-0.048461907
2088,-0.049926758
2089,-0.04879761
2090,-0.05075075
2091,-0.051879887
2092,-0.053131115
2093,-0.05291747
2094,-0.05032348
2095,-0.048126217
2096,-0.041229255
2097,-0.034790035
2098,-0.025360098
2099,-0.015197763
2100,-0.005432142
2101,0.004089348
2102,0.016204834
2103,0.028594963
2104,0.040801995
2105,0.051849365
2106,0.05999755
2107,0.06793213
2108,0.07199097
2109,0.075653076
2110,0.07736205
2111,0.07562256
2112,0.07397462
2113,0.071441635
2114,0.067626946
2115,0.061706543
2116,0.051483154
2117,0.04168701
2118,0.028289787
2119,0.011871338
2120,-0.004150398
2121,-0.019866943
2122,-0.03366088
2123,-0.04684448
2124,-0.053497296
2125,-0.057006836
2126,-0.057373043
2127,-0.054595925
2128,-0.04452514
2129,-0.034515396
2130,-0.020111091
2131,0.0035095066
2132,0.03475954
2133,0.06866457
2134,0.10614021
2135,0.13760373
2136,0.16372678
2137,0.17837527
2138,0.1913147
2139,0.19888301
2140,0.20474243
2141,0.21142578
2142,0.22244264
2143,0.23260503
2144,0.23602295
2145,0.23525998
2146,0.22561641
2147,0.20724486
2148,0.18344116
2149,0.15991205
2150,0.13427734
2151,0.111480676
2152,0.096191466
2153,0.080688536
2154,0.061767608
2155,0.04382324
2156,0.02157589
2157,-0.005035408
2158,-0.03228757
2159,-0.061950788
2160,-0.09072872
2161,-0.11990361
2162,-0.15051264
2163,-0.180603
2164,-0.20889275
2165,-0.24758917
2166,-0.2944947
2167,-0.34265143
2168,-0.39559934
2169,-0.4574281
2170,-0.5260009
2171,-0.6017151
2172,-0.7004699
2173,-0.7976991
2174,-0.88659674
2175,-0.9759521
2176,-1.0429688
2177,-1.0829773
2178,-1.1036072
2179,-1.1055298
2180,-1.0917358
2181,-1.0457458
2182,-0.9754639
2183,-0.8710022
2184,-0.7359923
2185,-0.59393317
2186,-0.44979864
2187,-0.30090338
2188,-0.1548156
2189,-0.010437071
2190,0.123291045
2191,0.2601929
2192,0.38339227
2193,0.49560538
2194,0.5950013
2195,0.66467273
2196,0.7084656
2197,0.7390747
2198,0.7476501
2199,0.73974615
2200,0.7187499
2201,0.6789245
2202,0.6039125
2203,0.5109253
2204,0.38629127
2205,0.24746728
2206,0.11505139
2207,-0.023498416
2208,-0.16036981
2209,-0.29504377
2210,-0.43429577
2211,-0.5878297
2212,-0.73126245
2213,-0.8616334
2214,-0.9581908
2215,-1.0044554
2216,-1.0109863
2217,-0.9639283
2218,-0.8631591
2219,-0.7267455
2220,-0.5676881
2221,-0.3967284
2222,-0.23364282
2223,-0.086578414
2224,0.03723158
2225,0.11779784
2226,0.1694336
2227,0.19396974
2228,0.1966247
2229,0.18603522
2230,0.19006348
2231,0.22183251
2232,0.2730714
2233,0.35403454
2234,0.4674374
2235,0.6112672
2236,0.78427124
2237,0.97146624
2238,1.1616516
2239,1.3508303
2240,1.5287473
2241,1.6718749
2242,1.8000183
2243,1.885315
2244,1.9185789
2245,1.9377136
2246,1.9179689
2247,1.8515017
2248,1.7539978
2249,1.6349182
2250,1.4870605
2251,1.303192
2252,1.1165465
2253,0.9145202
2254,0.70266724
2255,0.5133362
2256,0.33267203
2257,0.16641235
2258,0.027557492
2259,-0.08734131
2260,-0.16790769
2261,-0.22805786
2262,-0.26922607
2263,-0.29818726
2264,-0.31170666
2265,-0.31695557
2266,-0.3123476
2267,-0.30480963
2268,-0.29782093
2269,-0.29910278
2270,-0.29885864
2271,-0.30682373
2272,-0.3225402
2273,-0.34362787
2274,-0.3668213
2275,-0.38818377
2276,-0.4099731
2277,-0.42327887
2278,-0.4356385
2279,-0.44076538
2280,-0.43829322
2281,-0.42401123
2282,-0.3941648
2283,-0.3470459
2284,-0.2889099
2285,-0.22131348
2286,-0.15618885
2287,-0.09588623
2288,-0.0494996
2289,-0.014465421
2290,0.0017700791
2291,0.008483812
2292,0.008880667
2293,-0.0002441872
2294,-0.0119628385
2295,-0.030517634
2296,-0.055358887
2297,-0.08612059
2298,-0.1265258
2299,-0.17337038
2300,-0.22769165
2301,-0.28842163
2302,-0.35720828
2303,-0.4328308
2304,-0.51681507
2305,-0.6086732
2306,-0.6979064
2307,-0.7909852
2308,-0.87420654
2309,-0.95047
2310,-1.016937
2311,-1.07312
2312,-1.1225281
2313,-1.1606444
2314,-1.1854857
2315,-1.197113
2316,-1.1873473
2317,-1.1609194
2318,-1.1143496
2319,-1.0492555
2320,-0.96994
2321,-0.88226306
2322,-0.79040515
2323,-0.699188
2324,-0.60888684
2325,-0.5256653
2326,-0.44375604
2327,-0.3671265
2328,-0.29827872
2329,-0.23715198
2330,-0.184021
2331,-0.13769537
2332,-0.09475708
2333,-0.055969357
2334,-0.022094727
2335,0.0045472085
2336,0.025543243
2337,0.042236313
2338,0.050964415
2339,0.05517578
2340,0.057373017
2341,0.06375119
2342,0.07333371
2343,0.08929446
2344,0.10626228
2345,0.12591545
2346,0.15188591
2347,0.18264769
2348,0.22021472
2349,0.2637328
2350,0.30850217
2351,0.35501096
2352,0.39645386
2353,0.4353944
2354,0.46963498
2355,0.500061
2356,0.52792346
2357,0.5545045
2358,0.57543933
2359,0.5948181
2360,0.6105041
2361,0.62115467
2362,0.62457275
2363,0.62277216
2364,0.61733997
2365,0.6110841
2366,0.5965881
2367,0.58316046
2368,0.56640625
2369,0.5490724
2370,0.5281372
2371,0.508026
2372,0.48632812
2373,0.47003162
2374,0.45333856
2375,0.43731695
2376,0.41842645
2377,0.4010315
2378,0.3849792
2379,0.3717041
2380,0.3576355
2381,0.3482666
2382,0.34420782
2383,0.34985352
2384,0.36221313
2385,0.3774414
2386,0.39395142
2387,0.40093994
2388,0.4000854
2389,0.3850403
2390,0.3640442
2391,0.33270258
2392,0.2950135
2393,0.24383543
2394,0.18688966
2395,0.13265988
2396,0.077819824
2397,0.030303955
2398,-0.0074461997
2399,-0.03387457
2400,-0.049560606
2401,-0.052642763
2402,-0.048736632
2403,-0.03933713
2404,-0.0262146
2405,-0.010986328
2406,6.1020255e-05
2407,0.009185791
2408,0.019592226
2409,0.032226577
2410,0.04067993
2411,0.051116943
2412,0.060760528
2413,0.074554436
2414,0.09161377
2415,0.1105957
2416,0.12457275
2417,0.12808226
2418,0.12255854
2419,0.10485842
2420,0.078796394
2421,0.044464067
2422,0.0097961575
2423,-0.027099632
2424,-0.05892942
2425,-0.088012725
2426,-0.11068724
2427,-0.13208008
2428,-0.15524283
2429,-0.1804505
2430,-0.20431522
2431,-0.22811887
2432,-0.2482911
2433,-0.26824948
2434,-0.28921506
2435,-0.30822757
2436,-0.3243103
2437,-0.33944702
2438,-0.34848017
2439,-0.3526612
2440,-0.3457642
2441,-0.32885736
2442,-0.3057862
2443,-0.28036496
2444,-0.25735474
2445,-0.23266605
2446,-0.21173096
2447,-0.19085695
2448,-0.16964725
2449,-0.14749146
2450,-0.12930298
2451,-0.11471559
2452,-0.10324098
2453,-0.096435554
2454,-0.090545654
2455,-0.088989265
2456,-0.09109495
2457,-0.094116196
2458,-0.107727066
2459,-0.12576295
2460,-0.15075682
2461,-0.17904665
2462,-0.21166992
2463,-0.24414062
2464,-0.27194214
2465,-0.29833984
2466,-0.32019043
2467,-0.33795166
2468,-0.35430908
2469,-0.3650818
2470,-0.3717041
2471,-0.36892706
2472,-0.36428833
2473,-0.35375977
2474,-0.34017944
2475,-0.3269043
2476,-0.31048587
2477,-0.2927246
2478,-0.271698
2479,-0.24829102
2480,-0.22354126
2481,-0.19894409
2482,-0.16909793
2483,-0.13745116
2484,-0.10449218
2485,-0.07473759
2486,-0.046722412
2487,-0.019500718
2488,0.0041503757
2489,0.021087617
2490,0.039550796
2491,0.05291748
2492,0.06405641
2493,0.07092282
2494,0.07531738
2495,0.07800293
2496,0.078308105
2497,0.076690644
2498,0.0765686
2499,0.07299805
2500,0.069946274
2501,0.06381227
2502,0.053833038
2503,0.04226683
2504,0.0246277
2505,0.007019043
2506,-0.012298584
2507,-0.030395523
2508,-0.043945312
2509,-0.053741425
2510,-0.058166534
2511,-0.059661835
2512,-0.05505371
2513,-0.048583984
2514,-0.041534394
2515,-0.034851074
2516,-0.026214607
2517,-0.0148315355
2518,-0.005126942
2519,0.004119858
2520,0.014739998
2521,0.02700806
2522,0.04196167
2523,0.058563203
2524,0.07714844
2525,0.09774779
2526,0.11831665
2527,0.14065549
2528,0.16409302
2529,0.18322752
2530,0.19949342
2531,0.20941162
2532,0.21487425
2533,0.21981809
2534,0.21670534
2535,0.21499634
2536,0.21307375
2537,0.20935056
2538,0.2102356
2539,0.21066284
2540,0.21606445
2541,0.21618654
2542,0.21878052
2543,0.2185669
2544,0.21328734
2545,0.20501709
2546,0.19900513
2547,0.19055176
2548,0.17919923
2549,0.16851808
2550,0.1614685
2551,0.15634155
2552,0.15194704
2553,0.15005495
2554,0.14840695
2555,0.14630128
2556,0.1451416
2557,0.1425476
2558,0.13848877
2559,0.13366699
2560,0.124755874
2561,0.117126465
2562,0.105773926
2563,0.09167482
2564,0.082183845
2565,0.070983894
2566,0.06146241
2567,0.049957275
2568,0.03695681
2569,0.026214585
2570,0.010131836
2571,-0.0010986282
2572,-0.012359623
2573,-0.019744884
2574,-0.023986802
2575,-0.026458737
2576,-0.023437496
2577,-0.020324683
2578,-0.017883295
2579,-0.01416016
2580,-0.0075073466
2581,0.0015564077
2582,0.012908932
2583,0.027343731
2584,0.043579113
2585,0.057556152
2586,0.073089615
2587,0.08679199
2588,0.09918213
2589,0.10940552
2590,0.117309585
2591,0.12615968
2592,0.13317871
2593,0.13638307
2594,0.14031982
2595,0.1398926
2596,0.13708498
2597,0.13189696
2598,0.12356566
2599,0.11785891
2600,0.109436035
2601,0.10464477
2602,0.10034181
2603,0.09585573
2604,0.09182739
2605,0.08682254
2606,0.079132095
2607,0.07427979
2608,0.068267815
2609,0.06338503
2610,0.05844114
2611,0.054351814
2612,0.052673317
2613,0.051971413
2614,0.051300056
2615,0.05172729
2616,0.051879905
2617,0.05221559
2618,0.054351807
2619,0.055114754
2620,0.05142212
2621,0.04257203
2622,0.032165505
2623,0.018981919
2624,0.008544937
2625,-0.0017090067
2626,-0.01281739
2627,-0.024871841
2628,-0.036285415
2629,-0.04711914
2630,-0.057647705
2631,-0.06777952
2632,-0.077270515
2633,-0.08642578
2634,-0.09259032
2635,-0.09716798
2636,-0.10302737
2637,-0.104492195
2638,-0.109222434
2639,-0.11285399
2640,-0.113494895
2641,-0.114776626
2642,-0.112670906
2643,-0.11206056
2644,-0.11325073
2645,-0.113861114
2646,-0.11587524
2647,-0.113494866
2648,-0.11117555
2649,-0.103973396
2650,-0.09927369
2651,-0.09774782
2652,-0.097381584
2653,-0.09902956
2654,-0.10220337
2655,-0.106872566
2656,-0.112030044
2657,-0.12228394
2658,-0.12887573
2659,-0.13714598
2660,-0.14193723
2661,-0.14813231
2662,-0.1524353
2663,-0.15713502
2664,-0.15774536
2665,-0.15548706
2666,-0.15383913
2667,-0.15527344
2668,-0.1571045
2669,-0.15982056
2670,-0.16351317
2671,-0.16711426
2672,-0.17214967
2673,-0.17718504
2674,-0.17953491
2675,-0.1806946
2676,-0.17993166
2677,-0.17633054
2678,-0.17102052
2679,-0.16424562
2680,-0.15612793
2681,-0.14849856
2682,-0.1418152
2683,-0.13000488
2684,-0.120330796
2685,-0.1087036
2686,-0.09722905
2687,-0.061462395
2688,-0.002014123
2689,0.045959514
2690,0.07904052
2691,0.08102414
2692,0.048004188
2693,-0.0064087063
2694,-0.07943723
2695,-0.14279175
2696,-0.19940187
2697,-0.21188357
2698,-0.17108151
2699,-0.10964959
2700,-0.045043945
2701,-0.011535682
2702,-0.019256562
2703,-0.05130005
2704,-0.1067505
2705,-0.16583255
2706,-0.22866821
2707,-0.25942993
2708,-0.23391718
2709,-0.18402095
2710,-0.11911015
2711,-0.07260139
2712,-0.054077134
2713,-0.053924568
2714,-0.07525636
2715,-0.10363768
2716,-0.1387024
2717,-0.1444397
2718,-0.10620121
2719,-0.047027513
2720,0.015747078
2721,0.06875606
2722,0.09185794
2723,0.072692856
2724,0.027252242
2725,-0.03143308
2726,-0.09182736
2727,-0.18002316
2728,-0.2887269
2729,-0.35253906
2730,-0.35842884
2731,-0.30368042
2732,-0.18984991
2733,-0.016967773
2734,0.17272952
2735,0.3543396
2736,0.5133669
2737,0.6570741
2738,0.7715151
2739,0.8072509
2740,0.78140247
2741,0.7040404
2742,0.59774774
2743,0.48455817
2744,0.36694336
2745,0.27975464
2746,0.23086551
2747,0.25997922
2748,0.35122675
2749,0.43978894
2750,0.48974615
2751,0.4702149
2752,0.38204956
2753,0.23852536
2754,0.063446075
2755,-0.11975098
2756,-0.29928583
2757,-0.49395752
2758,-0.6890564
2759,-0.81378186
2760,-0.85382074
2761,-0.800293
2762,-0.6647949
2763,-0.47860724
2764,-0.27362067
2765,-0.09561157
2766,0.046569854
2767,0.07775876
2768,0.00012201071
2769,-0.10797128
2770,-0.1938172
2771,-0.19674665
2772,-0.10958874
2773,0.041534483
2774,0.25073242
2775,0.4758606
2776,0.70980847
2777,0.92501837
2778,1.0792542
2779,1.144043
2780,1.1091309
2781,1.0022888
2782,0.8627929
2783,0.70248413
2784,0.54058844
2785,0.40356442
2786,0.29913333
2787,0.2307129
2788,0.18194586
2789,0.13403314
2790,0.08950809
2791,0.029968232
2792,-0.03555292
2793,-0.09677127
2794,-0.16503914
2795,-0.23757935
2796,-0.32086188
2797,-0.41452032
2798,-0.50927734
2799,-0.58532715
2800,-0.6262208
2801,-0.6244812
2802,-0.60067743
2803,-0.56134033
2804,-0.5042726
2805,-0.44958496
2806,-0.4022828
2807,-0.37634283
2808,-0.36190802
2809,-0.33300775
2810,-0.29959106
2811,-0.24755852
2812,-0.18695068
2813,-0.13421632
2814,-0.075103775
2815,-0.0194702
2816,0.03137204
2817,0.07125855
2818,0.10015869
2819,0.13198854
2820,0.16354373
2821,0.19531249
2822,0.22882079
2823,0.25527954
2824,0.27017212
2825,0.27056885
2826,0.2567749
2827,0.225647
2828,0.17886353
2829,0.12521362
2830,0.074188225
2831,0.029571544
2832,-0.007232666
2833,-0.032928467
2834,-0.048553463
2835,-0.060974117
2836,-0.07107544
2837,-0.08364869
2838,-0.10122679
2839,-0.12258911
2840,-0.15194704
2841,-0.17630005
2842,-0.1987915
2843,-0.21252441
2844,-0.21609497
2845,-0.20819089
2846,-0.19345096
2847,-0.17483522
2848,-0.15484619
2849,-0.1328125
2850,-0.11468504
2851,-0.09521486
2852,-0.07452394
2853,-0.04864502
2854,-0.02203369
2855,0.0021667723
2856,0.023803705
2857,0.039245605
2858,0.05065918
2859,0.05914306
2860,0.06375122
2861,0.06640624
2862,0.071441635
2863,0.07962036
2864,0.091796875
2865,0.099914566
2866,0.10870363
2867,0.1109314
2868,0.10980226
2869,0.1038513
2870,0.091369614
2871,0.07919312
2872,0.06381226
2873,0.047943108
2874,0.034362793
2875,0.027648926
2876,0.030059822
2877,0.037750244
2878,0.055633552
2879,0.07168578
2880,0.08749388
2881,0.09899904
2882,0.10534668
2883,0.10409547
2884,0.09906005
2885,0.0928955
2886,0.08856203
2887,0.08691408
2888,0.08453369
2889,0.083648674
2890,0.080993645
2891,0.07400513
2892,0.069458
2893,0.06542969
2894,0.06484985
2895,0.06619263
2896,0.071136475
2897,0.07199097
2898,0.07067871
2899,0.070800774
2900,0.06808471
2901,0.064819336
2902,0.057373047
2903,0.051239014
2904,0.04553223
2905,0.0415039
2906,0.037902825
2907,0.03665161
2908,0.0387268
2909,0.04452515
2910,0.053985577
2911,0.06512453
2912,0.07330321
2913,0.07342528
2914,0.06906128
2915,0.06161499
2916,0.053100586
2917,0.044769306
2918,0.040039074
2919,0.03985596
2920,0.043670654
2921,0.04711914
2922,0.049652115
2923,0.04724121
2924,0.040924072
2925,0.036285408
2926,0.030975342
2927,0.024414077
2928,0.017150894
2929,0.011718743
2930,0.009429947
2931,0.0018920898
2932,-0.010742173
2933,-0.029937737
2934,-0.04821777
2935,-0.065246604
2936,-0.0805969
2937,-0.085327156
2938,-0.087921165
2939,-0.09222412
2940,-0.098205596
2941,-0.1064453
2942,-0.10992435
2943,-0.11038208
2944,-0.10650635
2945,-0.10122682
2946,-0.0942383
2947,-0.08734131
2948,-0.07977296
2949,-0.06564329
2950,-0.05142213
2951,-0.033355713
2952,-0.01574707
2953,0.001831051
2954,0.01681519
2955,0.029418968
2956,0.0370178
2957,0.0333862
2958,0.023986861
2959,0.009643555
2960,-0.0069884956
2961,-0.025024414
2962,-0.0476074
2963,-0.07345582
2964,-0.10263063
2965,-0.1308899
2966,-0.15765381
2967,-0.17605592
2968,-0.19134521
2969,-0.20861816
2970,-0.22436523
2971,-0.23818968
2972,-0.24545288
2973,-0.25048828
2974,-0.25198364
2975,-0.25616455
2976,-0.25949097
2977,-0.25497437
2978,-0.24710086
2979,-0.24035645
2980,-0.23318481
2981,-0.22485352
2982,-0.21282959
2983,-0.19668578
2984,-0.17803955
2985,-0.16058351
2986,-0.14028932
2987,-0.12432863
2988,-0.10922241
2989,-0.09844971
2990,-0.092041
2991,-0.08840942
2992,-0.088500984
2993,-0.0878601
2994,-0.08700563
2995,-0.087615974
2996,-0.08746338
2997,-0.085815445
2998,-0.08450316
2999,-0.079956055
3000,-0.07366942
3001,-0.067230225
3002,-0.05957032
3003,-0.053344727
3004,-0.046752937
3005,-0.04101561
3006,-0.037322983
3007,-0.03289795
3008,-0.028594956
3009,-0.0246277
3010,-0.020385757
3011,-0.015045166
3012,-0.009216309
3013,-0.0029296726
3014,0.0033874363
3015,0.009796143
3016,0.016326904
3017,0.01965332
3018,0.021667466
3019,0.01971434
3020,0.01550293
3021,0.009613052
3022,0.0029296875
3023,-0.002380386
3024,-0.007751465
3025,-0.010986328
3026,-0.010681167
3027,-0.009429917
3028,-0.0060424656
3029,-0.0010375828
3030,0.004211411
3031,0.009490974
3032,0.019683845
3033,0.028442368
3034,0.039825432
3035,0.05053713
3036,0.060058624
3037,0.07476807
3038,0.08819583
3039,0.10321044
3040,0.12435913
3041,0.14312744
3042,0.16699219
3043,0.1878357
3044,0.21176146
3045,0.23495483
3046,0.25384524
3047,0.27053833
3048,0.28207397
3049,0.29037473
3050,0.29537964
3051,0.2951355
3052,0.2915039
3053,0.2831421
3054,0.27282715
3055,0.26226807
3056,0.25125122
3057,0.23974611
3058,0.22897339
3059,0.21771242
3060,0.20425415
3061,0.19485474
3062,0.18310548
3063,0.17315671
3064,0.16067503
3065,0.1489258
3066,0.13540648
3067,0.12673953
3068,0.12030032
3069,0.11703493
3070,0.11636354
3071,0.12127687
3072,0.13024902
3073,0.14450073
3074,0.15621948
3075,0.16787721
3076,0.17224126
3077,0.1723938
3078,0.17059326
3079,0.16607666
3080,0.16311644
3081,0.1567993
3082,0.14938354
3083,0.14251709
3084,0.13513182
3085,0.12799072
3086,0.11904907
3087,0.106079094
3088,0.09054564
3089,0.075836174
3090,0.062103257
3091,0.04959108
3092,0.033721924
3093,0.016509987
3094,-0.0012817681
3095,-0.016448975
3096,-0.032196067
3097,-0.04592897
3098,-0.058959946
3099,-0.06741331
3100,-0.07513426
3101,-0.076141335
3102,-0.079345696
3103,-0.07843016
3104,-0.07983397
3105,-0.07949826
3106,-0.08013917
3107,-0.07907105
3108,-0.077362075
3109,-0.07421873
3110,-0.07440184
3111,-0.072723374
3112,-0.07467652
3113,-0.07373046
3114,-0.074340805
3115,-0.07550048
3116,-0.07278443
3117,-0.07101442
3118,-0.06738283
3119,-0.06433105
3120,-0.059631348
3121,-0.054382328
3122,-0.051361114
3123,-0.048065193
3124,-0.049896255
3125,-0.05230714
3126,-0.05490113
3127,-0.05834963
3128,-0.0616455
3129,-0.06323244
3130,-0.061523438
3131,-0.057464592
3132,-0.05224611
3133,-0.046630844
3134,-0.04226686
3135,-0.039886475
3136,-0.03842163
3137,-0.03689576
3138,-0.03451538
3139,-0.031921394
3140,-0.029022213
3141,-0.025421135
3142,-0.023254395
3143,-0.022582993
3144,-0.021850586
3145,-0.024932861
3146,-0.024719246
3147,-0.021728512
3148,-0.017791769
3149,-0.0122985765
3150,-0.009002669
3151,-0.006652821
3152,-0.005187994
3153,-0.003936775
3154,-0.0042724684
3155,-0.008758532
3156,-0.013397209
3157,-0.019622812
3158,-0.02786255
3159,-0.036865227
3160,-0.04660034
3161,-0.059417725
3162,-0.074279785
3163,-0.089569084
3164,-0.10144042
3165,-0.11254883
3166,-0.118743904
3167,-0.12231445
3168,-0.124115
3169,-0.12451172
3170,-0.12591553
3171,-0.12728882
3172,-0.12857056
3173,-0.13348389
3174,-0.13861084
3175,-0.14434813
3176,-0.14761353
3177,-0.14819336
3178,-0.143219
3179,-0.13635255
3180,-0.12713623
3181,-0.118011475
3182,-0.108062744
3183,-0.09890747
3184,-0.09255982
3185,-0.085113525
3186,-0.08035278
3187,-0.07885742
3188,-0.08013917
3189,-0.08053589
3190,-0.08395386
3191,-0.09353637
3192,-0.10571287
3193,-0.11776732
3194,-0.12356566
3195,-0.12521362
3196,-0.12503053
3197,-0.123168916
3198,-0.121704124
3199,-0.12121581
3200,-0.12139891
3201,-0.123748764
3202,-0.12274167
3203,-0.12481688
3204,-0.12194821
3205,-0.119567856
3206,-0.11495973
3207,-0.11004636
3208,-0.10391237
3209,-0.09899902
3210,-0.09619139
3211,-0.09136966
3212,-0.085174575
3213,-0.080902085
3214,-0.07852171
3215,-0.07421875
3216,-0.06994629
3217,-0.06802368
3218,-0.063568115
3219,-0.059783965
3220,-0.05838014
3221,-0.056732193
3222,-0.05725099
3223,-0.057312027
3224,-0.058807373
3225,-0.055175796
3226,-0.052581787
3227,-0.05001831
3228,-0.043670647
3229,-0.039337136
3230,-0.035156235
3231,-0.029815659
3232,-0.019592285
3233,-0.006927505
3234,0.008209217
3235,0.02413942
3236,0.03762818
3237,0.049041774
3238,0.06097413
3239,0.070526145
3240,0.0784302
3241,0.09014894
3242,0.10345458
3243,0.11953734
3244,0.13415526
3245,0.1477661
3246,0.15533447
3247,0.16638184
3248,0.16903688
3249,0.16778563
3250,0.16455078
3251,0.16033934
3252,0.15350339
3253,0.14492796
3254,0.13900757
3255,0.13485716
3256,0.13644409
3257,0.13351437
3258,0.13516235
3259,0.13912961
3260,0.14215088
3261,0.14736937
3262,0.15585326
3263,0.1663818
3264,0.17654419
3265,0.18515015
3266,0.19100952
3267,0.19281006
3268,0.1945801
3269,0.19445804
3270,0.1902771
3271,0.18939209
3272,0.18588258
3273,0.18539429
3274,0.18249509
3275,0.1781311
3276,0.17044067
3277,0.16415408
3278,0.153656
3279,0.14227295
3280,0.13375856
3281,0.123046875
3282,0.10931397
3283,0.0942993
3284,0.081024155
3285,0.07006836
3286,0.06161499
3287,0.058074966
3288,0.053222656
3289,0.048919693
3290,0.049835216
3291,0.048156746
3292,0.04693603
3293,0.044250492
3294,0.04049684
3295,0.033752434
3296,0.027770996
3297,0.02011107
3298,0.013397217
3299,0.010284454
3300,0.00991822
3301,0.010314941
3302,0.0105896
3303,0.011291534
3304,0.0117798
3305,0.007904038
3306,0.005859375
3307,-3.0517578e-05
3308,-0.0049133003
3309,-0.0069274902
3310,-0.0092163235
3311,-0.012573242
3312,-0.015594482
3313,-0.01626587
3314,-0.014923111
3315,-0.014770485
3316,-0.009857178
3317,-0.0050659254
3318,0.0007324368
3319,0.008789085
3320,0.019500725
3321,0.026916506
3322,0.036224354
3323,0.04452515
3324,0.04763794
3325,0.049102776
3326,0.04733276
3327,0.044219963
3328,0.037994362
3329,0.028381363
3330,0.019500736
3331,0.0068359524
3332,-0.0047302544
3333,-0.022308346
3334,-0.04266357
3335,-0.06213382
3336,-0.08630372
3337,-0.10855104
3338,-0.12741089
3339,-0.14581299
3340,-0.1598816
3341,-0.16940305
3342,-0.17572024
3343,-0.17758179
3344,-0.17910765
3345,-0.17758176
3346,-0.17413333
3347,-0.17120361
3348,-0.16430663
3349,-0.15423585
3350,-0.14013675
3351,-0.11953734
3352,-0.09359741
3353,-0.059753425
3354,-0.021606445
3355,0.019592293
3356,0.058074947
3357,0.094207756
3358,0.122558594
3359,0.14709473
3360,0.16854857
3361,0.18435669
3362,0.1968689
3363,0.20581053
3364,0.21109006
3365,0.21115111
3366,0.20574951
3367,0.19778442
3368,0.18200684
3369,0.16128539
3370,0.14263916
3371,0.12490845
3372,0.109436035
3373,0.09292601
3374,0.072570786
3375,0.05065918
3376,0.025878906
3377,0.0022583306
3378,-0.023101795
3379,-0.05218507
3380,-0.07827758
3381,-0.095520034
3382,-0.1083679
3383,-0.11227415
3384,-0.10775755
3385,-0.1011963
3386,-0.091400154
3387,-0.07971192
3388,-0.06506351
3389,-0.052520763
3390,-0.0428467
3391,-0.034759518
3392,-0.033966053
3393,-0.033508312
3394,-0.03540042
3395,-0.039031968
3396,-0.038696304
3397,-0.039306633
3398,-0.047271736
3399,-0.057220466
3400,-0.06793213
3401,-0.080963135
3402,-0.09564209
3403,-0.1124573
3404,-0.1293335
3405,-0.14434814
3406,-0.1546936
3407,-0.1633301
3408,-0.1722107
3409,-0.177948
3410,-0.18386841
3411,-0.18716435
3412,-0.18649289
3413,-0.18649292
3414,-0.18280028
3415,-0.17886353
3416,-0.17071533
3417,-0.16174318
3418,-0.14831546
3419,-0.13183591
3420,-0.12228392
3421,-0.11596678
3422,-0.11105347
3423,-0.10739136
3424,-0.10339354
3425,-0.10638429
3426,-0.11389159
3427,-0.11968993
3428,-0.1210327
3429,-0.12155151
3430,-0.12048341
3431,-0.114105225
3432,-0.1032715
3433,-0.08789064
3434,-0.06475823
3435,-0.031707764
3436,0.009307884
3437,0.05557251
3438,0.10110469
3439,0.13696286
3440,0.16461183
3441,0.18734738
3442,0.20654294
3443,0.22015375
3444,0.2340394
3445,0.2506714
3446,0.2631226
3447,0.273468
3448,0.28054804
3449,0.28601074
3450,0.2807312
3451,0.26791382
3452,0.25524902
3453,0.23425281
3454,0.21334846
3455,0.19329834
3456,0.1644592
3457,0.13687132
3458,0.10848997
3459,0.07849115
3460,0.049041744
3461,0.018585242
3462,-0.0106506385
3463,-0.044311624
3464,-0.077575535
3465,-0.11199953
3466,-0.15032963
3467,-0.19461064
3468,-0.24105835
3469,-0.28955084
3470,-0.33895874
3471,-0.39282227
3472,-0.4520874
3473,-0.5132752
3474,-0.5848999
3475,-0.6719359
3476,-0.76150525
3477,-0.8440857
3478,-0.9128417
3479,-0.9591063
3480,-0.9775696
3481,-0.97061133
3482,-0.91992176
3483,-0.8414916
3484,-0.74307257
3485,-0.61572266
3486,-0.4686585
3487,-0.30307
3488,-0.13787842
3489,0.02514641
3490,0.16326897
3491,0.2892762
3492,0.4223327
3493,0.53891003
3494,0.6435548
3495,0.7379151
3496,0.8234864
3497,0.8872985
3498,0.9220579
3499,0.9443055
3500,0.9387206
3501,0.92135614
3502,0.89938354
3503,0.8671876
3504,0.8100584
3505,0.72311413
3506,0.6255799
3507,0.49865717
3508,0.35760504
3509,0.22448736
3510,0.07897937
3511,-0.058807135
3512,-0.21969593
3513,-0.37805176
3514,-0.5444339
3515,-0.7162477
3516,-0.8916322
3517,-1.0516052
3518,-1.1743773
3519,-1.2606506
3520,-1.3085327
3521,-1.3075866
3522,-1.2747498
3523,-1.2045896
3524,-1.1039429
3525,-0.96704113
3526,-0.80117786
3527,-0.6189879
3528,-0.40658566
3529,-0.19531232
3530,0.027862549
3531,0.23812854
3532,0.46566784
3533,0.68878186
3534,0.90054333
3535,1.0929263
3536,1.2713014
3537,1.423645
3538,1.5447081
3539,1.6382751
3540,1.6764525
3541,1.6976624
3542,1.6895752
3543,1.6684572
3544,1.6414182
3545,1.5949097
3546,1.5299989
3547,1.4555969
3548,1.3550415
3549,1.2478026
3550,1.1483765
3551,1.0523682
3552,0.9189756
3553,0.76980585
3554,0.6067811
3555,0.4395751
3556,0.2632141
3557,0.087188825
3558,-0.049499407
3559,-0.17169198
3560,-0.24118023
3561,-0.2931825
3562,-0.3441468
3563,-0.38546753
3564,-0.41830423
3565,-0.44039917
3566,-0.45483407
3567,-0.46316516
3568,-0.45468128
3569,-0.45520025
3570,-0.44842523
3571,-0.4512024
3572,-0.44332874
3573,-0.42446905
3574,-0.38357544
3575,-0.3236084
3576,-0.2508241
3577,-0.15802008
3578,-0.07946786
3579,-0.0077821016
3580,0.053833008
3581,0.09674069
3582,0.12957767
3583,0.14175418
3584,0.13949585
3585,0.12524426
3586,0.0990296
3587,0.067596495
3588,0.020873964
3589,-0.02810666
3590,-0.06225586
3591,-0.09600836
3592,-0.12573248
3593,-0.15679938
3594,-0.18524158
3595,-0.20663452
3596,-0.22045898
3597,-0.22943117
3598,-0.23190294
3599,-0.22897339
3600,-0.22360225
3601,-0.21981809
3602,-0.22143549
3603,-0.22741696
3604,-0.23522952
3605,-0.24276742
3606,-0.25039673
3607,-0.26190192
3608,-0.28210455
3609,-0.30758685
3610,-0.34286505
3611,-0.3882447
3612,-0.43167102
3613,-0.4753418
3614,-0.51510626
3615,-0.5488282
3616,-0.57778925
3617,-0.60110474
3618,-0.62069714
3619,-0.63687134
3620,-0.6547853
3621,-0.6734316
3622,-0.69244385
3623,-0.7089234
3624,-0.7182617
3625,-0.7205811
3626,-0.7183533
3627,-0.7077636
3628,-0.68573
3629,-0.6600646
3630,-0.63208014
3631,-0.6007081
3632,-0.5680542
3633,-0.52902234
3634,-0.48358154
3635,-0.43206784
3636,-0.37573236
3637,-0.32040408
3638,-0.26870725
3639,-0.2212218
3640,-0.18099976
3641,-0.15045163
3642,-0.12527466
3643,-0.10266107
3644,-0.081207275
3645,-0.058563232
3646,-0.036682144
3647,-0.016052261
3648,0.0008544922
3649,0.016296327
3650,0.029449463
3651,0.03591919
3652,0.043823197
3653,0.049438506
3654,0.05505371
3655,0.059234604
3656,0.058746353
3657,0.06237793
3658,0.06994628
3659,0.083312914
3660,0.10345459
3661,0.12692259
3662,0.14974973
3663,0.17028804
3664,0.18447872
3665,0.19577031
3666,0.20367438
3667,0.21060178
3668,0.21630856
3669,0.2191773
3670,0.22097778
3671,0.22360232
3672,0.22445679
3673,0.22830199
3674,0.23193353
3675,0.23580937
3676,0.24530032
3677,0.2557983
3678,0.26406857
3679,0.268982
3680,0.27087402
3681,0.269104
3682,0.2625122
3683,0.26116943
3684,0.2631836
3685,0.26174927
3686,0.2633362
3687,0.26229858
3688,0.25830075
3689,0.25506592
3690,0.256073
3691,0.26211545
3692,0.26284787
3693,0.2603149
3694,0.253479
3695,0.24447629
3696,0.23010255
3697,0.21450809
3698,0.19912718
3699,0.18463132
3700,0.17498782
3701,0.171875
3702,0.1737976
3703,0.17700195
3704,0.18041992
3705,0.19027708
3706,0.19644165
3707,0.20413208
3708,0.21066284
3709,0.21804811
3710,0.22537231
3711,0.23312375
3712,0.24328613
3713,0.25704956
3714,0.26983643
3715,0.2748413
3716,0.28030396
3717,0.28009033
3718,0.27868652
3719,0.27972412
3720,0.28070068
3721,0.2884521
3722,0.29122925
3723,0.29187012
3724,0.2929077
3725,0.2899475
3726,0.288208
3727,0.2807312
3728,0.27023315
3729,0.25942993
3730,0.24337767
3731,0.23162842
3732,0.2168274
3733,0.20446777
3734,0.19525146
3735,0.19393921
3736,0.1933594
3737,0.19815063
3738,0.20462036
3739,0.20455933
3740,0.201416
3741,0.18829347
3742,0.17544556
3743,0.1581726
3744,0.14141847
3745,0.12469481
3746,0.10687256
3747,0.08444214
3748,0.061920196
3749,0.039123535
3750,0.013793945
3751,-0.0053100437
3752,-0.018737808
3753,-0.032409668
3754,-0.04412839
3755,-0.05664061
3756,-0.070800796
3757,-0.08731079
3758,-0.10995482
3759,-0.12670898
3760,-0.14639285
3761,-0.158966
3762,-0.16928104
3763,-0.17742918
3764,-0.1870422
3765,-0.1958923
3766,-0.20867918
3767,-0.21566772
3768,-0.223938
3769,-0.2334595
3770,-0.24270633
3771,-0.25585938
3772,-0.2698059
3773,-0.28286743
3774,-0.2952881
3775,-0.3065796
3776,-0.3104248
3777,-0.30667114
3778,-0.29504392
3779,-0.2871704
3780,-0.27694702
3781,-0.27142334
3782,-0.2637329
3783,-0.25967407
3784,-0.25576782
3785,-0.25567627
3786,-0.2512207
3787,-0.24716187
3788,-0.24206538
3789,-0.23574828
3790,-0.22689821
3791,-0.21621704
3792,-0.2055664
3793,-0.19470215
3794,-0.187561
3795,-0.18374632
3796,-0.18795776
3797,-0.19430542
3798,-0.20269775
3799,-0.20736694
3800,-0.21051025
3801,-0.20977783
3802,-0.20837404
3803,-0.20562741
3804,-0.20407104
3805,-0.20285034
3806,-0.2020569
3807,-0.2006531
3808,-0.19531251
3809,-0.18649293
3810,-0.17367554
3811,-0.15939331
3812,-0.14450072
3813,-0.13180542
3814,-0.1218872
3815,-0.11428833
3816,-0.104278564
3817,-0.09487918
3818,-0.08709718
3819,-0.07965089
3820,-0.07141116
3821,-0.065887466
3822,-0.061828606
3823,-0.059509292
3824,-0.05880738
3825,-0.05889894
3826,-0.060821526
3827,-0.060852066
3828,-0.05551147
3829,-0.046936035
3830,-0.033020016
3831,-0.021087661
3832,-0.011322033
3833,-0.006378174
3834,-0.0013427921
3835,0.004577674
3836,0.011230458
3837,0.016113296
3838,0.02420044
3839,0.034820575
3840,0.049682647
3841,0.06277466
3842,0.07339476
3843,0.07873537
3844,0.08264161
3845,0.084686294
3846,0.08782959
3847,0.090118416
3848,0.09127807
3849,0.09381103
3850,0.09338377
3851,0.09381102
3852,0.09381102
3853,0.094757065
3854,0.09600831
3855,0.100921616
3856,0.10821535
3857,0.11953735
3858,0.13122557
3859,0.14248657
3860,0.15072632
3861,0.15484616
3862,0.15536496
3863,0.15310669
3864,0.15243529
3865,0.15493774
3866,0.15866086
3867,0.16204835
3868,0.16549681
3869,0.1633606
3870,0.1612244
3871,0.1538086
3872,0.1409607
3873,0.123901375
3874,0.104949936
3875,0.088836685
3876,0.07461546
3877,0.06765747
3878,0.06185914
3879,0.057983413
3880,0.051116955
3881,0.046203613
3882,0.041778594
3883,0.03839112
3884,0.034271248
3885,0.032592773
3886,0.033386245
3887,0.035095215
3888,0.03634645
3889,0.03845215
3890,0.037506104
3891,0.037078828
3892,0.038970947
3893,0.046081528
3894,0.057342544
3895,0.070373565
3896,0.088012695
3897,0.10125737
3898,0.11431883
3899,0.12109371
3900,0.12411499
3901,0.12423704
3902,0.12216188
3903,0.11877442
3904,0.11956787
3905,0.11856082
3906,0.11679076
3907,0.11450197
3908,0.108520515
3909,0.098907456
3910,0.08654787
3911,0.074005134
3912,0.06320191
3913,0.058807388
3914,0.052368164
3915,0.047271732
3916,0.039123535
3917,0.029968243
3918,0.019958496
3919,0.008850105
3920,-0.0023803636
3921,-0.017547607
3922,-0.033386238
3923,-0.04931641
3924,-0.06805419
3925,-0.08511351
3926,-0.101623535
3927,-0.11840819
3928,-0.1338196
3929,-0.1463623
3930,-0.15768431
3931,-0.16696166
3932,-0.17053223
3933,-0.17208862
3934,-0.16946411
3935,-0.16778564
3936,-0.16372679
3937,-0.15628049
3938,-0.14785768
3939,-0.13842773
3940,-0.12484741
3941,-0.11151123
3942,-0.095275864
3943,-0.076629646
3944,-0.05868531
3945,-0.045349136
3946,-0.034973152
3947,-0.024902355
3948,-0.013671864
3949,-0.0024719164
3950,0.010772698
3951,0.024291985
3952,0.038299553
3953,0.054382324
3954,0.068786606
3955,0.07775879
3956,0.084686264
3957,0.08615113
3958,0.09048462
3959,0.09182738
3960,0.09365845
3961,0.09500125
3962,0.09704589
3963,0.09857178
3964,0.100891106
3965,0.102752686
3966,0.1036682
3967,0.09939576
3968,0.09381103
3969,0.086303726
3970,0.07852171
3971,0.07012939
3972,0.05795289
3973,0.042541485
3974,0.023529038
3975,0.0009460151
3976,-0.020507794
3977,-0.04162597
3978,-0.06164548
3979,-0.076477036
3980,-0.086181656
3981,-0.08743286
3982,-0.085571274
3983,-0.083007805
3984,-0.078369156
3985,-0.075592056
3986,-0.07226562
3987,-0.065917976
3988,-0.059753403
3989,-0.053710938
3990,-0.045532227
3991,-0.030334447
3992,-0.008209221
3993,0.019409172
3994,0.058105484
3995,0.101043716
3996,0.13604733
3997,0.19332886
3998,0.27438357
3999,0.3308105
4000,0.36364746
4001,0.352417
4002,0.2896423
4003,0.20831299
4004,0.13165283
4005,0.07073973
4006,0.020080559
4007,0.012939461
4008,0.05960089
4009,0.10745235
4010,0.14657593
4011,0.13998415
4012,0.085754335
4013,0.013946541
4014,-0.059875455
4015,-0.1261597
4016,-0.1894226
4017,-0.2116088
4018,-0.17736803
4019,-0.13330084
4020,-0.0852966
4021,-0.067871064
4022,-0.08541876
4023,-0.11972043
4024,-0.16250604
4025,-0.21206665
4026,-0.27224734
4027,-0.2945251
4028,-0.26062
4029,-0.2077027
4030,-0.15710446
4031,-0.13659666
4032,-0.16101082
4033,-0.21383667
4034,-0.28710932
4035,-0.37335205
4036,-0.45156866
4037,-0.55865467
4038,-0.68655396
4039,-0.7301024
4040,-0.7059326
4041,-0.5998536
4042,-0.38851923
4043,-0.13793947
4044,0.09716803
4045,0.28503424
4046,0.4163819
4047,0.521759
4048,0.6034851
4049,0.61996466
4050,0.59710693
4051,0.53479004
4052,0.42654422
4053,0.29953003
4054,0.18261713
4055,0.097473145
4056,0.044128448
4057,0.054748446
4058,0.1221924
4059,0.1734618
4060,0.17391971
4061,0.09078978
4062,-0.08282478
4063,-0.2893982
4064,-0.47845456
4065,-0.6303406
4066,-0.72912604
4067,-0.8403624
4068,-0.9656372
4069,-0.9968261
4070,-0.9440003
4071,-0.7829285
4072,-0.5089111
4073,-0.20028685
4074,0.059692442
4075,0.23025517
4076,0.3327637
4077,0.31466675
4078,0.1805724
4079,0.055755787
4080,-0.034668036
4081,-0.023773242
4082,0.09848038
4083,0.26113892
4084,0.42559808
4085,0.57534796
4086,0.70486456
4087,0.79724103
4088,0.82540876
4089,0.7747193
4090,0.656372
4091,0.49960327
4092,0.30401617
4093,0.10656737
4094,-0.050567724
4095,-0.138031
4096,-0.16299435
4097,-0.14727795
4098,-0.12091072
4099,-0.10964969
4100,-0.109436065
4101,-0.121276885
4102,-0.14535522
4103,-0.16046143
4104,-0.1558533
4105,-0.13082886
4106,-0.09399414
4107,-0.05987549
4108,-0.02838134
4109,0.0034789965
4110,0.050811768
4111,0.11532593
4112,0.19448853
4113,0.27661133
4114,0.34103394
4115,0.3818664
4116,0.39794922
4117,0.38928223
4118,0.3630066
4119,0.32434082
4120,0.27786255
4121,0.22900394
4122,0.1824341
4123,0.13412477
4124,0.08285521
4125,0.03576658
4126,-0.003051756
4127,-0.037506104
4128,-0.065338135
4129,-0.09448244
4130,-0.123809814
4131,-0.14678957
4132,-0.16610718
4133,-0.18118283
4134,-0.19253543
4135,-0.19543454
4136,-0.1913147
4137,-0.18075562
4138,-0.1668091
4139,-0.15310667
4140,-0.13772583
4141,-0.11685182
4142,-0.09188843
4143,-0.06268312
4144,-0.028442375
4145,0.008361824
4146,0.038513184
4147,0.0646057
4148,0.07940671
4149,0.08740236
4150,0.08966069
4151,0.08963011
4152,0.0925293
4153,0.097290054
4154,0.10357669
4155,0.10650632
4156,0.11019898
4157,0.11193848
4158,0.11203002
4159,0.111450195
4160,0.109008804
4161,0.104888916
4162,0.09912108
4163,0.09130861
4164,0.08468629
4165,0.07693482
4166,0.07064818
4167,0.059295636
4168,0.049438484
4169,0.042755157
4170,0.03533934
4171,0.027984615
4172,0.018585186
4173,0.009857163
4174,0.0004882738
4175,-0.00872799
4176,-0.021087639
4177,-0.0319519
4178,-0.047637947
4179,-0.061126724
4180,-0.075134255
4181,-0.08563232
4182,-0.09277343
4183,-0.09823606
4184,-0.101104714
4185,-0.101043686
4186,-0.09967041
4187,-0.094085686
4188,-0.08883668
4189,-0.08230591
4190,-0.074707024
4191,-0.06631471
4192,-0.059356682
4193,-0.053680398
4194,-0.046783432
4195,-0.041076675
4196,-0.031341553
4197,-0.023956314
4198,-0.01632689
4199,-0.0075683556
4200,0.001525864
4201,0.010833733
4202,0.018432602
4203,0.028533943
4204,0.03854368
4205,0.0489197
4206,0.058868416
4207,0.06533815
4208,0.07067871
4209,0.07406618
4210,0.07339477
4211,0.07080078
4212,0.06808471
4213,0.06268309
4214,0.05578614
4215,0.047241233
4216,0.03741456
4217,0.028533943
4218,0.02581789
4219,0.022521947
4220,0.018829353
4221,0.015319817
4222,0.009338386
4223,-0.003326429
4224,-0.020019539
4225,-0.03540041
4226,-0.05065918
4227,-0.062438983
4228,-0.07073973
4229,-0.08081056
4230,-0.087371804
4231,-0.09118651
4232,-0.09237671
4233,-0.0903015
4234,-0.08926393
4235,-0.08728028
4236,-0.08593748
4237,-0.08477783
4238,-0.08566284
4239,-0.09072876
4240,-0.09552001
4241,-0.10250853
4242,-0.1064148
4243,-0.10681152
4244,-0.105407715
4245,-0.10498046
4246,-0.10443112
4247,-0.100860596
4248,-0.09420776
4249,-0.085693344
4250,-0.079284675
4251,-0.075683594
4252,-0.07235719
4253,-0.07171632
4254,-0.073455796
4255,-0.077453636
4256,-0.081329346
4257,-0.0848694
4258,-0.083862305
4259,-0.08264162
4260,-0.08102417
4261,-0.07769774
4262,-0.06982421
4263,-0.06115723
4264,-0.051391605
4265,-0.039917
4266,-0.032867443
4267,-0.034606934
4268,-0.04324342
4269,-0.054779056
4270,-0.0635376
4271,-0.06439209
4272,-0.05834961
4273,-0.045318615
4274,-0.027984627
4275,-0.0071105883
4276,0.010040289
4277,0.019317627
4278,0.02084352
4279,0.021209717
4280,0.025878891
4281,0.029876702
4282,0.039031982
4283,0.05032349
4284,0.062133797
4285,0.07476807
4286,0.085876465
4287,0.092163086
4288,0.09344481
4289,0.093048096
4290,0.0965271
4291,0.09695435
4292,0.09786989
4293,0.0979309
4294,0.0987854
4295,0.098968506
4296,0.10025023
4297,0.10086061
4298,0.094299294
4299,0.08697511
4300,0.07955932
4301,0.0776062
4302,0.0786133
4303,0.08114623
4304,0.08685302
4305,0.091186546
4306,0.099243164
4307,0.11486818
4308,0.1345825
4309,0.15454105
4310,0.16766356
4311,0.17596434
4312,0.17547609
4313,0.16821289
4314,0.15734863
4315,0.14413455
4316,0.12902832
4317,0.10961914
4318,0.088256836
4319,0.069732636
4320,0.060791
4321,0.054779045
4322,0.048461914
4323,0.042724624
4324,0.03894043
4325,0.036193848
4326,0.03280638
4327,0.025909394
4328,0.015319824
4329,0.0053405836
4330,0.0010986477
4331,-0.004272476
4332,-0.007385269
4333,-0.008148186
4334,-0.005523674
4335,-0.0010681078
4336,0.0037841797
4337,0.017272938
4338,0.034820557
4339,0.04919435
4340,0.051849358
4341,0.0447693
4342,0.029357906
4343,0.0081787035
4344,-0.01376342
4345,-0.039947517
4346,-0.062744156
4347,-0.07620238
4348,-0.07931519
4349,-0.078399666
4350,-0.07928468
4351,-0.080810554
4352,-0.089141846
4353,-0.09881591
4354,-0.111633316
4355,-0.12637329
4356,-0.14035034
4357,-0.15264894
4358,-0.16122438
4359,-0.16604614
4360,-0.16705324
4361,-0.1667786
4362,-0.16262817
4363,-0.15704343
4364,-0.14886473
4365,-0.13873291
4366,-0.1295166
4367,-0.1222229
4368,-0.11529542
4369,-0.10943602
4370,-0.10723878
4371,-0.10870362
4372,-0.108886726
4373,-0.112854004
4374,-0.11355586
4375,-0.11062623
4376,-0.107086174
4377,-0.10458373
4378,-0.10250853
4379,-0.10095215
4380,-0.10479736
4381,-0.11141967
4382,-0.120391846
4383,-0.125824
4384,-0.12902832
4385,-0.12487796
4386,-0.11572267
4387,-0.103149414
4388,-0.08853148
4389,-0.072570816
4390,-0.056579582
4391,-0.04049684
4392,-0.025939927
4393,-0.011474609
4394,-9.158254e-05
4395,0.010498054
4396,0.02410891
4397,0.04040527
4398,0.05804444
4399,0.07534789
4400,0.08551025
4401,0.09280396
4402,0.096984856
4403,0.096710205
4404,0.092865
4405,0.08444213
4406,0.0765381
4407,0.065155044
4408,0.05545045
4409,0.042785637
4410,0.0309143
4411,0.021881104
4412,0.016418453
4413,0.015960686
4414,0.015380882
4415,0.018371591
4416,0.020874016
4417,0.021850582
4418,0.018341076
4419,0.010894749
4420,0.0022278056
4421,-0.008209243
4422,-0.01623534
4423,-0.020843517
4424,-0.022857666
4425,-0.018829316
4426,-0.008361816
4427,0.009063717
4428,0.029235844
4429,0.051605225
4430,0.07296756
4431,0.090270996
4432,0.10113525
4433,0.10668946
4434,0.108642556
4435,0.10406494
4436,0.09939577
4437,0.092224106
4438,0.0909424
4439,0.08969115
4440,0.090789795
4441,0.09552003
4442,0.09796141
4443,0.10296631
4444,0.103210434
4445,0.10177611
4446,0.095947266
4447,0.0863037
4448,0.074005134
4449,0.061065663
4450,0.049713135
4451,0.044494636
4452,0.046936035
4453,0.053070065
4454,0.06179809
4455,0.07122803
4456,0.07513429
4457,0.07595825
4458,0.07119751
4459,0.066162124
4460,0.05960083
4461,0.05422972
4462,0.050994866
4463,0.0451355
4464,0.04214479
4465,0.039367687
4466,0.035369873
4467,0.032989517
4468,0.032714833
4469,0.034301758
4470,0.039489742
4471,0.04589843
4472,0.04925537
4473,0.047851562
4474,0.04260253
4475,0.033752434
4476,0.020874016
4477,0.008605946
4478,-0.0033569261
4479,-0.015319824
4480,-0.020843498
4481,-0.022430427
4482,-0.021057114
4483,-0.018218987
4484,-0.0154418945
4485,-0.010620132
4486,-0.009094231
4487,-0.0053405687
4488,-0.004425049
4489,-0.0053100586
4490,-0.0059509426
4491,-0.00885009
4492,-0.011444107
4493,-0.013671845
4494,-0.011871338
4495,-0.010101333
4496,-0.0047912598
4497,0.003692627
4498,0.009124778
4499,0.016113289
4500,0.017944343
4501,0.022399902
4502,0.029907212
4503,0.03927614
4504,0.050262466
4505,0.057006836
4506,0.061553955
4507,0.0621643
4508,0.058624275
4509,0.051910393
4510,0.04635621
4511,0.042083733
4512,0.04278566
4513,0.043640137
4514,0.04437257
4515,0.04385377
4516,0.041198738
4517,0.040649403
4518,0.041839577
4519,0.044860847
4520,0.0513916
4521,0.051086448
4522,0.0446167
4523,0.030395508
4524,0.013153076
4525,-0.004852295
4526,-0.020904541
4527,-0.031921357
4528,-0.046478283
4529,-0.05908204
4530,-0.0732727
4531,-0.08581541
4532,-0.09674072
4533,-0.102294944
4534,-0.105377205
4535,-0.10665893
4536,-0.10491943
4537,-0.10064697
4538,-0.098785385
4539,-0.09509277
4540,-0.09133911
4541,-0.08624266
4542,-0.07870482
4543,-0.06799317
4544,-0.056945805
4545,-0.044525146
4546,-0.036529526
4547,-0.03317263
4548,-0.029083252
4549,-0.02157592
4550,-0.0134887695
4551,-0.008178711
4552,-0.006622307
4553,-0.009094253
4554,-0.0138549805
4555,-0.02438353
4556,-0.038207993
4557,-0.05801389
4558,-0.072265655
4559,-0.082244866
4560,-0.08477783
4561,-0.083435036
4562,-0.080749534
4563,-0.08004763
4564,-0.08267215
4565,-0.08981322
4566,-0.09826659
4567,-0.10919187
4568,-0.11877441
4569,-0.12332155
4570,-0.1234131
4571,-0.117675774
4572,-0.10891722
4573,-0.1020813
4574,-0.098846436
4575,-0.09484863
4576,-0.089050286
4577,-0.0809937
4578,-0.069427446
4579,-0.056396484
4580,-0.04711914
4581,-0.04202272
4582,-0.042846665
4583,-0.044372544
4584,-0.048645005
4585,-0.05249028
4586,-0.05999756
4587,-0.069549575
4588,-0.076751724
4589,-0.0845947
4590,-0.089843735
4591,-0.09402466
4592,-0.09643555
4593,-0.09875487
4594,-0.10324098
4595,-0.10931395
4596,-0.11328125
4597,-0.118499726
4598,-0.11846924
4599,-0.119567856
4600,-0.11724852
4601,-0.10940553
4602,-0.09646607
4603,-0.08291627
4604,-0.07162474
4605,-0.06063842
4606,-0.04577637
4607,-0.030548088
4608,-0.013671864
4609,0.0025634747
4610,0.015167251
4611,0.025573716
4612,0.03643799
4613,0.051452637
4614,0.07281497
4615,0.097290024
4616,0.119567856
4617,0.13973996
4618,0.15548706
4619,0.16323856
4620,0.1589966
4621,0.14813232
4622,0.13327026
4623,0.116668716
4624,0.101989746
4625,0.09222412
4626,0.08578488
4627,0.08090209
4628,0.07513427
4629,0.06405643
4630,0.050354004
4631,0.035003662
4632,0.023071267
4633,0.015350357
4634,0.01184082
4635,0.015289314
4636,0.021911617
4637,0.030700687
4638,0.036041263
4639,0.03845214
4640,0.040161148
4641,0.037933335
4642,0.039550774
4643,0.045684814
4644,0.056884766
4645,0.075286865
4646,0.09335327
4647,0.109161384
4648,0.11752318
4649,0.122955315
4650,0.12094118
4651,0.119812
4652,0.11962889
4653,0.12237547
4654,0.13287354
4655,0.146698
4656,0.1613159
4657,0.17422482
4658,0.19012451
4659,0.2046204
4660,0.21661375
4661,0.22482301
4662,0.22229004
4663,0.21218875
4664,0.19436648
4665,0.16983032
4666,0.14144899
4667,0.11010742
4668,0.07687379
4669,0.04611206
4670,0.020507805
4671,0.002075199
4672,-0.010314941
4673,-0.013885483
4674,-0.009368882
4675,0.0024413988
4676,0.020446777
4677,0.03973388
4678,0.052307136
4679,0.06271358
4680,0.0697937
4681,0.07687378
4682,0.0847168
4683,0.09191893
4684,0.098968506
4685,0.10400391
4686,0.110839814
4687,0.11941527
4688,0.13085938
4689,0.14224245
4690,0.15408325
4691,0.16296388
4692,0.16381834
4693,0.15283203
4694,0.13269041
4695,0.10583496
4696,0.07345581
4697,0.040252686
4698,0.014770493
4699,-0.0018310398
4700,-0.00680542
4701,-0.0056762844
4702,-0.006103471
4703,-0.006286621
4704,-0.01266481
4705,-0.022430375
4706,-0.03396605
4707,-0.04724122
4708,-0.061340325
4709,-0.07226564
4710,-0.0800476
4711,-0.08267212
4712,-0.082916245
4713,-0.07638549
4714,-0.06808471
4715,-0.060058586
4716,-0.05331424
4717,-0.04714965
4718,-0.045410134
4719,-0.048736572
4720,-0.056365967
4721,-0.066284165
4722,-0.075683594
4723,-0.08978273
4724,-0.09973146
4725,-0.10971069
4726,-0.11743167
4727,-0.123687744
4728,-0.12765501
4729,-0.13372803
4730,-0.14273071
4731,-0.15170288
4732,-0.15844725
4733,-0.1636963
4734,-0.16943362
4735,-0.17349242
4736,-0.17791747
4737,-0.18237306
4738,-0.18502808
4739,-0.1878662
4740,-0.1863098
4741,-0.18414307
4742,-0.17904662
4743,-0.1678772
4744,-0.15853882
4745,-0.14758301
4746,-0.14016722
4747,-0.13186646
4748,-0.12628174
4749,-0.12432861
4750,-0.12130737
4751,-0.11944577
4752,-0.11587526
4753,-0.11047362
4754,-0.10159302
4755,-0.09017944
4756,-0.07986452
4757,-0.068115234
4758,-0.056549072
4759,-0.04733277
4760,-0.043518074
4761,-0.042816162
4762,-0.041656494
4763,-0.044677734
4764,-0.044616707
4765,-0.049224842
4766,-0.0534668
4767,-0.05786133
4768,-0.060241684
4769,-0.05499266
4770,-0.046966553
4771,-0.0376587
4772,-0.030456541
4773,-0.022705086
4774,-0.017303467
4775,-0.0130920485
4776,-0.00967407
4777,-0.008178726
4778,-0.009887684
4779,-0.0163269
4780,-0.02056884
4781,-0.026306152
4782,-0.0333557
4783,-0.0390625
4784,-0.045227036
4785,-0.05035402
4786,-0.05422973
4787,-0.055938732
4788,-0.057525627
4789,-0.060272217
4790,-0.06210326
4791,-0.065338135
4792,-0.06494141
4793,-0.063720696
4794,-0.06500243
4795,-0.06900024
4796,-0.07019042
4797,-0.06771849
4798,-0.063140884
4799,-0.05249022
4800,-0.040405303
4801,-0.02798462
4802,-0.01776123
4803,-0.0076904446
4804,0.0011291355
4805,0.008575454
4806,0.01373291
4807,0.017028809
4808,0.018859848
4809,0.02319336
4810,0.029693596
4811,0.03344726
4812,0.035522476
4813,0.034149185
4814,0.031951897
4815,0.031433105
4816,0.030944832
4817,0.029357906
4818,0.030365005
4819,0.029540993
4820,0.032531723
4821,0.035827633
4822,0.0406189
4823,0.04183962
4824,0.039672874
4825,0.035430893
4826,0.033966064
4827,0.0324707
4828,0.032623284
4829,0.036010742
4830,0.040130604
4831,0.04708861
4832,0.05459594
4833,0.06063842
4834,0.06430054
4835,0.0703125
4836,0.07620238
4837,0.08395384
4838,0.09127804
4839,0.097167954
4840,0.09976198
4841,0.102752656
4842,0.10662841
4843,0.11248779
4844,0.12033078
4845,0.13006592
4846,0.14019774
4847,0.14837646
4848,0.15466309
4849,0.1543274
4850,0.14968872
4851,0.13830566
4852,0.1267395
4853,0.111755386
4854,0.09545897
4855,0.081451416
4856,0.067993164
4857,0.057769783
4858,0.04748536
4859,0.038726807
4860,0.033996567
4861,0.030242926
4862,0.02557373
4863,0.01742554
4864,0.01028442
4865,0.0024108961
4866,-0.0040893545
4867,-0.01452637
4868,-0.022644047
4869,-0.028625496
4870,-0.03182982
4871,-0.028411875
4872,-0.021392826
4873,-0.011718743
4874,0.0013427716
4875,0.016265871
4876,0.026306162
4877,0.03494262
4878,0.04394531
4879,0.050872795
4880,0.05398561
4881,0.055816647
4882,0.053253174
4883,0.053955086
4884,0.05429077
4885,0.058044434
4886,0.061035164
4887,0.067840576
4888,0.06976318
4889,0.073791504
4890,0.07345581
4891,0.07199097
4892,0.0718689
4893,0.07345582
4894,0.0753479
4895,0.07437134
4896,0.07583619
4897,0.07092285
4898,0.06729126
4899,0.06311035
4900,0.06109619
4901,0.06124878
4902,0.06616211
4903,0.074249275
4904,0.08453369
4905,0.088653564
4906,0.08639527
4907,0.076293945
4908,0.06430054
4909,0.046844475
4910,0.03179931
4911,0.022613533
4912,0.01651001
4913,0.015502922
4914,0.018188477
4915,0.020721436
4916,0.014892571
4917,0.0072631985
4918,-0.010925293
4919,-0.027252197
4920,-0.04348755
4921,-0.05502321
4922,-0.06585695
4923,-0.06988526
4924,-0.067688
4925,-0.06350708
4926,-0.054565422
4927,-0.04067993
4928,-0.019256614
4929,0.011993401
4930,0.038360592
4931,0.05770874
4932,0.07107544
4933,0.075744644
4934,0.07876587
4935,0.07382202
4936,0.06674196
4937,0.056823723
4938,0.048828125
4939,0.04049682
4940,0.03579711
4941,0.032531746
4942,0.03524781
4943,0.039367676
4944,0.04473877
4945,0.049865723
4946,0.051116943
4947,0.047698975
4948,0.03387451
4949,0.01351928
4950,-0.007232681
4951,-0.024993906
4952,-0.035552993
4953,-0.038940445
4954,-0.059692398
4955,-0.07577515
4956,-0.08163452
4957,-0.0817871
4958,-0.07287599
4959,-0.0628357
4960,-0.053680427
4961,-0.046905532
4962,-0.043701187
4963,-0.037323005
4964,-0.05392458
4965,-0.070190415
4966,-0.0788269
4967,-0.08572388
4968,-0.08215332
4969,-0.07556154
4970,-0.06494141
4971,-0.054321297
4972,-0.040100083
4973,-0.021972664
4974,-0.028869625
4975,-0.034179688
4976,-0.030517593
4977,-0.031616203
4978,-0.029174823
4979,-0.02899169
4980,-0.026458733
4981,-0.022888178
4982,-0.0128479
4983,-0.0034790002
4984,-0.017333992
4985,-0.03021241
4986,-0.03302002
4987,-0.039520267
4988,-0.040191658
4989,-0.043823242
4990,-0.046539307
4991,-0.054046646
4992,-0.06933594
4993,-0.10174559
4994,-0.09506227
4995,-0.08975219
4996,-0.09286498
4997,-0.0892639
4998,-0.08789062
4999,-0.08831788
5000,-0.09274293
5001,-0.09808351
5002,-0.10299681
5003,-0.10067751
5004,-0.11782837
5005,-0.1324768
5006,-0.13500977
5007,-0.13912961
5008,-0.13534546
5009,-0.13287354
5010,-0.124816895
5011,-0.11538696
5012,-0.10119628
5013,-0.08389284
5014,-0.08923338
5015,-0.09689331
5016,-0.09655764
5017,-0.09674071
5018,-0.096527085
5019,-0.0897522
5020,-0.081817605
5021,-0.06970213
5022,-0.06707763
5023,-0.07501219
5024,-0.04837036
5025,-0.025390632
5026,-0.015899673
5027,-0.0062866285
5028,-0.005157456
5029,-0.0053100586
5030,-0.009521462
5031,-0.022857673
5032,-0.03924561
5033,-0.066101074
5034,-0.045104995
5035,-0.022857696
5036,-0.00863646
5037,0.012207024
5038,0.028594956
5039,0.04415892
5040,0.05056761
5041,0.050109863
5042,0.042602524
5043,0.030059818
5044,0.018737815
5045,0.00540163
5046,-0.005401619
5047,-0.0094299335
5048,-0.011840806
5049,-0.0067443848
5050,-0.004882825
5051,0.0012207031
5052,0.0058899093
5053,0.014556887
5054,0.021209732
5055,0.027252201
5056,0.030242896
5057,0.03454589
5058,0.034973174
5059,0.03753662
5060,0.033142097
5061,0.031494156
5062,0.034851074
5063,0.043365486
5064,0.05273436
5065,0.0635681
5066,0.06930543
5067,0.07681274
5068,0.07788086
5069,0.07891845
5070,0.07995606
5071,0.07711794
5072,0.07373047
5073,0.07278444
5074,0.07110595
5075,0.06826782
5076,0.062744156
5077,0.05670166
5078,0.047363274
5079,0.04110717
5080,0.03259277
5081,0.023040785
5082,0.012878427
5083,0.0029297005
5084,-0.003234854
5085,-0.010192854
5086,-0.017150871
5087,-0.025146477
5088,-0.030181881
5089,-0.033508297
5090,-0.039337162
5091,-0.041534435
5092,-0.046630867
5093,-0.054748535
5094,-0.062194824
5095,-0.06793212
5096,-0.07260131
5097,-0.0734558
5098,-0.07315063
5099,-0.070007324
5100,-0.061614983
5101,-0.0513916
5102,-0.041748036
5103,-0.034576416
5104,-0.030273438
5105,-0.026092522
5106,-0.023345947
5107,-0.022125248
5108,-0.025573727
5109,-0.030700684
5110,-0.026275625
5111,-0.022125244
5112,-0.015350336
5113,-0.0046386644
5114,0.0052490253
5115,0.015014643
5116,0.02462769
5117,0.0331726
5118,0.041900624
5119,0.0477295
5120,0.052825905
5121,0.05859375
5122,0.055053692
5123,0.04962158
5124,0.04272461
5125,0.03878783
5126,0.041656494
5127,0.04757692
5128,0.05615234
5129,0.064849846
5130,0.075347885
5131,0.082550034
5132,0.07788086
5133,0.07165527
5134,0.068054214
5135,0.0687561
5136,0.07009886
5137,0.070129395
5138,0.06954957
5139,0.071624756
5140,0.07373046
5141,0.076782234
5142,0.079559326
5143,0.08267213
5144,0.08489992
5145,0.08786009
5146,0.08810422
5147,0.08587645
5148,0.08383179
5149,0.08163452
5150,0.08105467
5151,0.08276369
5152,0.086578354
5153,0.08709717
5154,0.08267212
5155,0.07635496
5156,0.07290647
5157,0.071350105
5158,0.07220459
5159,0.07067871
5160,0.06994629
5161,0.066619866
5162,0.06118773
5163,0.0567627
5164,0.054992665
5165,0.0520935
5166,0.047607414
5167,0.045104984
5168,0.042663563
5169,0.03897095
5170,0.031677254
5171,0.021667466
5172,0.011352539
5173,0.0050354004
5174,0.004119873
5175,0.0053100586
5176,-0.0009460449
5177,-0.0065917894
5178,-0.016784668
5179,-0.023437515
5180,-0.029968271
5181,-0.027984617
5182,-0.020599352
5183,-0.010406502
5184,-0.0010986403
5185,0.0026855543
5186,0.0009155348
5187,-0.004943859
5188,-0.014770504
5189,-0.024963375
5190,-0.0355835
5191,-0.0416565
5192,-0.039031975
5193,-0.031097407
5194,-0.024353022
5195,-0.017303474
5196,-0.0094604585
5197,-0.004821788
5198,-0.006500244
5199,-0.011505112
5200,-0.021209707
5201,-0.029235847
5202,-0.02355957
5203,-0.011962879
5204,0.0030517466
5205,0.02218628
5206,0.032287598
5207,0.03167723
5208,0.025115952
5209,0.0075988714
5210,-0.008331297
5211,-0.023040779
5212,-0.02746581
5213,-0.02175904
5214,-0.006713881
5215,0.01168824
5216,0.0321045
5217,0.053894028
5218,0.07894896
5219,0.09634398
5220,0.109863296
5221,0.11557007
5222,0.11398315
5223,0.106323235
5224,0.09234618
5225,0.07382202
5226,0.057556167
5227,0.04690551
5228,0.038360607
5229,0.033325188
5230,0.033325206
5231,0.037292473
5232,0.047668457
5233,0.057403564
5234,0.06323242
5235,0.067688
5236,0.06677247
5237,0.05780029
5238,0.045318596
5239,0.028747566
5240,0.008850083
5241,-0.014556885
5242,-0.03356933
5243,-0.04721071
5244,-0.054656982
5245,-0.051300034
5246,-0.038604707
5247,-0.021789566
5248,0.002319321
5249,0.024414062
5250,0.043060333
5251,0.054992676
5252,0.05505371
5253,0.049682632
5254,0.038207993
5255,0.022399887
5256,0.010559067
5257,0.0101623535
5258,0.021118179
5259,0.039154075
5260,0.060760513
5261,0.07470703
5262,0.07769773
5263,0.06817626
5264,0.04513551
5265,0.014739998
5266,-0.016021732
5267,-0.044860836
5268,-0.063446045
5269,-0.074493386
5270,-0.0758667
5271,-0.07510377
5272,-0.07769776
5273,-0.08200075
5274,-0.08782959
5275,-0.096130334
5276,-0.10610959
5277,-0.11712645
5278,-0.1277161
5279,-0.14004517
5280,-0.15332033
5281,-0.16601562
5282,-0.17944336
5283,-0.19506836
5284,-0.20385745
5285,-0.21426392
5286,-0.22335815
5287,-0.2286377
5288,-0.23571779
5289,-0.24002074
5290,-0.2442627
5291,-0.24545288
5292,-0.24911499
5293,-0.25256348
5294,-0.2565613
5295,-0.2579651
5296,-0.25628665
5297,-0.254364
5298,-0.24996948
5299,-0.23895264
5300,-0.22595216
5301,-0.20700075
5302,-0.18688965
5303,-0.16290283
5304,-0.14007567
5305,-0.114959724
5306,-0.08911133
5307,-0.06875608
5308,-0.04907225
5309,-0.032165542
5310,-0.01858522
5311,-0.008575425
5312,-0.0025634766
5313,0.00015257299
5314,0.0007019192
5315,-0.004211426
5316,-0.013244629
5317,-0.025421143
5318,-0.041107163
5319,-0.056182876
5320,-0.072265625
5321,-0.08773803
5322,-0.100402825
5323,-0.112945534
5324,-0.12145995
5325,-0.12905885
5326,-0.13421631
5327,-0.13809204
5328,-0.14132692
5329,-0.14102173
5330,-0.13772583
5331,-0.12789917
5332,-0.11434935
5333,-0.09683226
5334,-0.07388306
5335,-0.04815674
5336,-0.020416275
5337,0.007202156
5338,0.0335083
5339,0.058471695
5340,0.078063965
5341,0.09359743
5342,0.10632324
5343,0.11795041
5344,0.12814333
5345,0.1361084
5346,0.14236449
5347,0.14706421
5348,0.15042117
5349,0.15249634
5350,0.14971927
5351,0.14410402
5352,0.1364441
5353,0.13256836
5354,0.12710573
5355,0.123748764
5356,0.12271118
5357,0.12438962
5358,0.12683104
5359,0.12960817
5360,0.13323978
5361,0.13708496
5362,0.14047244
5363,0.14520264
5364,0.14736941
5365,0.15115353
5366,0.15353394
5367,0.15829468
5368,0.16326903
5369,0.16906738
5370,0.1749878
5371,0.18005374
5372,0.18185425
5373,0.179718
5374,0.17532349
5375,0.16766357
5376,0.15670776
5377,0.14602661
5378,0.1317749
5379,0.115814224
5380,0.09783935
5381,0.080444366
5382,0.06323241
5383,0.04748532
5384,0.039794922
5385,0.034118652
5386,0.036193818
5387,0.04031372
5388,0.042968735
5389,0.042358413
5390,0.044830337
5391,0.04916382
5392,0.053314194
5393,0.058319084
5394,0.061676025
5395,0.06796265
5396,0.07592773
5397,0.08691406
5398,0.0975952
5399,0.10522461
5400,0.11367799
5401,0.12390137
5402,0.13293457
5403,0.13922119
5404,0.13452148
5405,0.12512206
5406,0.11282351
5407,0.103790276
5408,0.093688965
5409,0.0854187
5410,0.07110595
5411,0.055816665
5412,0.038055435
5413,0.022155747
5414,0.007659912
5415,-0.0048828125
5416,-0.015014641
5417,-0.023590095
5418,-0.03170775
5419,-0.04138182
5420,-0.04885865
5421,-0.056182846
5422,-0.061676025
5423,-0.06314088
5424,-0.05496216
5425,-0.043060295
5426,-0.02273561
5427,-0.0020141602
5428,0.016174303
5429,0.028656008
5430,0.0395813
5431,0.049530044
5432,0.06021118
5433,0.073883064
5434,0.09777832
5435,0.12991333
5436,0.17361455
5437,0.21890262
5438,0.2575989
5439,0.28817752
5440,0.30508423
5441,0.31140137
5442,0.31436157
5443,0.31698608
5444,0.3204956
5445,0.31915283
5446,0.31018072
5447,0.2929688
5448,0.26907355
5449,0.23696904
5450,0.20162964
5451,0.16098024
5452,0.123291
5453,0.09219362
5454,0.07666017
5455,0.06671144
5456,0.05960083
5457,0.05224613
5458,0.032989576
5459,0.010223381
5460,-0.024322502
5461,-0.07501218
5462,-0.120513916
5463,-0.15975955
5464,-0.19177248
5465,-0.22396852
5466,-0.24859616
5467,-0.26605225
5468,-0.29364014
5469,-0.32247922
5470,-0.3559875
5471,-0.3917846
5472,-0.42330927
5473,-0.47885132
5474,-0.56195074
5475,-0.68188477
5476,-0.8126527
5477,-0.93896496
5478,-1.0411988
5479,-1.104187
5480,-1.1271971
5481,-1.1227113
5482,-1.0957642
5483,-1.0675964
5484,-1.0292053
5485,-0.98349
5486,-0.9051819
5487,-0.7944032
5488,-0.6704407
5489,-0.52661127
5490,-0.3815307
5491,-0.23904417
5492,-0.08981311
5493,0.053253174
5494,0.18865958
5495,0.29882807
5496,0.40753192
5497,0.5097657
5498,0.5980224
5499,0.6661378
5500,0.7174073
5501,0.7648621
5502,0.7980653
5503,0.79116833
5504,0.7307435
5505,0.60003674
5506,0.42761207
5507,0.23040766
5508,0.04104626
5509,-0.13104272
5510,-0.2785951
5511,-0.40457153
5512,-0.52716064
5513,-0.65991217
5514,-0.84402454
5515,-1.0249329
5516,-1.2081301
5517,-1.3576968
5518,-1.4737245
5519,-1.5433656
5520,-1.5751343
5521,-1.5793457
5522,-1.5204469
5523,-1.4043885
5524,-1.2284853
5525,-0.9746401
5526,-0.6496887
5527,-0.27471924
5528,0.13278186
5529,0.53842175
5530,0.9324952
5531,1.2976683
5532,1.6213684
5533,1.882477
5534,2.0639954
5535,2.1466675
5536,2.145691
5537,2.0690615
5538,1.9639589
5539,1.8282166
5540,1.6927795
5541,1.5861818
5542,1.4753113
5543,1.3933105
5544,1.3467103
5545,1.3214723
5546,1.2705687
5547,1.1910706
5548,1.0801088
5549,0.9273375
5550,0.73498523
5551,0.5148011
5552,0.29312122
5553,0.11166369
5554,-0.035034195
5555,-0.08935557
5556,-0.10095227
5557,-0.07873541
5558,-0.033355772
5559,0.020141602
5560,0.07546982
5561,0.11489871
5562,0.16815162
5563,0.22692868
5564,0.2781676
5565,0.33883673
5566,0.3899536
5567,0.42684942
5568,0.46234125
5569,0.4908142
5570,0.514801
5571,0.53131104
5572,0.52960193
5573,0.50949097
5574,0.49041748
5575,0.44625866
5576,0.37307754
5577,0.27255246
5578,0.14324957
5579,-0.008911073
5580,-0.17254633
5581,-0.32321173
5582,-0.47375476
5583,-0.60171497
5584,-0.6726379
5585,-0.70336926
5586,-0.6973877
5587,-0.6672362
5588,-0.6188964
5589,-0.56506354
5590,-0.5135193
5591,-0.46023554
5592,-0.407837
5593,-0.3535156
5594,-0.29629523
5595,-0.24044794
5596,-0.19256593
5597,-0.168396
5598,-0.16586308
5599,-0.17700194
5600,-0.20532231
5601,-0.24063104
5602,-0.2857666
5603,-0.33544925
5604,-0.3824768
5605,-0.42315668
5606,-0.45431513
5607,-0.47885144
5608,-0.50296015
5609,-0.5251464
5610,-0.5509949
5611,-0.58554083
5612,-0.63308704
5613,-0.69378656
5614,-0.7637633
5615,-0.8345338
5616,-0.8954468
5617,-0.9402466
5618,-0.96649146
5619,-0.977417
5620,-0.96838367
5621,-0.94888306
5622,-0.91897583
5623,-0.88677967
5624,-0.8524169
5625,-0.81948864
5626,-0.7892761
5627,-0.75967395
5628,-0.72717273
5629,-0.6888428
5630,-0.64160144
5631,-0.5817871
5632,-0.51489264
5633,-0.4447021
5634,-0.37802124
5635,-0.32080078
5636,-0.2768555
5637,-0.24588016
5638,-0.22204593
5639,-0.19088742
5640,-0.16226196
5641,-0.13464352
5642,-0.11148071
5643,-0.09240723
5644,-0.07299805
5645,-0.050445557
5646,-0.030822739
5647,-0.0074157417
5648,0.024108902
5649,0.059478745
5650,0.101684555
5651,0.13058469
5652,0.15231323
5653,0.17181396
5654,0.19161987
5655,0.2204895
5656,0.2452087
5657,0.26824957
5658,0.29058844
5659,0.30810547
5660,0.334198
5661,0.35433957
5662,0.36889648
5663,0.3843994
5664,0.39154053
5665,0.39675903
5666,0.3995666
5667,0.40484616
5668,0.41253662
5669,0.42276007
5670,0.4316101
5671,0.441803
5672,0.45159915
5673,0.45211792
5674,0.44329834
5675,0.42773438
5676,0.4060669
5677,0.37847897
5678,0.3577575
5679,0.3470459
5680,0.33813477
5681,0.33425906
5682,0.32687378
5683,0.31829834
5684,0.3146057
5685,0.31604004
5686,0.31362915
5687,0.31036377
5688,0.3057556
5689,0.30548093
5690,0.3097229
5691,0.31106567
5692,0.31015015
5693,0.31222534
5694,0.31845093
5695,0.32543945
5696,0.33486938
5697,0.3518982
5698,0.3656616
5699,0.36825562
5700,0.36935425
5701,0.36853027
5702,0.36547852
5703,0.36035156
5704,0.35412598
5705,0.346344
5706,0.34857178
5707,0.35534668
5708,0.35827637
5709,0.36044312
5710,0.3555298
5711,0.35534668
5712,0.35290527
5713,0.349823
5714,0.34500122
5715,0.3343506
5716,0.32180786
5717,0.30737305
5718,0.28796387
5719,0.27005005
5720,0.25106812
5721,0.23550415
5722,0.22045898
5723,0.20425415
5724,0.18225098
5725,0.14727783
5726,0.11087036
5727,0.07122803
5728,0.035186768
5729,-0.0018921047
5730,-0.036834717
5731,-0.06524658
5732,-0.08972168
5733,-0.11480713
5734,-0.14004518
5735,-0.16500853
5736,-0.17941284
5737,-0.18814087
5738,-0.20034789
5739,-0.20993042
5740,-0.21823122
5741,-0.22534178
5742,-0.22909541
5743,-0.23428343
5744,-0.23437501
5745,-0.23223877
5746,-0.22656254
5747,-0.21859744
5748,-0.2161255
5749,-0.21121213
5750,-0.20166017
5751,-0.18920895
5752,-0.17562865
5753,-0.16662595
5754,-0.15979004
5755,-0.15853885
5756,-0.15954593
5757,-0.16494751
5758,-0.17276001
5759,-0.18533324
5760,-0.19424438
5761,-0.2019043
5762,-0.20547487
5763,-0.2086792
5764,-0.21295166
5765,-0.21957397
5766,-0.22106934
5767,-0.22839355
5768,-0.23663329
5769,-0.24813841
5770,-0.2612915
5771,-0.27563477
5772,-0.28775024
5773,-0.29406738
5774,-0.2960205
5775,-0.29022217
5776,-0.28082275
5777,-0.27145386
5778,-0.26025388
5779,-0.24514769
5780,-0.22961426
5781,-0.22406006
5782,-0.22348021
5783,-0.22317505
5784,-0.2167053
5785,-0.2015381
5786,-0.19369507
5787,-0.19210814
5788,-0.19616698
5789,-0.20257568
5790,-0.2064209
5791,-0.21261595
5792,-0.21160889
5793,-0.20513916
5794,-0.19357298
5795,-0.17755127
5796,-0.16470337
5797,-0.15124512
5798,-0.13546754
5799,-0.12643431
5800,-0.115753174
5801,-0.101532
5802,-0.083618164
5803,-0.062866226
5804,-0.04138185
5805,-0.02133179
5806,-0.0058899075
5807,0.0073852576
5808,0.023101777
5809,0.042419463
5810,0.063934304
5811,0.08575441
5812,0.09774783
5813,0.10766603
5814,0.11688232
5815,0.13021848
5816,0.14007568
5817,0.1478577
5818,0.15124515
5819,0.14849855
5820,0.14157104
5821,0.13168335
5822,0.11993407
5823,0.11111447
5824,0.106933616
5825,0.10781859
5826,0.1093445
5827,0.1155701
5828,0.1257019
5829,0.13092041
5830,0.13217165
5831,0.1314697
5832,0.12561035
5833,0.115997314
5834,0.1048584
5835,0.09054566
5836,0.074523926
5837,0.059661854
5838,0.05154419
5839,0.051635753
5840,0.057220444
5841,0.070251465
5842,0.08148196
5843,0.09088136
5844,0.098083496
5845,0.09893799
5846,0.101287834
5847,0.101745605
5848,0.1027222
5849,0.097961426
5850,0.09280395
5851,0.092742905
5852,0.092315674
5853,0.09570311
5854,0.09951781
5855,0.10333252
5856,0.11154174
5857,0.122070335
5858,0.12915042
5859,0.13000488
5860,0.12283326
5861,0.11257932
5862,0.10256958
5863,0.09310914
5864,0.08377076
5865,0.06964111
5866,0.057891864
5867,0.04629517
5868,0.033721928
5869,0.024139382
5870,0.013641372
5871,0.0068359375
5872,0.0013122447
5873,-0.0056457296
5874,-0.014129646
5875,-0.029693607
5876,-0.046874985
5877,-0.06713867
5878,-0.08410644
5879,-0.09896852
5880,-0.11163331
5881,-0.121643074
5882,-0.12869263
5883,-0.1329956
5884,-0.1359253
5885,-0.13619995
5886,-0.1334839
5887,-0.12802124
5888,-0.12466429
5889,-0.12078858
5890,-0.11669922
5891,-0.11209108
5892,-0.10992431
5893,-0.106811516
5894,-0.103668205
5895,-0.09606935
5896,-0.085571304
5897,-0.07485962
5898,-0.07049562
5899,-0.06665038
5900,-0.06222536
5901,-0.05551146
5902,-0.05090332
5903,-0.04861451
5904,-0.04556272
5905,-0.043823257
5906,-0.045593247
5907,-0.048767105
5908,-0.0501709
5909,-0.056793228
5910,-0.061920166
5911,-0.067596436
5912,-0.06811522
5913,-0.065643325
5914,-0.06332399
5915,-0.061065674
5916,-0.06631472
5917,-0.07125853
5918,-0.073394775
5919,-0.07183838
5920,-0.06753541
5921,-0.061859146
5922,-0.05624391
5923,-0.05395509
5924,-0.05838014
5925,-0.061187726
5926,-0.06600954
5927,-0.06582642
5928,-0.05966188
5929,-0.04425048
5930,-0.025360117
5931,-0.0033569187
5932,0.012573241
5933,0.02398682
5934,0.034667984
5935,0.04922484
5936,0.064422615
5937,0.08438109
5938,0.10290527
5939,0.117309585
5940,0.12899782
5941,0.13879395
5942,0.1495972
5943,0.16494748
5944,0.18041992
5945,0.19665524
5946,0.20770264
5947,0.21499634
5948,0.21151736
5949,0.20358276
5950,0.19512941
5951,0.18402097
5952,0.17871094
5953,0.17666624
5954,0.17056273
5955,0.15972902
5956,0.14233397
5957,0.12127686
5958,0.102142334
5959,0.08859253
5960,0.0758667
5961,0.06369017
5962,0.052612297
5963,0.043090813
5964,0.03262329
5965,0.022338875
5966,0.017547607
5967,0.015228264
5968,0.01766966
5969,0.018981934
5970,0.01889037
5971,0.018218987
5972,0.01867675
5973,0.019622814
5974,0.020935059
5975,0.027069084
5976,0.0392151
5977,0.051422127
5978,0.057067864
5979,0.060852043
5980,0.063568145
5981,0.060974136
5982,0.053619396
5983,0.045043934
5984,0.03637696
5985,0.028900146
5986,0.028015144
5987,0.024505623
5988,0.013061531
5989,0.0016174167
5990,-0.007781975
5991,-0.019958481
5992,-0.030273445
5993,-0.035125718
5994,-0.029510513
5995,-0.024353042
5996,-0.015258804
5997,-0.0071105734
5998,0.0040283203
5999,0.015136719
6000,0.02706908
6001,0.033813454
6002,0.036956787
6003,0.037353534
6004,0.03930664
6005,0.04089354
6006,0.04605103
6007,0.056518577
6008,0.07519529
6009,0.11163331
6010,0.17315677
6011,0.21780393
6012,0.21450809
6013,0.19104001
6014,0.12860109
6015,0.04415893
6016,-0.03256224
6017,-0.09277339
6018,-0.1304626
6019,-0.1415405
6020,-0.1154785
6021,-0.091827385
6022,-0.08712764
6023,-0.0845032
6024,-0.11480714
6025,-0.16549689
6026,-0.20266724
6027,-0.22940058
6028,-0.24533077
6029,-0.24615476
6030,-0.21429443
6031,-0.19000243
6032,-0.18383786
6033,-0.17742923
6034,-0.19155885
6035,-0.22448736
6036,-0.2421875
6037,-0.24826045
6038,-0.24630731
6039,-0.22125241
6040,-0.16082764
6041,-0.09152221
6042,-0.046997003
6043,-0.0213013
6044,-0.038391113
6045,-0.079681434
6046,-0.13208008
6047,-0.18432614
6048,-0.2370605
6049,-0.30239865
6050,-0.4073182
6051,-0.4605102
6052,-0.41732788
6053,-0.32363886
6054,-0.13626097
6055,0.098419145
6056,0.3117981
6057,0.48345938
6058,0.60366815
6059,0.69281
6060,0.7558289
6061,0.75991815
6062,0.6952209
6063,0.6065979
6064,0.5010071
6065,0.3674012
6066,0.24551393
6067,0.15423585
6068,0.09454352
6069,0.07489014
6070,0.11080931
6071,0.16302493
6072,0.17242438
6073,0.13507077
6074,0.028778061
6075,-0.110015914
6076,-0.25112915
6077,-0.3858032
6078,-0.5172729
6079,-0.6694031
6080,-0.8513185
6081,-0.9656066
6082,-0.9600525
6083,-0.8931274
6084,-0.72958374
6085,-0.50396734
6086,-0.293335
6087,-0.121917784
6088,-0.013244718
6089,0.021148652
6090,-0.04925537
6091,-0.13528442
6092,-0.18002331
6093,-0.20327753
6094,-0.13424683
6095,-0.0068663955
6096,0.12536624
6097,0.2594298
6098,0.39794913
6099,0.53179926
6100,0.64340216
6101,0.71011347
6102,0.7184753
6103,0.68948364
6104,0.6228943
6105,0.52188116
6106,0.4055786
6107,0.29257202
6108,0.20208739
6109,0.13415526
6110,0.092132576
6111,0.069244355
6112,0.059967056
6113,0.052490234
6114,0.03555298
6115,0.019195557
6116,-0.0038146973
6117,-0.026733384
6118,-0.051391587
6119,-0.08413696
6120,-0.12069702
6121,-0.15814212
6122,-0.18716428
6123,-0.21093753
6124,-0.23770142
6125,-0.24493408
6126,-0.24163818
6127,-0.23727416
6128,-0.2304382
6129,-0.22451782
6130,-0.22436523
6131,-0.23602295
6132,-0.24987794
6133,-0.25796506
6134,-0.27487183
6135,-0.28616333
6136,-0.27960202
6137,-0.26327515
6138,-0.2258911
6139,-0.1765747
6140,-0.119781494
6141,-0.06625365
6142,-0.004150383
6143,0.06497194
6144,0.12954712
6145,0.17398073
6146,0.20330814
6147,0.22247316
6148,0.23706055
6149,0.24877933
6150,0.25665283
6151,0.2621765
6152,0.26892093
6153,0.26998898
6154,0.2645569
6155,0.2548828
6156,0.2310791
6157,0.19424441
6158,0.14993286
6159,0.106170684
6160,0.06506345
6161,0.030334443
6162,0.00079348683
6163,-0.029174805
6164,-0.057006836
6165,-0.075653106
6166,-0.08987425
6167,-0.1012573
6168,-0.10925294
6169,-0.10998535
6170,-0.105712906
6171,-0.09613037
6172,-0.089660645
6173,-0.08566284
6174,-0.07949828
6175,-0.07449341
6176,-0.06399535
6177,-0.044250492
6178,-0.017089821
6179,0.004028313
6180,0.021087673
6181,0.035125755
6182,0.043762207
6183,0.04528807
6184,0.04516601
6185,0.038513195
6186,0.026702866
6187,0.019165032
6188,0.013092063
6189,0.007904064
6190,0.007019058
6191,0.0036621094
6192,0.0014648288
6193,-0.0023193136
6194,-0.006347634
6195,-0.010620125
6196,-0.012939468
6197,-0.011627197
6198,-0.006866455
6199,-0.0002746582
6200,0.00775145
6201,0.01626587
6202,0.023956317
6203,0.03100589
6204,0.0345459
6205,0.041412324
6206,0.049163837
6207,0.058074947
6208,0.06991574
6209,0.0819397
6210,0.09255981
6211,0.100921646
6212,0.105041504
6213,0.10458375
6214,0.097595215
6215,0.089569084
6216,0.07855225
6217,0.069366455
6218,0.0600891
6219,0.05307006
6220,0.053649925
6221,0.0570679
6222,0.06121824
6223,0.067718506
6224,0.07528686
6225,0.08270265
6226,0.0942993
6227,0.104278535
6228,0.11145022
6229,0.11312864
6230,0.11483763
6231,0.113037124
6232,0.11682128
6233,0.12319949
6234,0.12811276
6235,0.13250731
6236,0.13973999
6237,0.14260866
6238,0.1408081
6239,0.13647461
6240,0.122131355
6241,0.10229494
6242,0.0793152
6243,0.058715835
6244,0.03558349
6245,0.01187133
6246,-0.013824463
6247,-0.031768784
6248,-0.05041505
6249,-0.06170655
6250,-0.07049559
6251,-0.076416016
6252,-0.085510254
6253,-0.09219361
6254,-0.096740715
6255,-0.10025023
6256,-0.09866334
6257,-0.0965576
6258,-0.09805298
6259,-0.09786987
6260,-0.10156251
6261,-0.1032715
6262,-0.09869386
6263,-0.091400154
6264,-0.08041385
6265,-0.07272339
6266,-0.06478883
6267,-0.06369016
6268,-0.06161498
6269,-0.058258057
6270,-0.06030274
6271,-0.062377945
6272,-0.06512452
6273,-0.06234742
6274,-0.055511504
6275,-0.04840087
6276,-0.047729522
6277,-0.045135498
6278,-0.046661362
6279,-0.05682376
6280,-0.06701659
6281,-0.07800297
6282,-0.09005738
6283,-0.099060096
6284,-0.10668944
6285,-0.11300657
6286,-0.121429466
6287,-0.12393188
6288,-0.12387083
6289,-0.1211548
6290,-0.12231444
6291,-0.12637329
6292,-0.12814328
6293,-0.13424683
6294,-0.13845822
6295,-0.14382933
6296,-0.14590456
6297,-0.15142821
6298,-0.15344238
6299,-0.14834596
6300,-0.13919067
6301,-0.12881471
6302,-0.11968995
6303,-0.10980223
6304,-0.095459
6305,-0.07821654
6306,-0.06323242
6307,-0.05117797
6308,-0.04153444
6309,-0.03680422
6310,-0.02264406
6311,-0.002044687
6312,0.020263664
6313,0.0423584
6314,0.06045532
6315,0.077606186
6316,0.09094238
6317,0.10211179
6318,0.11032104
6319,0.10736084
6320,0.10650632
6321,0.104003906
6322,0.10217287
6323,0.09640504
6324,0.090667725
6325,0.09069823
6326,0.09048462
6327,0.08453369
6328,0.08297729
6329,0.08850099
6330,0.096588135
6331,0.0977173
6332,0.09640503
6333,0.09091185
6334,0.08279417
6335,0.07720947
6336,0.07223513
6337,0.07086183
6338,0.07232664
6339,0.07369992
6340,0.071777344
6341,0.067565896
6342,0.062072728
6343,0.055358887
6344,0.048095696
6345,0.040710438
6346,0.0341492
6347,0.03005982
6348,0.027343735
6349,0.024505608
6350,0.02148436
6351,0.022735588
6352,0.027954113
6353,0.032653812
6354,0.03570557
6355,0.040466294
6356,0.051025383
6357,0.052734368
6358,0.04891967
6359,0.04647829
6360,0.04708862
6361,0.046936058
6362,0.044830333
6363,0.03955079
6364,0.030670151
6365,0.016723633
6366,0.0013122484
6367,-0.011810318
6368,-0.021118179
6369,-0.024108872
6370,-0.029235817
6371,-0.03546141
6372,-0.048919685
6373,-0.06008912
6374,-0.06738284
6375,-0.08010865
6376,-0.091003425
6377,-0.09509276
6378,-0.09283447
6379,-0.08633423
6380,-0.08740232
6381,-0.086944595
6382,-0.08956908
6383,-0.08959962
6384,-0.08544922
6385,-0.0762024
6386,-0.06588745
6387,-0.059783936
6388,-0.05331421
6389,-0.04455566
6390,-0.037353527
6391,-0.030883804
6392,-0.025543213
6393,-0.02362062
6394,-0.026977517
6395,-0.032287598
6396,-0.035186782
6397,-0.03454593
6398,-0.042724594
6399,-0.05334471
6400,-0.06213376
6401,-0.068939194
6402,-0.0746765
6403,-0.07846068
6404,-0.087127686
6405,-0.100494385
6406,-0.11099245
6407,-0.12036133
6408,-0.13046265
6409,-0.13931276
6410,-0.1448364
6411,-0.1413574
6412,-0.13513184
6413,-0.12860107
6414,-0.123718254
6415,-0.12493896
6416,-0.12893677
6417,-0.13195802
6418,-0.13525389
6419,-0.13601683
6420,-0.13049316
6421,-0.1221924
6422,-0.116546646
6423,-0.11151126
6424,-0.10025022
6425,-0.07980347
6426,-0.05526732
6427,-0.026397713
6428,-0.00091552734
6429,0.02554322
6430,0.05221556
6431,0.069549546
6432,0.08444213
6433,0.10107422
6434,0.11788942
6435,0.13928223
6436,0.16336057
6437,0.18756102
6438,0.21054077
6439,0.2206726
6440,0.22222899
6441,0.219574
6442,0.21255495
6443,0.20068362
6444,0.1923523
6445,0.18597414
6446,0.17712402
6447,0.16107178
6448,0.1457825
6449,0.122985825
6450,0.09924317
6451,0.07424928
6452,0.050903305
6453,0.028594956
6454,0.012054455
6455,0.0031433217
6456,-0.00070188195
6457,-0.0026245117
6458,-0.0025939941
6459,-0.0015869138
6460,0.0021972787
6461,0.001770026
6462,0.00091552455
6463,0.005615223
6464,0.010284431
6465,0.015533455
6466,0.0241089
6467,0.03295899
6468,0.047210682
6469,0.062530525
6470,0.07083131
6471,0.07669067
6472,0.079010025
6473,0.08599854
6474,0.09576415
6475,0.105712906
6476,0.11071777
6477,0.10858155
6478,0.10824585
6479,0.10443115
6480,0.09597777
6481,0.09002684
6482,0.08602906
6483,0.08154298
6484,0.082489
6485,0.08181764
6486,0.08258058
6487,0.081542976
6488,0.084045425
6489,0.08441162
6490,0.086303726
6491,0.08831787
6492,0.089263916
6493,0.0871582
6494,0.08407591
6495,0.07653809
6496,0.067840576
6497,0.06082152
6498,0.05444337
6499,0.053527843
6500,0.050903328
6501,0.049438488
6502,0.050659172
6503,0.05798339
6504,0.057556145
6505,0.051849358
6506,0.043426506
6507,0.031921387
6508,0.018646233
6509,0.00961303
6510,-0.0026550367
6511,-0.009857178
6512,-0.0065307617
6513,0.00018311292
6514,0.0050964355
6515,0.009887688
6516,0.012329087
6517,0.015930206
6518,0.016235359
6519,0.01565551
6520,0.019134507
6521,0.023803692
6522,0.030151378
6523,0.033538815
6524,0.035614006
6525,0.03393557
6526,0.030792229
6527,0.027496338
6528,0.026428241
6529,0.027648937
6530,0.026489263
6531,0.022521991
6532,0.0120849535
6533,-0.0049743727
6534,-0.021575924
6535,-0.036102317
6536,-0.04760742
6537,-0.058227547
6538,-0.06945801
6539,-0.07757568
6540,-0.082336426
6541,-0.09033202
6542,-0.09799195
6543,-0.10772705
6544,-0.11178588
6545,-0.11364748
6546,-0.11788943
6547,-0.120636
6548,-0.12872316
6549,-0.13977054
6550,-0.15039064
6551,-0.15838625
6552,-0.16436768
6553,-0.16897583
6554,-0.16723631
6555,-0.16043091
6556,-0.15267946
6557,-0.144104
6558,-0.13610841
6559,-0.13024904
6560,-0.12576295
6561,-0.12017822
6562,-0.11859131
6563,-0.1143799
6564,-0.11120604
6565,-0.10787964
6566,-0.10534668
6567,-0.10198975
6568,-0.09799195
6569,-0.08959961
6570,-0.08337402
6571,-0.079956055
6572,-0.074279785
6573,-0.072692856
6574,-0.070342995
6575,-0.07043458
6576,-0.068115205
6577,-0.066406265
6578,-0.071441665
6579,-0.0769043
6580,-0.08047487
6581,-0.08392334
6582,-0.08651735
6583,-0.08898926
6584,-0.0887146
6585,-0.09042359
6586,-0.09487916
6587,-0.10031131
6588,-0.10903931
6589,-0.11791994
6590,-0.11618043
6591,-0.10855103
6592,-0.09939577
6593,-0.08599854
6594,-0.08181762
6595,-0.075103745
6596,-0.07015993
6597,-0.065826416
6598,-0.057403564
6599,-0.047729485
6600,-0.035186797
6601,-0.022064202
6602,-0.0066528134
6603,0.007904064
6604,0.02047731
6605,0.030395508
6606,0.039367698
6607,0.052398708
6608,0.068481445
6609,0.08572388
6610,0.09979248
6611,0.11181642
6612,0.12756348
6613,0.14440918
6614,0.1565857
6615,0.16574097
6616,0.17181396
6617,0.17675786
6618,0.17642209
6619,0.17065431
6620,0.15957642
6621,0.14654541
6622,0.13671875
6623,0.1260376
6624,0.10708619
6625,0.096344
6626,0.085906975
6627,0.07504274
6628,0.06884766
6629,0.06741333
6630,0.071899414
6631,0.06814575
6632,0.0647583
6633,0.059509285
6634,0.051788338
6635,0.05270387
6636,0.05215454
6637,0.0527649
6638,0.05795289
6639,0.06494142
6640,0.07235718
6641,0.080230705
6642,0.08428956
6643,0.08990478
6644,0.09967041
6645,0.1043396
6646,0.110473625
6647,0.111022964
6648,0.10739137
6649,0.10021973
6650,0.086944595
6651,0.072906494
6652,0.062469512
6653,0.055267315
6654,0.044830307
6655,0.037689213
6656,0.030731194
6657,0.024566665
6658,0.017150871
6659,0.007171616
6660,-0.007873539
6661,-0.02548217
6662,-0.043365497
6663,-0.060760505
6664,-0.07583618
6665,-0.08157347
6666,-0.08377075
6667,-0.07907104
6668,-0.07409668
6669,-0.07510375
6670,-0.07907104
6671,-0.085113525
6672,-0.09524539
6673,-0.105590805
6674,-0.10656738
6675,-0.10775755
6676,-0.102081314
6677,-0.09646607
6678,-0.0916748
6679,-0.08560179
6680,-0.0753479
6681,-0.06332397
6682,-0.052917488
6683,-0.050872795
6684,-0.054321297
6685,-0.06988527
6686,-0.08325196
6687,-0.10110474
6688,-0.119140625
6689,-0.12823486
6690,-0.13226321
6691,-0.13183592
6692,-0.12719727
6693,-0.11972046
6694,-0.11154175
6695,-0.09869384
6696,-0.0812683
6697,-0.06402589
6698,-0.047210705
6699,-0.03826903
6700,-0.031768803
6701,-0.024841309
6702,-0.021026611
6703,-0.01684571
6704,-0.010101326
6705,0.0030212402
6706,0.016479492
6707,0.031127922
6708,0.046081543
6709,0.05368041
6710,0.05969239
6711,0.06784058
6712,0.07052612
6713,0.068786636
6714,0.06427001
6715,0.05731202
6716,0.050445553
6717,0.046508797
6718,0.04992676
6719,0.055267338
6720,0.06475831
6721,0.07315064
6722,0.08010863
6723,0.08084107
6724,0.08111574
6725,0.077423096
6726,0.07650757
6727,0.07519531
6728,0.07693481
6729,0.07974245
6730,0.08471681
6731,0.09149169
6732,0.097045906
6733,0.098388664
6734,0.10101318
6735,0.10073852
6736,0.098052986
6737,0.09231566
6738,0.08657838
6739,0.084808335
6740,0.08084109
6741,0.07592774
6742,0.06842043
6743,0.06335449
6744,0.06323241
6745,0.06561278
6746,0.06481936
6747,0.06289672
6748,0.05786132
6749,0.055877686
6750,0.049957268
6751,0.044403087
6752,0.036163326
6753,0.03363038
6754,0.03363037
6755,0.033630397
6756,0.029724121
6757,0.02557372
6758,0.019714344
6759,0.01171875
6760,0.006347645
6761,0.0049133226
6762,0.0068054274
6763,0.007446289
6764,0.009094231
6765,0.0071411096
6766,0.001739502
6767,-0.0020751916
6768,-0.0067748874
6769,-0.010437023
6770,-0.011901846
6771,-0.012207029
6772,-0.01040649
6773,-0.010803223
6774,-0.013458249
6775,-0.021057144
6776,-0.030212395
6777,-0.039947506
6778,-0.05023193
6779,-0.055145267
6780,-0.06262206
6781,-0.071685776
6782,-0.07644654
6783,-0.07629394
6784,-0.07522583
6785,-0.07611084
6786,-0.080993645
6787,-0.08871461
6788,-0.091735855
6789,-0.08886718
6790,-0.086700454
6791,-0.082092285
6792,-0.0769043
6793,-0.06768797
6794,-0.059997573
6795,-0.052093506
6796,-0.0498352
6797,-0.046112064
6798,-0.044006355
6799,-0.04055786
6800,-0.030548103
6801,-0.018432625
6802,-0.008270254
6803,0.0010986328
6804,0.0034789918
6805,0.007110589
6806,0.0081482
6807,0.011535652
6808,0.0109558115
6809,0.010375978
6810,0.01550293
6811,0.023071287
6812,0.03286743
6813,0.0430603
6814,0.051086426
6815,0.054748528
6816,0.055145275
6817,0.052795418
6818,0.05291748
6819,0.051818848
6820,0.048553463
6821,0.046691887
6822,0.050567623
6823,0.051147453
6824,0.051391598
6825,0.051208496
6826,0.05194093
6827,0.05175782
6828,0.05203247
6829,0.04928589
6830,0.041595455
6831,0.033264153
6832,0.023712158
6833,0.017028786
6834,0.0089721605
6835,0.0012817383
6836,-0.003692627
6837,-0.005889889
6838,-0.009582512
6839,-0.011016853
6840,-0.0072937086
6841,-0.0019836426
6842,0.0013122521
6843,0.0063781664
6844,0.011444092
6845,0.0128479
6846,0.012298588
6847,0.010803215
6848,0.01055906
6849,0.008697525
6850,0.006774895
6851,0.005889885
6852,0.0029602032
6853,-0.00045776367
6854,-0.0031433068
6855,-0.0028076172
6856,-0.0035705343
6857,-0.003021244
6858,-0.002990719
6859,-0.007751465
6860,-0.02053833
6861,-0.0354309
6862,-0.045379627
6863,-0.051544208
6864,-0.055755615
6865,-0.056243908
6866,-0.0545044
6867,-0.05255127
6868,-0.049743652
6869,-0.04757691
6870,-0.043975845
6871,-0.040283196
6872,-0.037841793
6873,-0.037353545
6874,-0.03381348
6875,-0.032928463
6876,-0.027282726
6877,-0.022644076
6878,-0.016204845
6879,-0.009521488
6880,0.0016479492
6881,0.01077272
6882,0.012023922
6883,0.012176521
6884,0.012176525
6885,0.011962913
6886,0.012939438
6887,0.011260979
6888,0.013183594
6889,0.017730698
6890,0.01657106
6891,0.009643547
6892,-0.005401604
6893,-0.016571019
6894,-0.030670177
6895,-0.044067375
6896,-0.05697632
6897,-0.06854249
6898,-0.07595825
6899,-0.08248902
6900,-0.08908081
6901,-0.09255981
6902,-0.09393309
6903,-0.0937805
6904,-0.095733635
6905,-0.09454347
6906,-0.09570314
6907,-0.09222412
6908,-0.08737181
6909,-0.08386229
6910,-0.07455443
6911,-0.06347655
6912,-0.04931642
6913,-0.040985085
6914,-0.030853253
6915,-0.01953125
6916,-0.005828865
6917,0.006042473
6918,0.016082777
6919,0.024963362
6920,0.033874534
6921,0.035919182
6922,0.0317993
6923,0.025146497
6924,0.020263674
6925,0.015136743
6926,0.01620482
6927,0.013000489
6928,0.006866469
6929,0.002655007
6930,-0.0006408617
6931,-0.0033264235
6932,-0.0074768215
6933,-0.01086425
6934,-0.016357414
6935,-0.023193333
6936,-0.03262329
6937,-0.04452513
6938,-0.058654785
6939,-0.07135009
6940,-0.08374025
6941,-0.0944519
6942,-0.100372314
6943,-0.10711668
6944,-0.11071777
6945,-0.11209108
6946,-0.1087036
6947,-0.10256958
6948,-0.09484863
6949,-0.086120605
6950,-0.07492064
6951,-0.06637574
6952,-0.05926516
6953,-0.057861328
6954,-0.05426026
6955,-0.045867927
6956,-0.036438003
6957,-0.025970452
6958,-0.020233147
6959,-0.014251724
6960,-0.00842287
6961,-0.0022888295
6962,0.008636467
6963,0.01876831
6964,0.031402607
6965,0.04339601
6966,0.054656994
6967,0.06396487
6968,0.06762695
6969,0.07009889
6970,0.07519531
6971,0.08157349
6972,0.08837892
6973,0.1002197
6974,0.114501946
6975,0.12783813
6976,0.14114383
6977,0.15093994
6978,0.15710446
6979,0.15841675
6980,0.1552429
6981,0.14990236
6982,0.14099121
6983,0.12893675
6984,0.12057491
6985,0.114929184
6986,0.108032234
6987,0.105224624
6988,0.1046753
6989,0.10644529
6990,0.10195923
6991,0.09686278
6992,0.08966065
6993,0.0823059
6994,0.076812744
6995,0.06979369
6996,0.059509303
6997,0.051269546
6998,0.050018325
6999,0.050109856
7000,0.05065921
7001,0.052032456
7002,0.050811775
7003,0.054168694
7004,0.06036377
7005,0.06607054
7006,0.07104491
7007,0.07476807
7008,0.07476805
7009,0.07162476
7010,0.07336425
7011,0.075256355
7012,0.07714845
7013,0.077819794
7014,0.076080315
7015,0.07229613
7016,0.06542967
7017,0.060394276
7018,0.053680416
7019,0.045532238
7020,0.036560044
7021,0.028442383
7022,0.02160646
7023,0.012695335
7024,0.0030212328
7025,-0.008819569
7026,-0.023559555
7027,-0.0376587
7028,-0.04678346
7029,-0.052093513
7030,-0.059753403
7031,-0.064819336
7032,-0.070007324
7033,-0.07162473
7034,-0.06677246
7035,-0.061218254
7036,-0.05297852
7037,-0.047882095
7038,-0.04422
7039,-0.040161133
7040,-0.035888657
7041,-0.032379135
7042,-0.028961174
7043,-0.025360111
7044,-0.023254376
7045,-0.025299083
7046,-0.03009034
7047,-0.033996597
7048,-0.038726833
7049,-0.038543683
7050,-0.034637447
7051,-0.031433087
7052,-0.027770989
7053,-0.030029304
7054,-0.037261948
7055,-0.04586792
7056,-0.053131126
7057,-0.0586548
7058,-0.067565925
7059,-0.07638548
7060,-0.08630372
7061,-0.09439087
7062,-0.09732054
7063,-0.098083474
7064,-0.09402464
7065,-0.08483886
7066,-0.07427981
7067,-0.06704712
7068,-0.062774666
7069,-0.057769783
7070,-0.05111696
7071,-0.04318238
7072,-0.031555165
7073,-0.01742553
7074,-0.007843019
7075,-0.000610359
7076,0.0069580115
7077,0.016143803
7078,0.02734375
7079,0.036621097
7080,0.045135513
7081,0.05322267
7082,0.065093994
7083,0.07598877
7084,0.08245851
7085,0.08581542
7086,0.08728027
7087,0.087188706
7088,0.082733154
7089,0.07537842
7090,0.06515504
7091,0.053771973
7092,0.04187011
7093,0.026123049
7094,0.012939455
7095,0.002136238
7096,-0.0068664737
7097,-0.018005367
7098,-0.031005874
7099,-0.04354859
7100,-0.055297863
7101,-0.06671144
7102,-0.076477036
7103,-0.08157349
7104,-0.08755494
7105,-0.09216307
7106,-0.09585571
7107,-0.10086059
7108,-0.104644775
7109,-0.108062744
7110,-0.10632326
7111,-0.10031131
7112,-0.08856201
7113,-0.07171631
7114,-0.056671143
7115,-0.04403686
7116,-0.032379128
7117,-0.023162838
7118,-0.010772683
7119,-0.0011596642
7120,0.011352535
7121,0.021820055
7122,0.03771972
7123,0.053100586
7124,0.06674194
7125,0.07785034
7126,0.08947754
7127,0.10131834
7128,0.1138611
7129,0.12112425
7130,0.12484741
7131,0.12277222
7132,0.11752318
7133,0.10876463
7134,0.09152221
7135,0.072204575
7136,0.05377198
7137,0.037719727
7138,0.025329586
7139,0.0097961575
7140,-0.0076293796
7141,-0.022491466
7142,-0.034027122
7143,-0.04241943
7144,-0.051025376
7145,-0.061431885
7146,-0.07678221
7147,-0.091033936
7148,-0.107360825
7149,-0.1166687
7150,-0.12402344
7151,-0.12979126
7152,-0.13046265
7153,-0.12930296
7154,-0.122283936
7155,-0.11386108
7156,-0.10430906
7157,-0.09259034
7158,-0.072387695
7159,-0.043853775
7160,-0.008392341
7161,0.032257125
7162,0.078552276
7163,0.12643428
7164,0.17166138
7165,0.21646117
7166,0.25616455
7167,0.29367065
7168,0.3309632
7169,0.36267087
7170,0.39813226
7171,0.43829346
7172,0.4721985
7173,0.500946
7174,0.52145386
7175,0.5302124
7176,0.5298462
7177,0.52334595
7178,0.50762945
7179,0.48977655
7180,0.46438593
7181,0.43826294
7182,0.4100647
7183,0.3744201
7184,0.33267212
7185,0.27835083
7186,0.20928955
7187,0.13098142
7188,0.057769813
7189,-0.0039673373
7190,-0.069824256
7191,-0.1343689
7192,-0.20169064
7193,-0.2565613
7194,-0.29327396
7195,-0.31884766
7196,-0.35220337
7197,-0.40423587
7198,-0.4664306
7199,-0.5404054
7200,-0.6357118
7201,-0.7535707
7202,-0.90112305
7203,-1.0430603
7204,-1.1660156
7205,-1.2664795
7206,-1.3337097
7207,-1.3688965
7208,-1.3661804
7209,-1.3273315
7210,-1.2662656
7211,-1.1748352
7212,-1.063568
7213,-0.9345704
7214,-0.7908021
7215,-0.65499896
7216,-0.532898
7217,-0.42932132
7218,-0.32656854
7219,-0.21597305
7220,-0.11056519
7221,-0.011108488
7222,0.08154301
7223,0.17224115
7224,0.26538074
7225,0.35815436
7226,0.44134533
7227,0.51519775
7228,0.5599061
7229,0.5739441
7230,0.56780994
7231,0.51855457
7232,0.44525146
7233,0.33901972
7234,0.20034802
7235,0.05102545
7236,-0.08795166
7237,-0.1968385
7238,-0.27267468
7239,-0.32357776
7240,-0.35748267
7241,-0.36633313
7242,-0.35974133
7243,-0.31973225
7244,-0.24349964
7245,-0.14303577
7246,-0.04370129
7247,0.0362854
7248,0.08673072
7249,0.08981323
7250,0.03829974
7251,-0.06527698
7252,-0.20889282
7253,-0.36633295
7254,-0.5094606
7255,-0.6127929
7256,-0.6675415
7257,-0.66815174
7258,-0.61779773
7259,-0.5085448
7260,-0.3294984
7261,-0.10470569
7262,0.16436791
7263,0.42398065
7264,0.6435241
7265,0.8265076
7266,0.9912416
7267,1.151947
7268,1.2869568
7269,1.4088746
7270,1.5386046
7271,1.6741638
7272,1.8164061
7273,1.9392703
7274,2.0214844
7275,2.057587
7276,2.0490417
7277,1.99823
7278,1.8981628
7279,1.7445984
7280,1.5570374
7281,1.3542175
7282,1.1409299
7283,0.9419861
7284,0.77334607
7285,0.6455687
7286,0.55285615
7287,0.4811099
7288,0.42373657
7289,0.36651623
7290,0.30847168
7291,0.24432383
7292,0.17126475
7293,0.08993526
7294,0.0035398528
7295,-0.08056627
7296,-0.1537172
7297,-0.21673577
7298,-0.26165763
7299,-0.280609
7300,-0.275177
7301,-0.24874866
7302,-0.20758045
7303,-0.16519171
7304,-0.13400286
7305,-0.11822498
7306,-0.12130733
7307,-0.14285286
7308,-0.17846692
7309,-0.21740726
7310,-0.25491336
7311,-0.28665158
7312,-0.31274417
7313,-0.33605972
7314,-0.3564148
7315,-0.3814393
7316,-0.41122454
7317,-0.4465636
7318,-0.48364246
7319,-0.52282715
7320,-0.5610962
7321,-0.5899353
7322,-0.61062634
7323,-0.61831665
7324,-0.61138904
7325,-0.5963135
7326,-0.5712585
7327,-0.5426024
7328,-0.51885986
7329,-0.505249
7330,-0.5020142
7331,-0.5081482
7332,-0.5215759
7333,-0.5367737
7334,-0.55157477
7335,-0.5623779
7336,-0.57156366
7337,-0.57656866
7338,-0.5772096
7339,-0.5706788
7340,-0.5631409
7341,-0.55725086
7342,-0.55416864
7343,-0.55538946
7344,-0.5587158
7345,-0.5568848
7346,-0.55523676
7347,-0.55117804
7348,-0.5418701
7349,-0.5291748
7350,-0.51303095
7351,-0.494995
7352,-0.47717288
7353,-0.4598388
7354,-0.44641095
7355,-0.43078622
7356,-0.41796872
7357,-0.4043885
7358,-0.39062488
7359,-0.37994373
7360,-0.37390128
7361,-0.3641051
7362,-0.35708618
7363,-0.34951782
7364,-0.34405518
7365,-0.33682242
7366,-0.3259886
7367,-0.30932605
7368,-0.28921515
7369,-0.26608288
7370,-0.24212652
7371,-0.21426398
7372,-0.1820373
7373,-0.14602664
7374,-0.111206055
7375,-0.07778931
7376,-0.041046113
7377,-0.005615264
7378,0.03125003
7379,0.069366425
7380,0.10559079
7381,0.14044195
7382,0.17379758
7383,0.20782477
7384,0.23886114
7385,0.2667846
7386,0.28988636
7387,0.31094354
7388,0.3283692
7389,0.34680188
7390,0.36334234
7391,0.3785401
7392,0.39074704
7393,0.39923102
7394,0.40386963
7395,0.40679932
7396,0.40383908
7397,0.40176395
7398,0.39978027
7399,0.39733887
7400,0.39376837
7401,0.39327997
7402,0.39282233
7403,0.3925171
7404,0.39276117
7405,0.39376837
7406,0.39471442
7407,0.39532483
7408,0.39389032
7409,0.3920592
7410,0.39056396
7411,0.3890075
7412,0.389679
7413,0.3891296
7414,0.3913269
7415,0.39001465
7416,0.38830566
7417,0.3832093
7418,0.37734985
7419,0.37207025
7420,0.3661499
7421,0.35897827
7422,0.349823
7423,0.33850098
7424,0.3277893
7425,0.3093567
7426,0.2895813
7427,0.265564
7428,0.23953247
7429,0.21127318
7430,0.1812744
7431,0.15252686
7432,0.12667845
7433,0.10296632
7434,0.08337404
7435,0.06890868
7436,0.059204094
7437,0.054809555
7438,0.05313112
7439,0.047119126
7440,0.04113768
7441,0.028259277
7442,0.014007553
7443,-0.0028076023
7444,-0.017700195
7445,-0.028778069
7446,-0.037872307
7447,-0.041595474
7448,-0.043945312
7449,-0.045593277
7450,-0.046630874
7451,-0.047760025
7452,-0.04635617
7453,-0.04479982
7454,-0.041503906
7455,-0.03717041
7456,-0.030059814
7457,-0.0262146
7458,-0.023834243
7459,-0.021026611
7460,-0.01580812
7461,-0.0074157864
7462,0.00088500977
7463,0.0070495605
7464,0.008209214
7465,0.005218491
7466,-0.0022888258
7467,-0.014373794
7468,-0.026794434
7469,-0.04177855
7470,-0.053497314
7471,-0.06683348
7472,-0.08059694
7473,-0.09582518
7474,-0.11199951
7475,-0.12600707
7476,-0.14035034
7477,-0.15606692
7478,-0.17041016
7479,-0.18634032
7480,-0.20129395
7481,-0.21789552
7482,-0.23574829
7483,-0.25054932
7484,-0.26495358
7485,-0.275238
7486,-0.28085327
7487,-0.28622437
7488,-0.29263306
7489,-0.29782104
7490,-0.30023193
7491,-0.29946905
7492,-0.29336548
7493,-0.28338623
7494,-0.27355957
7495,-0.26107788
7496,-0.24948122
7497,-0.2423706
7498,-0.23721313
7499,-0.23770142
7500,-0.23831177
7501,-0.2373047
7502,-0.2325745
7503,-0.22470091
7504,-0.21163943
7505,-0.20156859
7506,-0.19155885
7507,-0.18127441
7508,-0.17300415
7509,-0.16769408
7510,-0.16534428
7511,-0.16494752
7512,-0.1677246
7513,-0.16659546
7514,-0.16638182
7515,-0.16308594
7516,-0.15689085
7517,-0.14993286
7518,-0.14202881
7519,-0.12866212
7520,-0.117675796
7521,-0.103698716
7522,-0.09384155
7523,-0.08218385
7524,-0.07327269
7525,-0.06573488
7526,-0.05853273
7527,-0.053436287
7528,-0.046234153
7529,-0.038452134
7530,-0.026336655
7531,-0.010864258
7532,0.011322036
7533,0.033203155
7534,0.05902101
7535,0.08303833
7536,0.105102524
7537,0.12521362
7538,0.14212036
7539,0.14953613
7540,0.15567017
7541,0.15829466
7542,0.16052249
7543,0.1645508
7544,0.1702881
7545,0.17489626
7546,0.18096924
7547,0.19042969
7548,0.1986084
7549,0.20901488
7550,0.21582028
7551,0.2189331
7552,0.21533205
7553,0.21112059
7554,0.20269777
7555,0.19390869
7556,0.18728639
7557,0.18475342
7558,0.18624878
7559,0.19546509
7560,0.20465086
7561,0.21228029
7562,0.21804811
7563,0.2163086
7564,0.21200563
7565,0.20700072
7566,0.19714357
7567,0.1850586
7568,0.17373657
7569,0.16418457
7570,0.1576233
7571,0.15216064
7572,0.15078738
7573,0.14965822
7574,0.14895631
7575,0.1454773
7576,0.13919069
7577,0.12915039
7578,0.11990357
7579,0.10659787
7580,0.09216309
7581,0.078002945
7582,0.06381226
7583,0.054229714
7584,0.044586197
7585,0.033966064
7586,0.02746585
7587,0.02609253
7588,0.026763901
7589,0.029571533
7590,0.03503418
7591,0.0376587
7592,0.04058838
7593,0.03805542
7594,0.0350952
7595,0.03353881
7596,0.031890854
7597,0.03112793
7598,0.026794441
7599,0.022521988
7600,0.018554688
7601,0.013519272
7602,0.009887695
7603,0.005737327
7604,0.004638683
7605,0.0068359375
7606,0.00933836
7607,0.009826664
7608,0.010162368
7609,0.0086364485
7610,0.0006408766
7611,-0.0069885235
7612,-0.016174324
7613,-0.023193352
7614,-0.025115967
7615,-0.030944824
7616,-0.03384399
7617,-0.03607177
7618,-0.034454353
7619,-0.035552982
7620,-0.04110717
7621,-0.04623413
7622,-0.050292976
7623,-0.0588684
7624,-0.066040054
7625,-0.07473755
7626,-0.081604004
7627,-0.08737182
7628,-0.09494019
7629,-0.102752656
7630,-0.109436005
7631,-0.113098145
7632,-0.11727905
7633,-0.123107895
7634,-0.1323242
7635,-0.1395874
7636,-0.14511111
7637,-0.15115353
7638,-0.1539917
7639,-0.15179443
7640,-0.14733885
7641,-0.13937376
7642,-0.1322632
7643,-0.12475586
7644,-0.11697388
7645,-0.10839844
7646,-0.10037233
7647,-0.090545654
7648,-0.077575676
7649,-0.06314087
7650,-0.04702759
7651,-0.030761717
7652,-0.01437377
7653,-0.0013122493
7654,0.013702396
7655,0.023345951
7656,0.033355713
7657,0.04116821
7658,0.046447758
7659,0.048950195
7660,0.04956056
7661,0.048492447
7662,0.046417244
7663,0.043731675
7664,0.041046157
7665,0.037261948
7666,0.033630382
7667,0.03115845
7668,0.028381333
7669,0.02874755
7670,0.028411867
7671,0.027252197
7672,0.024383523
7673,0.023376457
7674,0.018798836
7675,0.016784653
7676,0.013580337
7677,0.009155281
7678,0.006225571
7679,0.005188003
7680,0.004058853
7681,0.0017089881
7682,-0.00292968
7683,-0.007934578
7684,-0.013793943
7685,-0.019775406
7686,-0.02505494
7687,-0.02871705
7688,-0.030792242
7689,-0.029205302
7690,-0.025115969
7691,-0.022888172
7692,-0.018310554
7693,-0.013671879
7694,-0.0081176795
7695,-0.0029296838
7696,-0.00051881373
7697,0.005249016
7698,0.010986336
7699,0.018402085
7700,0.0276184
7701,0.034057617
7702,0.0416565
7703,0.0515747
7704,0.060394272
7705,0.070587166
7706,0.07754517
7707,0.08703615
7708,0.09405517
7709,0.09774779
7710,0.101623535
7711,0.10504149
7712,0.10910034
7713,0.11062622
7714,0.11248779
7715,0.109191895
7716,0.105834976
7717,0.09866333
7718,0.09661864
7719,0.101745635
7720,0.101470955
7721,0.09429929
7722,0.101501465
7723,0.115234405
7724,0.1188049
7725,0.10733034
7726,0.06521605
7727,-0.00198365
7728,-0.06314087
7729,-0.109893784
7730,-0.15002443
7731,-0.18737799
7732,-0.19390869
7733,-0.17514034
7734,-0.15740973
7735,-0.14715576
7736,-0.16763309
7737,-0.20822139
7738,-0.24295041
7739,-0.26104736
7740,-0.27474973
7741,-0.29351807
7742,-0.29257202
7743,-0.27798456
7744,-0.2611695
7745,-0.25296023
7746,-0.2668457
7747,-0.29522702
7748,-0.31051633
7749,-0.30929565
7750,-0.30139157
7751,-0.29766846
7752,-0.27383426
7753,-0.23425287
7754,-0.18896487
7755,-0.15167241
7756,-0.14566037
7757,-0.16357416
7758,-0.19973753
7759,-0.24157715
7760,-0.2774048
7761,-0.29733276
7762,-0.3456116
7763,-0.39572144
7764,-0.4186401
7765,-0.4010316
7766,-0.31054685
7767,-0.16073604
7768,0.018554673
7769,0.19244386
7770,0.34820563
7771,0.4721681
7772,0.57696533
7773,0.6477356
7774,0.6713867
7775,0.65780646
7776,0.61212164
7777,0.5314025
7778,0.44366446
7779,0.37243652
7780,0.32336414
7781,0.3015746
7782,0.32711798
7783,0.39004514
7784,0.45574942
7785,0.49435428
7786,0.47018427
7787,0.3891297
7788,0.26327515
7789,0.11682129
7790,-0.030578628
7791,-0.16583252
7792,-0.3252869
7793,-0.47610474
7794,-0.57385254
7795,-0.6051942
7796,-0.5471802
7797,-0.41201773
7798,-0.2628783
7799,-0.1368714
7800,-0.029724002
7801,0.059997708
7802,0.081481904
7803,0.04586789
7804,0.0008546114
7805,-0.019958466
7806,0.025299162
7807,0.12362665
7808,0.23822016
7809,0.34109497
7810,0.44360346
7811,0.5486145
7812,0.6474
7813,0.72601306
7814,0.7712097
7815,0.7833253
7816,0.7628479
7817,0.69998163
7818,0.5927428
7819,0.46868896
7820,0.35736072
7821,0.26486197
7822,0.19534308
7823,0.14898676
7824,0.121917665
7825,0.09927373
7826,0.07427965
7827,0.03494264
7828,-0.028930612
7829,-0.104339674
7830,-0.17993161
7831,-0.2558899
7832,-0.32559204
7833,-0.38333127
7834,-0.41943356
7835,-0.43368527
7836,-0.43298346
7837,-0.42132565
7838,-0.4136657
7839,-0.41000372
7840,-0.40417477
7841,-0.39752197
7842,-0.38989258
7843,-0.38366696
7844,-0.3746032
7845,-0.3567199
7846,-0.34390256
7847,-0.3328247
7848,-0.32913208
7849,-0.3317566
7850,-0.32992554
7851,-0.33233643
7852,-0.33944702
7853,-0.35144043
7854,-0.36898804
7855,-0.3885498
7856,-0.39483643
7857,-0.38320923
7858,-0.3424988
7859,-0.29040527
7860,-0.24404907
7861,-0.19125366
7862,-0.12872314
7863,-0.060791
7864,0.009887695
7865,0.07684326
7866,0.13540646
7867,0.1730957
7868,0.18450928
7869,0.1826782
7870,0.1842651
7871,0.18322751
7872,0.18115234
7873,0.18243408
7874,0.18087767
7875,0.1786499
7876,0.17535399
7877,0.17327884
7878,0.16265869
7879,0.15063474
7880,0.14401244
7881,0.13580321
7882,0.11633302
7883,0.082397476
7884,0.03341677
7885,-0.027191192
7886,-0.0844116
7887,-0.13018797
7888,-0.14730835
7889,-0.15252687
7890,-0.16763306
7891,-0.17416382
7892,-0.17111208
7893,-0.1616211
7894,-0.14913937
7895,-0.1343384
7896,-0.11331174
7897,-0.08477786
7898,-0.03189084
7899,0.032928452
7900,0.09103392
7901,0.1512451
7902,0.21286009
7903,0.27597046
7904,0.3352966
7905,0.37322998
7906,0.39590454
7907,0.41217044
7908,0.42062378
7909,0.428833
7910,0.43383786
7911,0.43597412
7912,0.42990112
7913,0.41741943
7914,0.39874265
7915,0.3624878
7916,0.31774902
7917,0.27392578
7918,0.23559567
7919,0.20227051
7920,0.16976927
7921,0.14059447
7922,0.11285399
7923,0.08453371
7924,0.06344606
7925,0.031738263
7926,-0.0077209324
7927,-0.053894058
7928,-0.09762572
7929,-0.13427733
7930,-0.1638794
7931,-0.1792908
7932,-0.18698123
7933,-0.18414307
7934,-0.16961667
7935,-0.15954593
7936,-0.15280148
7937,-0.14498903
7938,-0.13796994
7939,-0.12832642
7940,-0.12023923
7941,-0.11770633
7942,-0.11651611
7943,-0.11355585
7944,-0.10971069
7945,-0.07168579
7946,-0.011505112
7947,0.055847153
7948,0.13208006
7949,0.20425415
7950,0.27035522
7951,0.32589722
7952,0.3713379
7953,0.4041748
7954,0.4277954
7955,0.42626953
7956,0.401062
7957,0.3652954
7958,0.3189087
7959,0.27056882
7960,0.22195435
7961,0.18063354
7962,0.14245604
7963,0.11029051
7964,0.082672134
7965,0.042907722
7966,-0.005401641
7967,-0.05807495
7968,-0.113922104
7969,-0.17315671
7970,-0.22610472
7971,-0.2800598
7972,-0.32955933
7973,-0.37292477
7974,-0.41363525
7975,-0.4197998
7976,-0.39730835
7977,-0.3606873
7978,-0.31246948
7979,-0.26263428
7980,-0.21527098
7981,-0.18084717
7982,-0.15902711
7983,-0.14807129
7984,-0.15222168
7985,-0.13674927
7986,-0.10647583
7987,-0.07290652
7988,-0.03277589
7989,0.005340565
7990,0.039428722
7991,0.062988274
7992,0.07833862
7993,0.083435036
7994,0.0780945
7995,0.06024172
7996,0.032867424
7997,0.008056618
7998,-0.022979721
7999,-0.053527825
8000,-0.08007811
8001,-0.10498047
8002,-0.12088011
8003,-0.13223264
8004,-0.13891602
8005,-0.14608765
8006,-0.15307617
8007,-0.15646365
8008,-0.16305543
8009,-0.16891481
8010,-0.1753235
8011,-0.17910767
8012,-0.18515016
8013,-0.18807985
8014,-0.19067383
8015,-0.188385
8016,-0.18203737
8017,-0.17437743
8018,-0.16223148
8019,-0.14932252
8020,-0.13977051
8021,-0.13513184
8022,-0.1361084
8023,-0.14068605
8024,-0.14761353
8025,-0.150116
8026,-0.14828491
8027,-0.1423645
8028,-0.13208008
8029,-0.11758422
8030,-0.10012818
8031,-0.08627318
8032,-0.06973267
8033,-0.06066892
8034,-0.0520935
8035,-0.047760006
8036,-0.047515858
8037,-0.045745853
8038,-0.047882088
8039,-0.04605104
8040,-0.043487564
8041,-0.039123535
8042,-0.03408815
8043,-0.030181887
8044,-0.02621463
8045,-0.023284897
8046,-0.020172132
8047,-0.015991202
8048,-0.01275637
8049,-0.007812515
8050,-0.007934593
8051,-0.006591819
8052,-0.010009769
8053,-0.013000503
8054,-0.019439705
8055,-0.019988991
8056,-0.020599373
8057,-0.019927986
8058,-0.015777588
8059,-0.012023903
8060,-0.0064087138
8061,0.0031738207
8062,0.011627216
8063,0.019134521
8064,0.026489276
8065,0.03430177
8066,0.041290265
8067,0.046264667
8068,0.050628692
8069,0.05325315
8070,0.058837883
8071,0.065826446
8072,0.07464599
8073,0.08178712
8074,0.08950807
8075,0.09490965
8076,0.09948733
8077,0.10351565
8078,0.10452271
8079,0.10681154
8080,0.10858154
8081,0.11224365
8082,0.11755371
8083,0.120269775
8084,0.12045288
8085,0.119140625
8086,0.116302505
8087,0.10925291
8088,0.10040283
8089,0.09051515
8090,0.07501218
8091,0.058837887
8092,0.043762207
8093,0.030975327
8094,0.021850595
8095,0.014617927
8096,0.007904038
8097,0.0018921047
8098,-0.0048828013
8099,-0.01260376
8100,-0.016998298
8101,-0.018676743
8102,-0.01574704
8103,-0.0069580227
8104,0.006134048
8105,0.0206604
8106,0.034240723
8107,0.04965213
8108,0.06546023
8109,0.077239975
8110,0.092865
8111,0.10720825
8112,0.1230774
8113,0.13861084
8114,0.1538086
8115,0.16888425
8116,0.17819217
8117,0.18499756
8118,0.19024657
8119,0.19207765
8120,0.1896362
8121,0.18267822
8122,0.17483519
8123,0.16452026
8124,0.15322876
8125,0.14071655
8126,0.12921144
8127,0.11770628
8128,0.10427857
8129,0.09094238
8130,0.07669068
8131,0.05905152
8132,0.041015625
8133,0.020416237
8134,0.00079347193
8135,-0.018890366
8136,-0.03564453
8137,-0.051910393
8138,-0.06985472
8139,-0.08474733
8140,-0.095733635
8141,-0.10360718
8142,-0.10736082
8143,-0.10607911
8144,-0.09759521
8145,-0.086822525
8146,-0.070770256
8147,-0.052581765
8148,-0.031097416
8149,-0.017883316
8150,-0.003387453
8151,0.01425171
8152,0.023223884
8153,0.034942634
8154,0.043182366
8155,0.05480955
8156,0.0673523
8157,0.082946785
8158,0.10034178
8159,0.1121521
8160,0.12860109
8161,0.14694214
8162,0.15560913
8163,0.16070557
8164,0.16320801
8165,0.16668701
8166,0.1668396
8167,0.16955566
8168,0.1694336
8169,0.16607666
8170,0.16583253
8171,0.16796875
8172,0.16415405
8173,0.15707397
8174,0.14892578
8175,0.14193726
8176,0.13882446
8177,0.13433838
8178,0.13186646
8179,0.1228943
8180,0.119171135
8181,0.119445786
8182,0.11083983
8183,0.0988159
8184,0.08200073
8185,0.06716918
8186,0.05599977
8187,0.04379271
8188,0.027923599
8189,0.0246277
8190,0.011474609
8191,-0.0113220215
8192,-0.022705063
8193,-0.032196045
8194,-0.03829956
8195,-0.04812619
8196,-0.06201175
8197,-0.07699585
8198,-0.08569336
8199,-0.09561157
8200,-0.095336944
8201,-0.08016966
8202,-0.06561281
8203,-0.047729492
8204,-0.026886001
8205,-0.0064697415
8206,0.0041198805
8207,0.010131821
8208,0.011718761
8209,0.0016174354
8210,-0.0075073205
8211,-0.017303478
8212,-0.03527832
8213,-0.05438234
8214,-0.07785034
8215,-0.097229004
8216,-0.11605832
8217,-0.13253786
8218,-0.15411377
8219,-0.1633911
8220,-0.18222047
8221,-0.21633911
8222,-0.24035646
8223,-0.26474002
8224,-0.28723148
8225,-0.30749512
8226,-0.32037354
8227,-0.32641602
8228,-0.32626343
8229,-0.31082153
8230,-0.29974368
8231,-0.29101562
8232,-0.27148438
8233,-0.25564575
8234,-0.23822023
8235,-0.23129272
8236,-0.2267456
8237,-0.22625731
8238,-0.22143555
8239,-0.21850584
8240,-0.21429448
8241,-0.207489
8242,-0.20324707
8243,-0.1956482
8244,-0.18872069
8245,-0.18322754
8246,-0.17669676
8247,-0.17022707
8248,-0.16510008
8249,-0.15887451
8250,-0.1555786
8251,-0.15408325
8252,-0.15274046
8253,-0.14944458
8254,-0.1471863
8255,-0.14193727
8256,-0.1358032
8257,-0.12481691
8258,-0.1112366
8259,-0.09826663
8260,-0.083618164
8261,-0.07159424
8262,-0.05633548
8263,-0.043029785
8264,-0.030578613
8265,-0.02273558
8266,-0.0125427395
8267,-0.004333481
8268,0.0055847093
8269,0.015350357
8270,0.023834229
8271,0.028961182
8272,0.029693611
8273,0.028350823
8274,0.024871856
8275,0.019317638
8276,0.017639145
8277,0.019012466
8278,0.025634762
8279,0.03689577
8280,0.046417248
8281,0.05871585
8282,0.06567384
8283,0.0726013
8284,0.075714104
8285,0.08096313
8286,0.08654784
8287,0.09606932
8288,0.106597885
8289,0.1206665
8290,0.13510135
8291,0.15115355
8292,0.16543578
8293,0.17886356
8294,0.18835449
8295,0.19274902
8296,0.19268797
8297,0.18847653
8298,0.18084715
8299,0.169281
8300,0.15625003
8301,0.14248654
8302,0.13171387
8303,0.12423708
8304,0.11862184
8305,0.11419679
8306,0.111694336
8307,0.10586548
8308,0.09951782
8309,0.090026855
8310,0.080902115
8311,0.07052612
8312,0.062286384
8313,0.056091316
8314,0.052032463
8315,0.052429214
8316,0.05456543
8317,0.058044434
8318,0.06015014
8319,0.0649414
8320,0.07232665
8321,0.08193971
8322,0.09161376
8323,0.1000061
8324,0.104400635
8325,0.10858153
8326,0.11035154
8327,0.11172484
8328,0.106597885
8329,0.10208129
8330,0.09399414
8331,0.091979966
8332,0.09234619
8333,0.09490967
8334,0.09710693
8335,0.099823
8336,0.10427855
8337,0.10464476
8338,0.1057434
8339,0.10247803
8340,0.09539795
8341,0.088195786
8342,0.08096315
8343,0.075408936
8344,0.07092285
8345,0.06921387
8346,0.0684204
8347,0.06472777
8348,0.058776855
8349,0.05001831
8350,0.044342034
8351,0.036224358
8352,0.03131105
8353,0.023437502
8354,0.018157959
8355,0.010955818
8356,0.0002136305
8357,-0.010437019
8358,-0.021636974
8359,-0.03329469
8360,-0.043823242
8361,-0.05273439
8362,-0.053771976
8363,-0.053039536
8364,-0.047637932
8365,-0.04299926
8366,-0.03726197
8367,-0.03149414
8368,-0.02456665
8369,-0.019592274
8370,-0.02163696
8371,-0.024627674
8372,-0.025390618
8373,-0.02398682
8374,-0.021362305
8375,-0.015899673
8376,-0.0065612793
8377,6.102398e-05
8378,0.0085144155
8379,0.014221191
8380,0.015319824
8381,0.013061523
8382,0.008636486
8383,0.003601063
8384,0.0012206957
8385,0.0005187988
8386,-0.0034484752
8387,-0.0033264048
8388,-0.0017700344
8389,0.001220692
8390,0.0060424786
8391,0.010467514
8392,0.014617918
8393,0.019897468
8394,0.029785166
8395,0.036651626
8396,0.04040528
8397,0.043365482
8398,0.044982888
8399,0.042846672
8400,0.03762819
8401,0.031921376
8402,0.028594965
8403,0.029296873
8404,0.032714866
8405,0.03860473
8406,0.04684449
8407,0.05566406
8408,0.06240845
8409,0.06628419
8410,0.0661011
8411,0.065460205
8412,0.059936516
8413,0.052185044
8414,0.04281617
8415,0.034271225
8416,0.026184088
8417,0.016876232
8418,0.008270267
8419,0.0028381161
8420,0.00012205914
8421,-0.00015258044
8422,-0.00024413317
8423,0.0045166016
8424,0.009002678
8425,0.011505134
8426,0.011230476
8427,0.010253921
8428,0.0061950535
8429,0.004638687
8430,0.0038757473
8431,0.0043029934
8432,0.009216301
8433,0.014770508
8434,0.020080566
8435,0.026916489
8436,0.029205322
8437,0.030822769
8438,0.030578628
8439,0.03060913
8440,0.032714844
8441,0.03698729
8442,0.0378723
8443,0.03741455
8444,0.03424073
8445,0.028533936
8446,0.020355225
8447,0.00964354
8448,-0.0013122484
8449,-0.013580345
8450,-0.022033703
8451,-0.026367176
8452,-0.034179688
8453,-0.04199218
8454,-0.05258179
8455,-0.07028198
8456,-0.08786009
8457,-0.10845947
8458,-0.13055418
8459,-0.15127563
8460,-0.1703186
8461,-0.18655393
8462,-0.19885254
8463,-0.2102661
8464,-0.2207947
8465,-0.22662354
8466,-0.23339844
8467,-0.23928833
8468,-0.24435423
8469,-0.24868774
8470,-0.25216675
8471,-0.25500488
8472,-0.25790405
8473,-0.26303098
8474,-0.26712036
8475,-0.2705078
8476,-0.27633667
8477,-0.28094482
8478,-0.28195187
8479,-0.28024292
8480,-0.26971436
8481,-0.2583313
8482,-0.24099731
8483,-0.22094727
8484,-0.19720459
8485,-0.17749022
8486,-0.15823366
8487,-0.13479616
8488,-0.108245865
8489,-0.08163455
8490,-0.05758667
8491,-0.039459214
8492,-0.023529053
8493,-0.0132751465
8494,-0.007507339
8495,-0.0028381497
8496,0.0032958835
8497,0.009094253
8498,0.014068589
8499,0.02166748
8500,0.025756821
8501,0.030273452
8502,0.028594956
8503,0.023071274
8504,0.013610825
8505,0.004272461
8506,-0.0032958835
8507,-0.012634262
8508,-0.022308335
8509,-0.03247069
8510,-0.038970947
8511,-0.047790542
8512,-0.054168716
8513,-0.056427017
8514,-0.055969223
8515,-0.054412827
8516,-0.05261232
8517,-0.04565429
8518,-0.03564454
8519,-0.023040794
8520,-0.010620125
8521,-0.0020446666
8522,0.0069274902
8523,0.016784666
8524,0.027008042
8525,0.037841797
8526,0.053253144
8527,0.07394411
8528,0.095550515
8529,0.12545778
8530,0.15979004
8531,0.19796754
8532,0.24047846
8533,0.283844
8534,0.32144165
8535,0.3529053
8536,0.37753296
8537,0.3919983
8538,0.40057367
8539,0.41049194
8540,0.42535394
8541,0.44708258
8542,0.470703
8543,0.49484247
8544,0.5179139
8545,0.53244025
8546,0.53759766
8547,0.5303345
8548,0.5126648
8549,0.49075317
8550,0.46731564
8551,0.44265747
8552,0.4116515
8553,0.37765503
8554,0.3388062
8555,0.29971325
8556,0.2550964
8557,0.20370482
8558,0.14379877
8559,0.080749445
8560,0.014434785
8561,-0.053008974
8562,-0.123748906
8563,-0.18981934
8564,-0.24905388
8565,-0.30661
8566,-0.3569641
8567,-0.4031372
8568,-0.45104992
8569,-0.50210583
8570,-0.5625916
8571,-0.6368408
8572,-0.7234802
8573,-0.8218689
8574,-0.9120789
8575,-0.99005127
8576,-1.0357361
8577,-1.0480652
8578,-1.0352173
8579,-0.9990844
8580,-0.9396972
8581,-0.86227417
8582,-0.7699279
8583,-0.66693103
8584,-0.5520936
8585,-0.436859
8586,-0.32177737
8587,-0.21090697
8588,-0.10372934
8589,0.0080870725
8590,0.1227416
8591,0.23190318
8592,0.33187872
8593,0.41598496
8594,0.4809571
8595,0.5262146
8596,0.54467773
8597,0.5361635
8598,0.51016235
8599,0.4673767
8600,0.41094965
8601,0.3422851
8602,0.2770387
8603,0.21191412
8604,0.14352405
8605,0.0733031
8606,0.004913211
8607,-0.053772092
8608,-0.10391235
8609,-0.1653136
8610,-0.23992908
8611,-0.31417847
8612,-0.39276117
8613,-0.44729626
8614,-0.4600221
8615,-0.41839594
8616,-0.3190918
8617,-0.17840582
8618,-0.024871707
8619,0.12911975
8620,0.26464838
8621,0.36444086
8622,0.42303473
8623,0.4271546
8624,0.3771362
8625,0.28625488
8626,0.16751103
8627,0.04284671
8628,-0.06463635
8629,-0.13156116
8630,-0.1338805
8631,-0.07974267
8632,0.03854412
8633,0.19696057
8634,0.36761475
8635,0.5345763
8636,0.681488
8637,0.80999744
8638,0.9277039
8639,1.0217593
8640,1.0898438
8641,1.1524657
8642,1.2120361
8643,1.2789305
8644,1.3472596
8645,1.4142151
8646,1.462616
8647,1.4798278
8648,1.4603883
8649,1.3908691
8650,1.267395
8651,1.1087648
8652,0.91387916
8653,0.7075806
8654,0.5045777
8655,0.3250121
8656,0.17626965
8657,0.05807501
8658,-0.031799257
8659,-0.09371954
8660,-0.12670875
8661,-0.14575192
8662,-0.15942371
8663,-0.18002307
8664,-0.21118166
8665,-0.25381464
8666,-0.29919428
8667,-0.34072894
8668,-0.37203985
8669,-0.38964844
8670,-0.39025867
8671,-0.3741457
8672,-0.34530628
8673,-0.30969232
8674,-0.27322388
8675,-0.24298088
8676,-0.22204585
8677,-0.21389781
8678,-0.21749875
8679,-0.2330628
8680,-0.26376343
8681,-0.30142212
8682,-0.33862314
8683,-0.371643
8684,-0.39526373
8685,-0.40914923
8686,-0.41906732
8687,-0.42965692
8688,-0.43972778
8689,-0.45361328
8690,-0.47262567
8691,-0.49877912
8692,-0.5273438
8693,-0.55612177
8694,-0.5777283
8695,-0.59198
8696,-0.5931701
8697,-0.5835265
8698,-0.5621642
8699,-0.53491217
8700,-0.50103754
8701,-0.46926868
8702,-0.44314572
8703,-0.42440793
8704,-0.41455075
8705,-0.41390985
8706,-0.4208985
8707,-0.4358825
8708,-0.45938104
8709,-0.4822998
8710,-0.50180054
8711,-0.5169678
8712,-0.52413934
8713,-0.52371216
8714,-0.52032465
8715,-0.5100097
8716,-0.5014343
8717,-0.4950561
8718,-0.4900512
8719,-0.48498535
8720,-0.4781494
8721,-0.4727173
8722,-0.46017456
8723,-0.4449463
8724,-0.42642206
8725,-0.40151978
8726,-0.3762818
8727,-0.3511657
8728,-0.32373044
8729,-0.2975769
8730,-0.27227786
8731,-0.25079346
8732,-0.23086548
8733,-0.21560675
8734,-0.20443726
8735,-0.19818124
8736,-0.19375598
8737,-0.1898804
8738,-0.18609628
8739,-0.18032825
8740,-0.16976926
8741,-0.1618652
8742,-0.15136716
8743,-0.13723761
8744,-0.12426758
8745,-0.11074823
8746,-0.09674081
8747,-0.08078009
8748,-0.06506342
8749,-0.047027707
8750,-0.025726289
8751,-0.003936708
8752,0.019744813
8753,0.045806944
8754,0.07101436
8755,0.095764175
8756,0.12005618
8757,0.14212042
8758,0.16293338
8759,0.18496701
8760,0.20355225
8761,0.22607422
8762,0.24795532
8763,0.2673034
8764,0.2893982
8765,0.30978388
8766,0.32882702
8767,0.34609985
8768,0.36248767
8769,0.37747204
8770,0.39300537
8771,0.40853882
8772,0.41931152
8773,0.43014514
8774,0.43713376
8775,0.4405212
8776,0.43869022
8777,0.43588242
8778,0.435913
8779,0.43649292
8780,0.44000247
8781,0.4398499
8782,0.4378661
8783,0.43878174
8784,0.43698108
8785,0.43200684
8786,0.42526245
8787,0.41961664
8788,0.41366577
8789,0.41159052
8790,0.41125494
8791,0.41287237
8792,0.41360468
8793,0.4114685
8794,0.40750113
8795,0.4010315
8796,0.38980103
8797,0.3826599
8798,0.37243652
8799,0.36383057
8800,0.35241702
8801,0.3439026
8802,0.3333435
8803,0.32107544
8804,0.30932617
8805,0.2947693
8806,0.2767334
8807,0.25808716
8808,0.23596191
8809,0.21243288
8810,0.1882324
8811,0.16152954
8812,0.13336182
8813,0.107727066
8814,0.083374016
8815,0.060028076
8816,0.038147002
8817,0.012908921
8818,-0.010955811
8819,-0.036193877
8820,-0.054840088
8821,-0.06713867
8822,-0.073272705
8823,-0.0742798
8824,-0.07012943
8825,-0.062438972
8826,-0.05291748
8827,-0.04107669
8828,-0.030670196
8829,-0.020355254
8830,-0.011322029
8831,-0.00024414808
8832,0.010375984
8833,0.019165024
8834,0.029693589
8835,0.03900145
8836,0.047515884
8837,0.057739265
8838,0.06567378
8839,0.07269287
8840,0.074066155
8841,0.069488525
8842,0.058746338
8843,0.045105025
8844,0.029846199
8845,0.01367189
8846,0.00021365285
8847,-0.016235337
8848,-0.028869629
8849,-0.04272458
8850,-0.055114746
8851,-0.06600951
8852,-0.07321167
8853,-0.07949829
8854,-0.084320076
8855,-0.089141846
8856,-0.08969115
8857,-0.08932495
8858,-0.085632324
8859,-0.08187868
8860,-0.0792847
8861,-0.075531
8862,-0.07116701
8863,-0.07043458
8864,-0.067047134
8865,-0.062408477
8866,-0.05737305
8867,-0.05505372
8868,-0.055755638
8869,-0.058563255
8870,-0.06469728
8871,-0.071990974
8872,-0.08319091
8873,-0.09585572
8874,-0.10812378
8875,-0.12030031
8876,-0.13256834
8877,-0.14730835
8878,-0.15966798
8879,-0.17004395
8880,-0.18191528
8881,-0.18905638
8882,-0.19229123
8883,-0.19229126
8884,-0.18728638
8885,-0.1803894
8886,-0.17160031
8887,-0.16464232
8888,-0.15493777
8889,-0.14721678
8890,-0.1428833
8891,-0.13989256
8892,-0.13656616
8893,-0.13531494
8894,-0.13671875
8895,-0.1390686
8896,-0.1432495
8897,-0.14611813
8898,-0.14706424
8899,-0.1473999
8900,-0.14877321
8901,-0.14953613
8902,-0.1506958
8903,-0.15298462
8904,-0.16024779
8905,-0.16769409
8906,-0.17691042
8907,-0.18191528
8908,-0.18475343
8909,-0.18008424
8910,-0.18637086
8911,-0.19692993
8912,-0.20007323
8913,-0.20343018
8914,-0.19989014
8915,-0.1913757
8916,-0.1822815
8917,-0.1709595
8918,-0.15859985
8919,-0.14346313
8920,-0.14440918
8921,-0.15011597
8922,-0.14697266
8923,-0.14205933
8924,-0.13311768
8925,-0.11917116
8926,-0.10171507
8927,-0.081512466
8928,-0.057952866
8929,-0.03466797
8930,-0.025390625
8931,-0.02224733
8932,-0.01846315
8933,-0.016906738
8934,-0.01763916
8935,-0.017669678
8936,-0.017730728
8937,-0.014251709
8938,-0.0074768066
8939,0.0045166016
8940,0.0053710938
8941,0.0011596829
8942,-0.0048828125
8943,-0.012054428
8944,-0.021118186
8945,-0.030792236
8946,-0.03775026
8947,-0.044952396
8948,-0.05245971
8949,-0.067260735
8950,-0.05297851
8951,-0.030090334
8952,-0.016906742
8953,-0.00054932013
8954,0.008483887
8955,0.019439697
8956,0.028747551
8957,0.03994749
8958,0.049896263
8959,0.0628357
8960,0.06536866
8961,0.062408432
8962,0.07089233
8963,0.07830811
8964,0.092010505
8965,0.11148068
8966,0.13201903
8967,0.15115358
8968,0.16827393
8969,0.18460082
8970,0.18603517
8971,0.18087767
8972,0.17501828
8973,0.16616824
8974,0.15893553
8975,0.15087889
8976,0.14315796
8977,0.12942506
8978,0.1124878
8979,0.0899353
8980,0.092041
8981,0.1037903
8982,0.104370125
8983,0.107238755
8984,0.10461424
8985,0.09649657
8986,0.08517456
8987,0.06848144
8988,0.046691895
8989,0.013671858
8990,0.0058288574
8991,0.010345468
8992,0.010101322
8993,0.013000481
8994,0.015228277
8995,0.018524166
8996,0.020965569
8997,0.021881107
8998,0.01907349
8999,0.010162341
9000,0.001525892
9001,-0.007995609
9002,-0.014129646
9003,-0.020843495
9004,-0.02212524
9005,-0.021026598
9006,-0.0159912
9007,-0.011566151
9008,-0.0065307654
9009,0.0024414062
9010,0.011535648
9011,0.024719227
9012,0.03491211
9013,0.04232788
9014,0.050598133
9015,0.05505372
9016,0.05618286
9017,0.057708733
9018,0.05923461
9019,0.06335448
9020,0.06726073
9021,0.0730896
9022,0.081085205
9023,0.08895873
9024,0.09658813
9025,0.101501465
9026,0.10702516
9027,0.11230467
9028,0.11779784
9029,0.1196289
9030,0.11828612
9031,0.112609856
9032,0.10577391
9033,0.0953064
9034,0.08312988
9035,0.07116699
9036,0.06393433
9037,0.060028076
9038,0.059600823
9039,0.059814464
9040,0.06192017
9041,0.061828613
9042,0.057800286
9043,0.05419922
9044,0.047882084
9045,0.039550796
9046,0.029357918
9047,0.023071287
9048,0.017578118
9049,0.013977064
9050,0.013671875
9051,0.016601555
9052,0.01837159
9053,0.022003181
9054,0.022277843
9055,0.02359011
9056,0.023101814
9057,0.02447509
9058,0.025756836
9059,0.028625496
9060,0.031127937
9061,0.03247069
9062,0.035156235
9063,0.037048325
9064,0.03546142
9065,0.034149155
9066,0.030944824
9067,0.02828981
9068,0.023925789
9069,0.020477287
9070,0.014739975
9071,0.0056762546
9072,-0.0020446777
9073,-0.007568352
9074,-0.012390144
9075,-0.017425522
9076,-0.023162834
9077,-0.02639769
9078,-0.028778091
9079,-0.031829834
9080,-0.034210224
9081,-0.036621086
9082,-0.041442864
9083,-0.043029763
9084,-0.045684814
9085,-0.04724121
9086,-0.04779053
9087,-0.047698986
9088,-0.046874985
9089,-0.04934693
9090,-0.05148315
9091,-0.052917488
9092,-0.05511474
9093,-0.05657959
9094,-0.056488037
9095,-0.059204094
9096,-0.06344606
9097,-0.06594848
9098,-0.07037351
9099,-0.07568361
9100,-0.08166503
9101,-0.086120605
9102,-0.08917235
9103,-0.084411636
9104,-0.063629165
9105,-0.038879395
9106,-0.02075196
9107,0.008056682
9108,0.04833988
9109,0.08837891
9110,0.11590571
9111,0.12213134
9112,0.09991462
9113,0.053131104
9114,0.006958004
9115,-0.036499016
9116,-0.0870972
9117,-0.12805176
9118,-0.1385498
9119,-0.12136836
9120,-0.086608924
9121,-0.054229707
9122,-0.0470886
9123,-0.0701904
9124,-0.092803985
9125,-0.12680058
9126,-0.17611691
9127,-0.22650145
9128,-0.2531738
9129,-0.25234985
9130,-0.22201543
9131,-0.18368526
9132,-0.16467288
9133,-0.16287228
9134,-0.15911868
9135,-0.15884405
9136,-0.17196652
9137,-0.18569943
9138,-0.18286128
9139,-0.16226196
9140,-0.12121588
9141,-0.078857385
9142,-0.059845023
9143,-0.076293916
9144,-0.1287842
9145,-0.1933594
9146,-0.24920656
9147,-0.31176755
9148,-0.39059454
9149,-0.44207773
9150,-0.4660644
9151,-0.43829334
9152,-0.33987445
9153,-0.18161009
9154,0.00878907
9155,0.20321651
9156,0.38803107
9157,0.55166626
9158,0.69140625
9159,0.7731934
9160,0.79925525
9161,0.7684325
9162,0.6964417
9163,0.6045227
9164,0.5221558
9165,0.4598084
9166,0.41595447
9167,0.4039916
9168,0.4398499
9169,0.4970399
9170,0.5559387
9171,0.5820006
9172,0.54440314
9173,0.43997192
9174,0.2806397
9175,0.0957641
9176,-0.08734134
9177,-0.27386478
9178,-0.4716187
9179,-0.6218568
9180,-0.7059326
9181,-0.6980896
9182,-0.5940553
9183,-0.43209833
9184,-0.27954096
9185,-0.14822389
9186,-0.02023311
9187,0.060668916
9188,0.06164536
9189,0.0069884956
9190,-0.081848115
9191,-0.15185553
9192,-0.15240481
9193,-0.0844422
9194,0.008636445
9195,0.11996472
9196,0.255188
9197,0.39562988
9198,0.51727307
9199,0.58453363
9200,0.5927125
9201,0.55026233
9202,0.47906506
9203,0.3919981
9204,0.29077154
9205,0.19207767
9206,0.10751337
9207,0.046295077
9208,0.0024109185
9209,-0.026733369
9210,-0.048034653
9211,-0.05987571
9212,-0.06991574
9213,-0.0892335
9214,-0.12402339
9215,-0.17684938
9216,-0.24432369
9217,-0.32043457
9218,-0.4035645
9219,-0.4770813
9220,-0.53375244
9221,-0.5579835
9222,-0.55493164
9223,-0.52972424
9224,-0.4811402
9225,-0.42144772
9226,-0.37902823
9227,-0.33544916
9228,-0.29098514
9229,-0.2546082
9230,-0.2178345
9231,-0.1897277
9232,-0.17480463
9233,-0.16830444
9234,-0.17111209
9235,-0.17416373
9236,-0.16912842
9237,-0.17095938
9238,-0.18139637
9239,-0.1903382
9240,-0.199951
9241,-0.20358264
9242,-0.19845575
9243,-0.19055167
9244,-0.18951413
9245,-0.19476321
9246,-0.19821167
9247,-0.20697021
9248,-0.21560669
9249,-0.22543338
9250,-0.23339841
9251,-0.23889166
9252,-0.2419434
9253,-0.24020393
9254,-0.22570802
9255,-0.20782474
9256,-0.19442748
9257,-0.1737671
9258,-0.13961795
9259,-0.11175541
9260,-0.087066755
9261,-0.07638545
9262,-0.0775757
9263,-0.073699936
9264,-0.03994748
9265,0.01876837
9266,0.08947751
9267,0.17010494
9268,0.2557373
9269,0.33535773
9270,0.40209955
9271,0.4454347
9272,0.4690553
9273,0.48513812
9274,0.50152594
9275,0.51971436
9276,0.5452881
9277,0.56881714
9278,0.58908087
9279,0.60891724
9280,0.6201783
9281,0.61672986
9282,0.6069642
9283,0.58633435
9284,0.5504761
9285,0.50164795
9286,0.44674683
9287,0.3847351
9288,0.32495117
9289,0.26693726
9290,0.21292114
9291,0.15872195
9292,0.106719986
9293,0.058624268
9294,0.012573257
9295,-0.028411865
9296,-0.064208984
9297,-0.09594726
9298,-0.12466431
9299,-0.14825442
9300,-0.17031862
9301,-0.18716429
9302,-0.19750978
9303,-0.19619748
9304,-0.18267822
9305,-0.15899658
9306,-0.12817383
9307,-0.09310909
9308,-0.06140139
9309,-0.028289817
9310,-6.107986e-05
9311,0.025604248
9312,0.052459702
9313,0.078186005
9314,0.09893799
9315,0.11987306
9316,0.13238524
9317,0.14260863
9318,0.15029909
9319,0.15460205
9320,0.15322877
9321,0.14852904
9322,0.14425659
9323,0.13803099
9324,0.1269226
9325,0.116119385
9326,0.10055542
9327,0.08419798
9328,0.06906129
9329,0.05505369
9330,0.04284669
9331,0.032409683
9332,0.019592285
9333,0.006713882
9334,-0.005767822
9335,-0.01763916
9336,-0.028717043
9337,-0.038757317
9338,-0.048736565
9339,-0.060485855
9340,-0.069946304
9341,-0.079895005
9342,-0.08566286
9343,-0.09182739
9344,-0.09799196
9345,-0.102447495
9346,-0.10699463
9347,-0.11367798
9348,-0.120208725
9349,-0.12921143
9350,-0.13897705
9351,-0.14886476
9352,-0.15316774
9353,-0.15826418
9354,-0.16030887
9355,-0.16244507
9356,-0.162384
9357,-0.16088867
9358,-0.15792845
9359,-0.15393066
9360,-0.14886475
9361,-0.1418457
9362,-0.13562013
9363,-0.13140869
9364,-0.12384033
9365,-0.11816405
9366,-0.11062621
9367,-0.09994506
9368,-0.0868225
9369,-0.07498169
9370,-0.06277466
9371,-0.05142212
9372,-0.04446411
9373,-0.04171754
9374,-0.040740967
9375,-0.03985595
9376,-0.03930664
9377,-0.03747557
9378,-0.033996582
9379,-0.033782944
9380,-0.032470696
9381,-0.03527832
9382,-0.04086303
9383,-0.05239869
9384,-0.06478882
9385,-0.0765381
9386,-0.0878906
9387,-0.098144524
9388,-0.110351555
9389,-0.11798095
9390,-0.12359619
9391,-0.12466429
9392,-0.1260376
9393,-0.12490845
9394,-0.12182616
9395,-0.12130739
9396,-0.117889374
9397,-0.110321045
9398,-0.10171506
9399,-0.09140016
9400,-0.081390396
9401,-0.06887816
9402,-0.05746459
9403,-0.04345702
9404,-0.027435288
9405,-0.012420662
9406,0.0016479492
9407,0.015991196
9408,0.03021241
9409,0.04153443
9410,0.056335464
9411,0.07196045
9412,0.08432007
9413,0.09713746
9414,0.10592649
9415,0.116668716
9416,0.121734634
9417,0.12646483
9418,0.12680052
9419,0.1270752
9420,0.12307738
9421,0.11703493
9422,0.108856186
9423,0.10122681
9424,0.091857895
9425,0.08392334
9426,0.0805664
9427,0.0810242
9428,0.08395387
9429,0.092437744
9430,0.09933471
9431,0.107299805
9432,0.11099245
9433,0.11523439
9434,0.11825561
9435,0.12030026
9436,0.1211853
9437,0.12033081
9438,0.12347413
9439,0.12277222
9440,0.12597656
9441,0.12902829
9442,0.13421631
9443,0.1390076
9444,0.14233397
9445,0.14489745
9446,0.14611816
9447,0.14248656
9448,0.13830566
9449,0.13027954
9450,0.123291016
9451,0.11846924
9452,0.11614989
9453,0.116607666
9454,0.116821274
9455,0.11721802
9456,0.11746213
9457,0.116363525
9458,0.111633286
9459,0.10702513
9460,0.09649657
9461,0.08639527
9462,0.07153319
9463,0.0552368
9464,0.035064697
9465,0.017761245
9466,-0.00021362305
9467,-0.018859863
9468,-0.033447266
9469,-0.048583984
9470,-0.061889656
9471,-0.075469986
9472,-0.087341316
9473,-0.099670425
9474,-0.113342285
9475,-0.1251831
9476,-0.13446043
9477,-0.14303592
9478,-0.14672852
9479,-0.15026855
9480,-0.15393066
9481,-0.16036987
9482,-0.1659241
9483,-0.17327881
9484,-0.17904662
9485,-0.18734743
9486,-0.19415285
9487,-0.20059206
9488,-0.20938112
9489,-0.21307373
9490,-0.21777344
9491,-0.22039795
9492,-0.22232059
9493,-0.22128297
9494,-0.21911621
9495,-0.21609497
9496,-0.21768188
9497,-0.22036745
9498,-0.22644047
9499,-0.2324524
9500,-0.24038696
9501,-0.24398804
9502,-0.2435913
9503,-0.23660281
9504,-0.2243042
9505,-0.2108154
9506,-0.19610596
9507,-0.18127444
9508,-0.16711427
9509,-0.1543274
9510,-0.14239503
9511,-0.13076784
9512,-0.120330796
9513,-0.110290535
9514,-0.098114
9515,-0.083984375
9516,-0.06961058
9517,-0.050781265
9518,-0.027221665
9519,-0.0014648288
9520,0.022094741
9521,0.03912352
9522,0.050628662
9523,0.05853273
9524,0.06546019
9525,0.06716919
9526,0.06320192
9527,0.05645755
9528,0.044708252
9529,0.032073982
9530,0.020233147
9531,0.0071411356
9532,0.0024414062
9533,0.0038146973
9534,0.009490959
9535,0.016204849
9536,0.02447509
9537,0.026733402
9538,0.02554321
9539,0.021789558
9540,0.018249508
9541,0.017333984
9542,0.02084352
9543,0.027923591
9544,0.03652955
9545,0.045013413
9546,0.057250977
9547,0.07055663
9548,0.086181656
9549,0.105133064
9550,0.12301637
9551,0.14068602
9552,0.15084842
9553,0.15820312
9554,0.1642456
9555,0.17117308
9556,0.17599489
9557,0.18292238
9558,0.18777467
9559,0.19155887
9560,0.19686891
9561,0.20046997
9562,0.20388795
9563,0.20449829
9564,0.20248412
9565,0.19830324
9566,0.19293213
9567,0.18362428
9568,0.17404176
9569,0.16372684
9570,0.15133667
9571,0.14019775
9572,0.13269041
9573,0.12445068
9574,0.117248535
9575,0.10772706
9576,0.103454575
9577,0.09512329
9578,0.08917237
9579,0.08587648
9580,0.07937622
9581,0.07165527
9582,0.064819336
9583,0.056365974
9584,0.04837036
9585,0.038635254
9586,0.02862548
9587,0.01855469
9588,0.00680542
9589,-0.0051879883
9590,-0.015624993
9591,-0.023193356
9592,-0.028381348
9593,-0.030914288
9594,-0.0324707
9595,-0.032104492
9596,-0.033782948
9597,-0.03042601
9598,-0.029907227
9599,-0.027191177
9600,-0.029266365
9601,-0.026824966
9602,-0.02069091
9603,-0.01483155
9604,-0.0038452
9605,0.008697525
9606,0.026123062
9607,0.042449944
9608,0.057952877
9609,0.07577514
9610,0.092346184
9611,0.105407715
9612,0.11117555
9613,0.11456299
9614,0.11563111
9615,0.11199951
9616,0.10852051
9617,0.100738525
9618,0.09262085
9619,0.085662834
9620,0.07751465
9621,0.071380615
9622,0.0673828
9623,0.061065678
9624,0.055023193
9625,0.04534911
9626,0.030609142
9627,0.015655532
9628,0.00039673597
9629,-0.018951438
9630,-0.045288086
9631,-0.069519065
9632,-0.08911133
9633,-0.10845947
9634,-0.12490845
9635,-0.13745114
9636,-0.14837645
9637,-0.15423582
9638,-0.1567688
9639,-0.16152954
9640,-0.15335082
9641,-0.14810182
9642,-0.14416504
9643,-0.13674928
9644,-0.13058472
9645,-0.120605476
9646,-0.10668944
9647,-0.09295656
9648,-0.079315186
9649,-0.060974114
9650,-0.0379944
9651,-0.013946526
9652,0.008270264
9653,0.028076164
9654,0.044647224
9655,0.06115722
9656,0.07632446
9657,0.088653564
9658,0.0991211
9659,0.1071167
9660,0.10995483
9661,0.10900879
9662,0.108795166
9663,0.102355935
9664,0.09423826
9665,0.08151244
9666,0.06890866
9667,0.052337665
9668,0.036651626
9669,0.016418464
9670,-0.0023803562
9671,-0.023010239
9672,-0.044036865
9673,-0.060607914
9674,-0.07629395
9675,-0.08712769
9676,-0.09829713
9677,-0.10968018
9678,-0.11691283
9679,-0.12676999
9680,-0.13119507
9681,-0.13519286
9682,-0.1387024
9683,-0.13690186
9684,-0.13537598
9685,-0.12924194
9686,-0.12466431
9687,-0.11383058
9688,-0.10211182
9689,-0.08666991
9690,-0.07180786
9691,-0.0564575
9692,-0.044799786
9693,-0.035583496
9694,-0.028808586
9695,-0.02368163
9696,-0.016296394
9697,-0.005096432
9698,0.0032653622
9699,0.014923081
9700,0.023162838
9701,0.028991703
9702,0.03274537
9703,0.03735352
9704,0.04660034
9705,0.052307144
9706,0.06115722
9707,0.06805421
9708,0.07388305
9709,0.0776062
9710,0.07708741
9711,0.0775757
9712,0.07235718
9713,0.06668093
9714,0.06158446
9715,0.053161617
9716,0.040283218
9717,0.025970444
9718,0.012847908
9719,-0.0039367676
9720,-0.020141602
9721,-0.033721916
9722,-0.050628655
9723,-0.06466674
9724,-0.08105468
9725,-0.095336914
9726,-0.11010741
9727,-0.1215515
9728,-0.1300354
9729,-0.1347351
9730,-0.1345825
9731,-0.13265991
9732,-0.12692262
9733,-0.12042236
9734,-0.11169432
9735,-0.10397339
9736,-0.095733635
9737,-0.08560181
9738,-0.076141365
9739,-0.06710816
9740,-0.05541993
9741,-0.042480476
9742,-0.028198253
9743,-0.01647947
9744,-0.002044687
9745,0.010559076
9746,0.022125248
9747,0.031646706
9748,0.039642345
9749,0.04370116
9750,0.046142578
9751,0.046783425
9752,0.04483032
9753,0.040252686
9754,0.03146362
9755,0.024597175
9756,0.018859863
9757,0.007232666
9758,-0.0038757175
9759,-0.016693085
9760,-0.029785141
9761,-0.04132079
9762,-0.050323494
9763,-0.05737305
9764,-0.064147934
9765,-0.06484985
9766,-0.061737046
9767,-0.05770874
9768,-0.048828118
9769,-0.03955076
9770,-0.02288818
9771,0.00070194737
9772,0.034728978
9773,0.07397457
9774,0.114685066
9775,0.15692139
9776,0.19619748
9777,0.23178098
9778,0.26025388
9779,0.28350833
9780,0.3074036
9781,0.33224493
9782,0.36364746
9783,0.39511102
9784,0.42004398
9785,0.44458002
9786,0.4628601
9787,0.4727173
9788,0.47018427
9789,0.4591065
9790,0.44076544
9791,0.42257696
9792,0.40438843
9793,0.38354483
9794,0.35690314
9795,0.32458493
9796,0.28280634
9797,0.23394775
9798,0.18093863
9799,0.12744147
9800,0.07327275
9801,0.015838692
9802,-0.0436401
9803,-0.102417074
9804,-0.15978996
9805,-0.21731573
9806,-0.28128064
9807,-0.34472656
9808,-0.40637213
9809,-0.46887198
9810,-0.5280151
9811,-0.58786017
9812,-0.64913934
9813,-0.70428455
9814,-0.7533874
9815,-0.7849732
9816,-0.80615234
9817,-0.8060913
9818,-0.79074097
9819,-0.7675172
9820,-0.7375489
9821,-0.7073974
9822,-0.6788331
9823,-0.63974
9824,-0.59216315
9825,-0.53198236
9826,-0.46585092
9827,-0.39031982
9828,-0.30532843
9829,-0.20938101
9830,-0.099853456
9831,0.01574716
9832,0.13360597
9833,0.25775158
9834,0.3842773
9835,0.49127176
9836,0.57482916
9837,0.6334839
9838,0.656006
9839,0.6528014
9840,0.62072766
9841,0.56900024
9842,0.4941406
9843,0.40792847
9844,0.31304938
9845,0.20993048
9846,0.107544124
9847,0.009826899
9848,-0.084747195
9849,-0.17636132
9850,-0.2704773
9851,-0.3864135
9852,-0.5308227
9853,-0.6838989
9854,-0.8318176
9855,-0.96795654
9856,-1.07724
9857,-1.1573485
9858,-1.1855469
9859,-1.1588745
9860,-1.0715637
9861,-0.92333996
9862,-0.72271734
9863,-0.4804381
9864,-0.21466073
9865,0.050903186
9866,0.2944032
9867,0.5007323
9868,0.6512451
9869,0.7482604
9870,0.7889099
9871,0.78955084
9872,0.766693
9873,0.7147828
9874,0.6517639
9875,0.5947572
9876,0.56652844
9877,0.57583606
9878,0.61416626
9879,0.6882018
9880,0.77615345
9881,0.87158203
9882,0.9537354
9883,1.0202634
9884,1.067627
9885,1.081543
9886,1.0799562
9887,1.047394
9888,0.99954236
9889,0.9415283
9890,0.8801574
9891,0.8155212
9892,0.74996954
9893,0.67581165
9894,0.5932923
9895,0.4953918
9896,0.38562012
9897,0.2608032
9898,0.13540637
9899,0.013671815
9900,-0.092559665
9901,-0.17111199
9902,-0.2132569
9903,-0.23635867
9904,-0.24478143
9905,-0.23233026
9906,-0.21032727
9907,-0.17715466
9908,-0.13940454
9909,-0.10449213
9910,-0.08889784
9911,-0.09011845
9912,-0.1108703
9913,-0.15576175
9914,-0.21777338
9915,-0.28228754
9916,-0.34350592
9917,-0.38848886
9918,-0.40930173
9919,-0.41366565
9920,-0.4039004
9921,-0.38296527
9922,-0.35095215
9923,-0.3094787
9924,-0.25701916
9925,-0.19558714
9926,-0.12677003
9927,-0.056549102
9928,0.010192946
9929,0.06481932
9930,0.10699466
9931,0.13296515
9932,0.14874265
9933,0.14916985
9934,0.13952638
9935,0.11846924
9936,0.08926391
9937,0.05142209
9938,0.0047912598
9939,-0.044891402
9940,-0.097412005
9941,-0.15057363
9942,-0.20086673
9943,-0.24291997
9944,-0.2796325
9945,-0.30981445
9946,-0.33981323
9947,-0.3708496
9948,-0.40356445
9949,-0.4359436
9950,-0.46801764
9951,-0.49407965
9952,-0.5149537
9953,-0.5259399
9954,-0.5273133
9955,-0.51950073
9956,-0.5044861
9957,-0.4848938
9958,-0.45965576
9959,-0.4371338
9960,-0.4113465
9961,-0.38476568
9962,-0.35101324
9963,-0.31506342
9964,-0.27325445
9965,-0.23019409
9966,-0.18347166
9967,-0.13937378
9968,-0.100036636
9969,-0.0658264
9970,-0.038848862
9971,-0.022949234
9972,-0.0122680515
9973,-0.010314971
9974,-0.0107117
9975,-0.0142211765
9976,-0.019287124
9977,-0.023040801
9978,-0.02822879
9979,-0.030151382
9980,-0.033081055
9981,-0.038238525
9982,-0.043762177
9983,-0.050750732
9984,-0.06335449
9985,-0.07254028
9986,-0.07962036
9987,-0.08306885
9988,-0.08642578
9989,-0.08489992
9990,-0.08148195
9991,-0.07662965
9992,-0.07098392
9993,-0.062561005
9994,-0.054321304
9995,-0.045867905
9996,-0.037109345
9997,-0.030059792
9998,-0.023620605
9999,-0.016937226
10000,-0.009124756
10001,0.0026855469
10002,0.014770523
10003,0.028076176
10004,0.047271714
10005,0.068756096
10006,0.08895876
10007,0.10943605
10008,0.12960812
10009,0.1437073
10010,0.15875244
10011,0.17303467
10012,0.18505862
10013,0.19073486
10014,0.19131468
10015,0.18835449
10016,0.18344116
10017,0.18078613
10018,0.17730711
10019,0.17202757
10020,0.16601561
10021,0.15762329
10022,0.14959718
10023,0.14236453
10024,0.13351437
10025,0.12332155
10026,0.11535646
10027,0.109130874
10028,0.1077881
10029,0.11035156
10030,0.11193846
10031,0.11495973
10032,0.1184082
10033,0.12365723
10034,0.1272888
10035,0.12930298
10036,0.1299744
10037,0.12933353
10038,0.12725832
10039,0.123474136
10040,0.12170409
10041,0.11978151
10042,0.119842544
10043,0.11938475
10044,0.118316665
10045,0.12005614
10046,0.1187439
10047,0.117736824
10048,0.11425781
10049,0.10775758
10050,0.10656738
10051,0.10791017
10052,0.11315918
10053,0.12243654
10054,0.13729858
10055,0.154541
10056,0.17007446
10057,0.18566893
10058,0.20245361
10059,0.21484375
10060,0.22595215
10061,0.2319336
10062,0.2371521
10063,0.24081422
10064,0.24121094
10065,0.23718265
10066,0.23370364
10067,0.22427368
10068,0.21511842
10069,0.20736694
10070,0.20281984
10071,0.19854736
10072,0.19381714
10073,0.18774414
10074,0.17568971
10075,0.16207889
10076,0.14328004
10077,0.12118531
10078,0.099853516
10079,0.081146255
10080,0.06622316
10081,0.05670166
10082,0.047607422
10083,0.039733887
10084,0.02923584
10085,0.020751953
10086,0.010498047
10087,0.00061033666
10088,-0.008026123
10089,-0.0143432915
10090,-0.016571075
10091,-0.01928711
10092,-0.020812988
10093,-0.018554688
10094,-0.012878448
10095,-0.0067749023
10096,0.004547119
10097,0.012145981
10098,0.020446792
10099,0.027313232
10100,0.030548096
10101,0.026336685
10102,0.019287094
10103,0.011108398
10104,0.004486099
10105,-0.0035095066
10106,-0.008605942
10107,-0.015960678
10108,-0.02816771
10109,-0.04510498
10110,-0.06945799
10111,-0.09472657
10112,-0.12625122
10113,-0.1586609
10114,-0.19213869
10115,-0.22216798
10116,-0.25219727
10117,-0.2758789
10118,-0.2953186
10119,-0.31173706
10120,-0.32498172
10121,-0.33444214
10122,-0.33944702
10123,-0.34118652
10124,-0.34295657
10125,-0.3433838
10126,-0.346344
10127,-0.34881592
10128,-0.34698486
10129,-0.3435059
10130,-0.33605957
10131,-0.3279419
10132,-0.31524658
10133,-0.29891968
10134,-0.27798462
10135,-0.25854492
10136,-0.23495483
10137,-0.21438599
10138,-0.19741821
10139,-0.18432616
10140,-0.1758728
10141,-0.17108154
10142,-0.16876219
10143,-0.16735841
10144,-0.16461177
10145,-0.16314696
10146,-0.15969847
10147,-0.15316772
10148,-0.14752196
10149,-0.14031985
10150,-0.13522337
10151,-0.12911987
10152,-0.12542725
10153,-0.12051393
10154,-0.11422731
10155,-0.10757446
10156,-0.10305786
10157,-0.100036606
10158,-0.0937195
10159,-0.0862732
10160,-0.07714842
10161,-0.063171394
10162,-0.04629516
10163,-0.029449455
10164,-0.012298584
10165,0.0074768215
10166,0.02362059
10167,0.04061889
10168,0.05450438
10169,0.06454469
10170,0.070953384
10171,0.07879639
10172,0.08340454
10173,0.082366936
10174,0.083496116
10175,0.0836487
10176,0.08322145
10177,0.08795166
10178,0.092102066
10179,0.09921265
10180,0.10980226
10181,0.1244812
10182,0.13803102
10183,0.15069579
10184,0.16140746
10185,0.16635135
10186,0.16925052
10187,0.1657715
10188,0.16439821
10189,0.16149901
10190,0.16027832
10191,0.1609497
10192,0.16375732
10193,0.16452026
10194,0.16546631
10195,0.16607666
10196,0.16729736
10197,0.16897583
10198,0.17114258
10199,0.17218016
10200,0.16943361
10201,0.16601565
10202,0.1592102
10203,0.14962769
10204,0.13943481
10205,0.132843
10206,0.12634274
10207,0.12432862
10208,0.1178894
10209,0.11413574
10210,0.109130874
10211,0.10156252
10212,0.09243774
10213,0.08551028
10214,0.07684326
10215,0.06866454
10216,0.058532722
10217,0.049987793
10218,0.037353527
10219,0.025085442
10220,0.017028801
10221,0.010101318
10222,0.0072936863
10223,0.007476814
10224,0.011871323
10225,0.013732895
10226,0.019378677
10227,0.0274048
10228,0.0346985
10229,0.042114258
10230,0.050567612
10231,0.05688476
10232,0.06579589
10233,0.07412719
10234,0.08300782
10235,0.0897522
10236,0.09448244
10237,0.094299346
10238,0.0937805
10239,0.090972915
10240,0.08544921
10241,0.07672119
10242,0.06738282
10243,0.058471665
10244,0.046478264
10245,0.03649901
10246,0.024475105
10247,0.012329109
10248,-0.0036315918
10249,-0.015136737
10250,-0.029724106
10251,-0.042419426
10252,-0.055877693
10253,-0.06454468
10254,-0.06903076
10255,-0.071167015
10256,-0.06903077
10257,-0.06219481
10258,-0.059936494
10259,-0.06002809
10260,-0.060913086
10261,-0.067016594
10262,-0.073577896
10263,-0.08212281
10264,-0.08404542
10265,-0.08181763
10266,-0.07510376
10267,-0.06817627
10268,-0.055786125
10269,-0.04302977
10270,-0.02993776
10271,-0.019897476
10272,-0.012481686
10273,-0.009552017
10274,-0.0097351335
10275,-0.013061512
10276,-0.018066395
10277,-0.022003187
10278,-0.025238052
10279,-0.02511596
10280,-0.027832033
10281,-0.029754646
10282,-0.031982422
10283,-0.028472913
10284,-0.02682496
10285,-0.023590086
10286,-0.018280027
10287,-0.009887704
10288,-0.0046386737
10289,0.0012512207
10290,0.0014648493
10291,0.0010375995
10292,-0.0008239765
10293,-0.0054321326
10294,-0.007385254
10295,-0.009216309
10296,-0.008697502
10297,-0.008911144
10298,-0.0056762733
10299,-0.004821781
10300,-0.005645752
10301,-0.0065918006
10302,-0.005004883
10303,-0.009826649
10304,-0.013824463
10305,-0.01809692
10306,-0.021636965
10307,-0.024353033
10308,-0.025177
10309,-0.025604239
10310,-0.024932873
10311,-0.02822875
10312,-0.032653805
10313,-0.03588867
10314,-0.04556276
10315,-0.05557251
10316,-0.06524658
10317,-0.071105964
10318,-0.07742309
10319,-0.08166504
10320,-0.08544923
10321,-0.08740234
10322,-0.08969116
10323,-0.08749389
10324,-0.08685304
10325,-0.08670044
10326,-0.08679198
10327,-0.08773805
10328,-0.08996582
10329,-0.09341431
10330,-0.09445191
10331,-0.09020996
10332,-0.08352661
10333,-0.07601928
10334,-0.0625
10335,-0.050231934
10336,-0.037872303
10337,-0.026855472
10338,-0.014923103
10339,-0.001403831
10340,0.013275161
10341,0.027221657
10342,0.039154038
10343,0.048980713
10344,0.05484011
10345,0.05792235
10346,0.058135986
10347,0.05496217
10348,0.054077145
10349,0.056640625
10350,0.05984498
10351,0.061401375
10352,0.06271362
10353,0.065246575
10354,0.06704713
10355,0.069091804
10356,0.059539784
10357,0.040496822
10358,0.044281006
10359,0.07012941
10360,0.092895456
10361,0.112915054
10362,0.10070805
10363,0.07034306
10364,0.03240966
10365,-0.00689698
10366,-0.053405773
10367,-0.10690306
10368,-0.12966916
10369,-0.11062625
10370,-0.06585696
10371,-0.008819614
10372,0.027069133
10373,0.03448489
10374,0.019073464
10375,-0.01290895
10376,-0.06866458
10377,-0.1446228
10378,-0.19296259
10379,-0.19393918
10380,-0.1599427
10381,-0.10034184
10382,-0.04934682
10383,-0.020690925
10384,-0.01354982
10385,-0.02542112
10386,-0.058410674
10387,-0.11169435
10388,-0.14044183
10389,-0.13378903
10390,-0.106659
10391,-0.05499274
10392,-0.017517015
10393,-0.012054443
10394,-0.043853752
10395,-0.09667966
10396,-0.13952637
10397,-0.17370607
10398,-0.24877925
10399,-0.35226437
10400,-0.4162597
10401,-0.4402772
10402,-0.37594607
10403,-0.26010144
10404,-0.11322025
10405,0.04495243
10406,0.18713373
10407,0.31246945
10408,0.4416198
10409,0.5559998
10410,0.61557007
10411,0.6219789
10412,0.57470715
10413,0.52105725
10414,0.4806214
10415,0.46121216
10416,0.4561463
10417,0.4567567
10418,0.48403934
10419,0.5355529
10420,0.5773621
10421,0.59576416
10422,0.55758667
10423,0.46264654
10424,0.32485962
10425,0.16387948
10426,0.005310077
10427,-0.14315793
10428,-0.33541864
10429,-0.5350342
10430,-0.6675109
10431,-0.72607434
10432,-0.67074585
10433,-0.5532837
10434,-0.40759274
10435,-0.2639464
10436,-0.12469487
10437,-0.0010985285
10438,0.03906247
10439,-0.0079956055
10440,-0.0923461
10441,-0.20559701
10442,-0.2686463
10443,-0.2590637
10444,-0.18310535
10445,-0.058136046
10446,0.095276
10447,0.2658081
10448,0.4196165
10449,0.5236509
10450,0.54345703
10451,0.47686768
10452,0.34799176
10453,0.20867923
10454,0.08001715
10455,-0.019042999
10456,-0.07656869
10457,-0.07754508
10458,-0.0336304
10459,0.020233154
10460,0.07324231
10461,0.120727524
10462,0.15435784
10463,0.17864999
10464,0.18954472
10465,0.18515024
10466,0.16677852
10467,0.12863168
10468,0.074157774
10469,0.030731201
10470,0.0017701685
10471,-0.007934511
10472,-0.0025635064
10473,0.0121154785
10474,0.033996552
10475,0.044769228
10476,0.038086087
10477,0.012267977
10478,-0.03353882
10479,-0.08508307
10480,-0.13577291
10481,-0.1904602
10482,-0.24407956
10483,-0.30578607
10484,-0.3727112
10485,-0.43569958
10486,-0.49057013
10487,-0.5270082
10488,-0.53979504
10489,-0.5542908
10490,-0.56726086
10491,-0.5725098
10492,-0.5733338
10493,-0.57131964
10494,-0.57095337
10495,-0.56100464
10496,-0.5263368
10497,-0.4646302
10498,-0.37112433
10499,-0.27484125
10500,-0.17968738
10501,-0.079254076
10502,0.017120317
10503,0.114746034
10504,0.20626825
10505,0.28958124
10506,0.36511236
10507,0.4370116
10508,0.50286865
10509,0.56216437
10510,0.6123657
10511,0.65725726
10512,0.69070435
10513,0.7098694
10514,0.7139586
10515,0.70178217
10516,0.6725159
10517,0.6252441
10518,0.56494147
10519,0.49719244
10520,0.42437738
10521,0.3465882
10522,0.26553354
10523,0.18115239
10524,0.09957886
10525,0.02420044
10526,-0.044647224
10527,-0.11346437
10528,-0.17785648
10529,-0.23629764
10530,-0.28775024
10531,-0.33139038
10532,-0.36636347
10533,-0.38861084
10534,-0.3999939
10535,-0.3977356
10536,-0.38989258
10537,-0.3742981
10538,-0.3549194
10539,-0.33517456
10540,-0.31036377
10541,-0.27990723
10542,-0.24319455
10543,-0.20193484
10544,-0.159729
10545,-0.11621094
10546,-0.0781555
10547,-0.045196515
10548,-0.019866928
10549,-0.0009765886
10550,0.011840835
10551,0.022644036
10552,0.030059837
10553,0.03793335
10554,0.0472107
10555,0.055267345
10556,0.06289673
10557,0.0675354
10558,0.06921386
10559,0.06820678
10560,0.06588746
10561,0.061798118
10562,0.052276634
10563,0.040252678
10564,0.02621457
10565,0.0116882175
10566,-0.0025939941
10567,-0.015319839
10568,-0.028015137
10569,-0.03845215
10570,-0.045776352
10571,-0.051544175
10572,-0.057495132
10573,-0.06427002
10574,-0.07312013
10575,-0.080902115
10576,-0.08868407
10577,-0.09225465
10578,-0.09497069
10579,-0.09484862
10580,-0.08978272
10581,-0.08288576
10582,-0.07070925
10583,-0.05480958
10584,-0.037933353
10585,-0.020935051
10586,-0.0034789853
10587,0.014587399
10588,0.03488157
10589,0.053466797
10590,0.07113646
10591,0.08737184
10592,0.09933472
10593,0.1087036
10594,0.11685179
10595,0.12249756
10596,0.12591553
10597,0.128479
10598,0.13342285
10599,0.13967896
10600,0.14123535
10601,0.13943484
10602,0.1335144
10603,0.12164306
10604,0.10797119
10605,0.09442137
10606,0.08129878
10607,0.07086182
10608,0.064880386
10609,0.060943604
10610,0.061096206
10611,0.0619812
10612,0.062408432
10613,0.06237793
10614,0.057952873
10615,0.05319211
10616,0.051574714
10617,0.05352782
10618,0.055206306
10619,0.059875518
10620,0.06524657
10621,0.06958007
10622,0.07101439
10623,0.067993164
10624,0.060028084
10625,0.0465393
10626,0.032867447
10627,0.01654053
10628,0.0021362305
10629,-0.015472416
10630,-0.033477787
10631,-0.05355835
10632,-0.07147217
10633,-0.09219359
10634,-0.10504148
10635,-0.12194823
10636,-0.13369752
10637,-0.14746092
10638,-0.15673828
10639,-0.1674805
10640,-0.17453001
10641,-0.18115233
10642,-0.18206784
10643,-0.1838684
10644,-0.1777954
10645,-0.17480469
10646,-0.16900635
10647,-0.16635132
10648,-0.16693115
10649,-0.16464233
10650,-0.15994261
10651,-0.16000365
10652,-0.1547241
10653,-0.150177
10654,-0.13516235
10655,-0.1234436
10656,-0.10876462
10657,-0.091674805
10658,-0.07559205
10659,-0.061889645
10660,-0.04977416
10661,-0.04013062
10662,-0.031341538
10663,-0.02719117
10664,-0.01776123
10665,-0.015167221
10666,-0.009307861
10667,-0.00393676
10668,-0.0022277758
10669,-0.0014953688
10670,-0.0071411207
10671,-0.002014149
10672,-0.004272461
10673,0.0027770884
10674,-0.0028076097
10675,0.004180897
10676,0.0092163235
10677,0.0140686
10678,0.02114869
10679,0.026824955
10680,0.034545884
10681,0.031036368
10682,0.03405761
10683,0.034454346
10684,0.0479431
10685,0.058563225
10686,0.07055664
10687,0.08096313
10688,0.08889771
10689,0.096069336
10690,0.0994568
10691,0.09551999
10692,0.09521485
10693,0.09152222
10694,0.096221924
10695,0.098785415
10696,0.10211183
10697,0.10531617
10698,0.10632325
10699,0.10867307
10700,0.10198975
10701,0.10620119
10702,0.10290529
10703,0.106109604
10704,0.0961914
10705,0.09963991
10706,0.09774779
10707,0.09896849
10708,0.09976198
10709,0.10052489
10710,0.09646604
10711,0.10046387
10712,0.09921263
10713,0.10528563
10714,0.103301995
10715,0.11203002
10716,0.116760224
10717,0.12265012
10718,0.13134766
10719,0.14157107
10720,0.15307619
10721,0.1629028
10722,0.17477414
10723,0.18380739
10724,0.19009401
10725,0.18905638
10726,0.18151855
10727,0.17166138
10728,0.16061401
10729,0.14971924
10730,0.13839722
10731,0.12915039
10732,0.12216188
10733,0.112640396
10734,0.09927369
10735,0.08105468
10736,0.062835686
10737,0.04077149
10738,0.020660415
10739,-0.0021667406
10740,-0.02023317
10741,-0.037841808
10742,-0.053222656
10743,-0.06741335
10744,-0.07739258
10745,-0.08483888
10746,-0.088714615
10747,-0.091552764
10748,-0.09179687
10749,-0.088836655
10750,-0.08270264
10751,-0.07461549
10752,-0.06835937
10753,-0.06271363
10754,-0.059356675
10755,-0.058410645
10756,-0.061920166
10757,-0.06460572
10758,-0.06649781
10759,-0.065826416
10760,-0.062835686
10761,-0.054901123
10762,-0.043640126
10763,-0.030761722
10764,-0.020843502
10765,-0.016540527
10766,-0.017028809
10767,-0.021667473
10768,-0.030029297
10769,-0.036102287
10770,-0.041503914
10771,-0.04531861
10772,-0.047668453
10773,-0.048584003
10774,-0.05029297
10775,-0.053161643
10776,-0.05154417
10777,-0.051055912
10778,-0.051544193
10779,-0.053222634
10780,-0.05517579
10781,-0.0628357
10782,-0.07733154
10783,-0.094574004
10784,-0.11218265
10785,-0.13058475
10786,-0.14788815
10787,-0.16262817
10788,-0.17443849
10789,-0.18209839
10790,-0.18527222
10791,-0.18768312
10792,-0.18798827
10793,-0.18563843
10794,-0.18441774
10795,-0.18161012
10796,-0.18032837
10797,-0.17889404
10798,-0.18005371
10799,-0.18045044
10800,-0.18106079
10801,-0.17929079
10802,-0.17507935
10803,-0.1637268
10804,-0.1499634
10805,-0.13323975
10806,-0.115173325
10807,-0.09704591
10808,-0.07974245
10809,-0.06378173
10810,-0.052398674
10811,-0.042510994
10812,-0.035247803
10813,-0.03244017
10814,-0.02923584
10815,-0.025115952
10816,-0.02157592
10817,-0.014556907
10818,-0.006622322
10819,0.00048828125
10820,0.0058593825
10821,0.010101326
10822,0.012115486
10823,0.010620117
10824,0.0067749023
10825,0.0024414212
10826,-0.003692627
10827,-0.006439194
10828,-0.013061523
10829,-0.022705078
10830,-0.031799316
10831,-0.04165648
10832,-0.048584
10833,-0.050506607
10834,-0.051208496
10835,-0.050933853
10836,-0.048461914
10837,-0.045043945
10838,-0.04092408
10839,-0.038360596
10840,-0.036651604
10841,-0.038970955
10842,-0.04208374
10843,-0.045196533
10844,-0.047515854
10845,-0.043731682
10846,-0.03787231
10847,-0.031951923
10848,-0.01974487
10849,-0.00836182
10850,0.005249027
10851,0.017974868
10852,0.031524662
10853,0.04162598
10854,0.051055916
10855,0.062835716
10856,0.07348633
10857,0.08456421
10858,0.09402466
10859,0.097503684
10860,0.101623535
10861,0.10433963
10862,0.11154174
10863,0.118194565
10864,0.12423707
10865,0.13174438
10866,0.1378479
10867,0.14312746
10868,0.1444397
10869,0.1440735
10870,0.1411438
10871,0.1373291
10872,0.1350708
10873,0.13446043
10874,0.1369934
10875,0.13891602
10876,0.14434814
10877,0.15075682
10878,0.15808105
10879,0.16345215
10880,0.16665651
10881,0.16732787
10882,0.16238403
10883,0.15640256
10884,0.14929198
10885,0.13980103
10886,0.13018799
10887,0.1191406
10888,0.11004639
10889,0.10687257
10890,0.10385132
10891,0.10171509
10892,0.104400635
10893,0.10516356
10894,0.106567375
10895,0.10437012
10896,0.100616455
10897,0.09191893
10898,0.078033455
10899,0.066223145
10900,0.055480953
10901,0.04663087
10902,0.04071044
10903,0.037994385
10904,0.039093018
10905,0.040893547
10906,0.043609634
10907,0.04785157
10908,0.050659165
10909,0.051544204
10910,0.051849365
10911,0.048919655
10912,0.043304436
10913,0.03601075
10914,0.029022232
10915,0.02111815
10916,0.011230484
10917,0.0026855394
10918,3.0517578e-05
10919,0.0036621094
10920,0.0095825195
10921,0.018768303
10922,0.029815689
10923,0.037841797
10924,0.04504393
10925,0.04901124
10926,0.048034657
10927,0.04141235
10928,0.03292848
10929,0.027526844
10930,0.020019524
10931,0.014373792
10932,0.0103454515
10933,0.005554199
10934,0.003753664
10935,0.00070188753
10936,-0.0025939792
10937,-0.010681137
10938,-0.020172128
10939,-0.028137203
10940,-0.037384037
10941,-0.05151367
10942,-0.064758316
10943,-0.0774536
10944,-0.08633421
10945,-0.093933135
10946,-0.10549924
10947,-0.119049065
10948,-0.12902834
10949,-0.13641356
10950,-0.13952637
10951,-0.14141846
10952,-0.13726807
10953,-0.12326048
10954,-0.11746216
10955,-0.11315918
10956,-0.110321045
10957,-0.106414795
10958,-0.10458373
10959,-0.109710686
10960,-0.1126709
10961,-0.11038207
10962,-0.11260986
10963,-0.11859129
10964,-0.11917115
10965,-0.11242676
10966,-0.10296631
10967,-0.09234618
10968,-0.074035645
10969,-0.057312
10970,-0.04031372
10971,-0.026672352
10972,-0.0146179255
10973,-0.0065002423
10974,0.003967287
10975,0.013610842
10976,0.021545397
10977,0.028442368
10978,0.03448485
10979,0.0435791
10980,0.05044556
10981,0.054046627
10982,0.060485836
10983,0.07305908
10984,0.0751953
10985,0.0727539
10986,0.066192634
10987,0.062133797
10988,0.05679323
10989,0.048431396
10990,0.04504393
10991,0.044708245
10992,0.04330445
10993,0.041351303
10994,0.036132812
10995,0.026489248
10996,0.020416252
10997,0.018615726
10998,0.018920906
10999,0.018707294
11000,0.02084351
11001,0.028778076
11002,0.030395491
11003,0.032806396
11004,0.03604126
11005,0.039154038
11006,0.042083725
11007,0.049224854
11008,0.058197007
11009,0.067810066
11010,0.078796394
11011,0.08889769
11012,0.095489495
11013,0.09963991
11014,0.10046387
11015,0.09738159
11016,0.09365844
11017,0.090789795
11018,0.08911135
11019,0.08645627
11020,0.085571304
11021,0.08401488
11022,0.08123782
11023,0.0719299
11024,0.058349602
11025,0.043060288
11026,0.03375245
11027,0.022491485
11028,0.007171631
11029,-0.008209236
11030,-0.02453614
11031,-0.043396007
11032,-0.059326172
11033,-0.07394409
11034,-0.085815445
11035,-0.09777832
11036,-0.10696411
11037,-0.11575317
11038,-0.121643074
11039,-0.12554932
11040,-0.1298523
11041,-0.13046268
11042,-0.13323975
11043,-0.13378905
11044,-0.13232422
11045,-0.13031007
11046,-0.13049315
11047,-0.12899783
11048,-0.1259155
11049,-0.12530518
11050,-0.12319945
11051,-0.11816408
11052,-0.11260985
11053,-0.10501099
11054,-0.0977783
11055,-0.09075926
11056,-0.07971192
11057,-0.07141114
11058,-0.06796265
11059,-0.063537605
11060,-0.0640564
11061,-0.065582246
11062,-0.06936647
11063,-0.07177733
11064,-0.075714126
11065,-0.075225815
11066,-0.072021455
11067,-0.07025145
11068,-0.07183841
11069,-0.0709534
11070,-0.07333374
11071,-0.079376206
11072,-0.0847168
11073,-0.087951675
11074,-0.08728026
11075,-0.08465578
11076,-0.08123778
11077,-0.07888794
11078,-0.07479857
11079,-0.07128908
11080,-0.06768797
11081,-0.063873276
11082,-0.058349594
11083,-0.05133055
11084,-0.043487556
11085,-0.033905037
11086,-0.027160637
11087,-0.020721454
11088,-0.010833748
11089,0.0063781794
11090,0.028503403
11091,0.057922363
11092,0.08810422
11093,0.1186829
11094,0.14324954
11095,0.16516116
11096,0.17739868
11097,0.18063354
11098,0.18307495
11099,0.19274904
11100,0.20666504
11101,0.22653194
11102,0.24670403
11103,0.26696783
11104,0.2821656
11105,0.2947388
11106,0.2991333
11107,0.2961731
11108,0.29156497
11109,0.2883606
11110,0.29089355
11111,0.28997803
11112,0.2875671
11113,0.27322388
11114,0.25238037
11115,0.21804817
11116,0.18045041
11117,0.1381836
11118,0.092468284
11119,0.049407974
11120,0.0036621168
11121,-0.044494666
11122,-0.09762575
11123,-0.15908813
11124,-0.22018436
11125,-0.287445
11126,-0.35659793
11127,-0.41781613
11128,-0.47891235
11129,-0.54534906
11130,-0.61987305
11131,-0.69497687
11132,-0.76885986
11133,-0.83480847
11134,-0.8705141
11135,-0.87237555
11136,-0.85025024
11137,-0.81057745
11138,-0.7684938
11139,-0.72726434
11140,-0.6726686
11141,-0.6051025
11142,-0.5300904
11143,-0.45550537
11144,-0.36807257
11145,-0.27456656
11146,-0.17541505
11147,-0.06646728
11148,0.036102325
11149,0.13522351
11150,0.23641977
11151,0.33642572
11152,0.4275207
11153,0.4976197
11154,0.56344616
11155,0.6204834
11156,0.65805066
11157,0.677002
11158,0.6720277
11159,0.6262208
11160,0.56069934
11161,0.4765014
11162,0.37374887
11163,0.26150513
11164,0.16195679
11165,0.08471656
11166,0.037628114
11167,-0.017914057
11168,-0.102997005
11169,-0.21459973
11170,-0.3572389
11171,-0.5131225
11172,-0.66647327
11173,-0.7973634
11174,-0.89569104
11175,-0.95901495
11176,-0.9829713
11177,-0.95336914
11178,-0.856476
11179,-0.7015077
11180,-0.5144347
11181,-0.30490106
11182,-0.08810429
11183,0.123565674
11184,0.32482922
11185,0.50677484
11186,0.64620984
11187,0.7454834
11188,0.8113404
11189,0.8362122
11190,0.8518676
11191,0.8546448
11192,0.8486327
11193,0.84936535
11194,0.8511964
11195,0.8712462
11196,0.9189149
11197,0.9754944
11198,1.0276185
11199,1.0751342
11200,1.1178588
11201,1.1491394
11202,1.163788
11203,1.1558839
11204,1.113495
11205,1.0371398
11206,0.9378968
11207,0.8144835
11208,0.69766223
11209,0.5924375
11210,0.47683722
11211,0.3604126
11212,0.2511292
11213,0.15243527
11214,0.050994903
11215,-0.052856535
11216,-0.15832534
11217,-0.25167853
11218,-0.30343634
11219,-0.31869516
11220,-0.30807483
11221,-0.27954108
11222,-0.23510748
11223,-0.1735535
11224,-0.12176521
11225,-0.08197011
11226,-0.051513605
11227,-0.026824914
11228,-0.015716434
11229,-0.015136719
11230,-0.021057159
11231,-0.03848268
11232,-0.0611573
11233,-0.082916275
11234,-0.11782843
11235,-0.16162106
11236,-0.19769269
11237,-0.21456894
11238,-0.21813965
11239,-0.20764147
11240,-0.18899538
11241,-0.16339113
11242,-0.13348392
11243,-0.10470572
11244,-0.07809454
11245,-0.056274414
11246,-0.041534394
11247,-0.029541075
11248,-0.021026544
11249,-0.018707246
11250,-0.02206418
11251,-0.028991703
11252,-0.035858177
11253,-0.044097938
11254,-0.056610137
11255,-0.07473758
11256,-0.103698805
11257,-0.13797003
11258,-0.18460077
11259,-0.23602292
11260,-0.2907409
11261,-0.34109503
11262,-0.38247684
11263,-0.41354376
11264,-0.43890375
11265,-0.45828253
11266,-0.4699707
11267,-0.47714224
11268,-0.48492438
11269,-0.49078363
11270,-0.4981079
11271,-0.5056153
11272,-0.5111389
11273,-0.5141601
11274,-0.5112915
11275,-0.5013428
11276,-0.48199463
11277,-0.4542541
11278,-0.4206849
11279,-0.3825683
11280,-0.34170532
11281,-0.29760745
11282,-0.25119022
11283,-0.20419306
11284,-0.16253664
11285,-0.12915039
11286,-0.108612046
11287,-0.09686281
11288,-0.09564209
11289,-0.10144043
11290,-0.11273192
11291,-0.12570187
11292,-0.1409912
11293,-0.15890503
11294,-0.17608643
11295,-0.19372559
11296,-0.21200563
11297,-0.22732544
11298,-0.2395935
11299,-0.24551392
11300,-0.24887083
11301,-0.25054932
11302,-0.2511902
11303,-0.25003052
11304,-0.24804689
11305,-0.24401857
11306,-0.2340088
11307,-0.22344969
11308,-0.2126465
11309,-0.19772339
11310,-0.18185426
11311,-0.16326906
11312,-0.14303587
11313,-0.12011719
11314,-0.09631351
11315,-0.07476805
11316,-0.05712889
11317,-0.041503906
11318,-0.029083237
11319,-0.019744873
11320,-0.012420639
11321,-0.0010986328
11322,0.013275176
11323,0.026184067
11324,0.039398164
11325,0.04937745
11326,0.055633515
11327,0.05816648
11328,0.06369017
11329,0.07247923
11330,0.08645633
11331,0.10070801
11332,0.11990358
11333,0.13760374
11334,0.1552429
11335,0.1682434
11336,0.17971796
11337,0.18377684
11338,0.18817137
11339,0.18960571
11340,0.18994144
11341,0.18756104
11342,0.18307494
11343,0.1793518
11344,0.17813107
11345,0.17828368
11346,0.18228148
11347,0.18774419
11348,0.19320679
11349,0.19699098
11350,0.19488522
11351,0.1885986
11352,0.17874147
11353,0.1656799
11354,0.15704343
11355,0.15289305
11356,0.1535034
11357,0.15722658
11358,0.16464233
11359,0.17587282
11360,0.1878357
11361,0.19845581
11362,0.20770267
11363,0.21386717
11364,0.22015381
11365,0.22592165
11366,0.2295837
11367,0.2297363
11368,0.22772217
11369,0.22335815
11370,0.21951297
11371,0.21591185
11372,0.214447
11373,0.21728514
11374,0.22076416
11375,0.22665405
11376,0.23507689
11377,0.24520876
11378,0.25473022
11379,0.25979614
11380,0.25915527
11381,0.25494385
11382,0.24560547
11383,0.23028566
11384,0.2130432
11385,0.19720457
11386,0.18319707
11387,0.17074588
11388,0.16036989
11389,0.15219116
11390,0.1428833
11391,0.13333128
11392,0.12283325
11393,0.11138913
11394,0.10003661
11395,0.08868408
11396,0.07824705
11397,0.06768798
11398,0.05606079
11399,0.044281006
11400,0.032623306
11401,0.024475075
11402,0.01565551
11403,0.014923073
11404,0.014099121
11405,0.018981941
11406,0.027252167
11407,0.03756714
11408,0.049896248
11409,0.061615
11410,0.07565306
11411,0.09027099
11412,0.101806626
11413,0.107666016
11414,0.106231675
11415,0.10260008
11416,0.09555054
11417,0.08462525
11418,0.070495635
11419,0.055511467
11420,0.04623414
11421,0.03463746
11422,0.028289795
11423,0.022918709
11424,0.016815178
11425,0.009338357
11426,-0.002349846
11427,-0.01483155
11428,-0.028411865
11429,-0.043396026
11430,-0.061614983
11431,-0.07763671
11432,-0.09631347
11433,-0.11041262
11434,-0.12438964
11435,-0.13607788
11436,-0.14785767
11437,-0.15640259
11438,-0.16351318
11439,-0.16622926
11440,-0.1678772
11441,-0.16571046
11442,-0.16262816
11443,-0.15942383
11444,-0.15570067
11445,-0.15344238
11446,-0.15054324
11447,-0.14620975
11448,-0.14074707
11449,-0.1354065
11450,-0.12338255
11451,-0.115753174
11452,-0.106231704
11453,-0.102142334
11454,-0.097381584
11455,-0.09555055
11456,-0.09735106
11457,-0.099487305
11458,-0.10510255
11459,-0.11520387
11460,-0.1254883
11461,-0.13830565
11462,-0.15155028
11463,-0.1665039
11464,-0.1807556
11465,-0.18927
11466,-0.19924927
11467,-0.20199585
11468,-0.20291138
11469,-0.19943237
11470,-0.19308475
11471,-0.18649292
11472,-0.17932126
11473,-0.17288208
11474,-0.17150876
11475,-0.17517085
11476,-0.17755127
11477,-0.17944334
11478,-0.17800905
11479,-0.1742859
11480,-0.16851807
11481,-0.16046144
11482,-0.15136719
11483,-0.14129637
11484,-0.13345337
11485,-0.12808229
11486,-0.12182617
11487,-0.11337282
11488,-0.10409546
11489,-0.09646605
11490,-0.08889769
11491,-0.078643784
11492,-0.0675354
11493,-0.057128906
11494,-0.04650879
11495,-0.033142105
11496,-0.02178955
11497,-0.0039978176
11498,0.01187133
11499,0.025054924
11500,0.034362786
11501,0.04031373
11502,0.045196533
11503,0.047119137
11504,0.04776002
11505,0.048431408
11506,0.050354004
11507,0.052917495
11508,0.05673217
11509,0.061126687
11510,0.0690918
11511,0.07507323
11512,0.0793457
11513,0.080596924
11514,0.07751464
11515,0.07241822
11516,0.06729127
11517,0.06399537
11518,0.0658264
11519,0.077789314
11520,0.09313966
11521,0.11502075
11522,0.13519287
11523,0.15554813
11524,0.16836548
11525,0.1764526
11526,0.18026733
11527,0.1777954
11528,0.17169186
11529,0.16458131
11530,0.1524353
11531,0.14132692
11532,0.1308899
11533,0.12646484
11534,0.12780763
11535,0.12930296
11536,0.12823488
11537,0.12203979
11538,0.1132202
11539,0.09942627
11540,0.08273314
11541,0.06753541
11542,0.052490253
11543,0.038269028
11544,0.027648933
11545,0.022735603
11546,0.017639175
11547,0.012481681
11548,0.006164562
11549,0.0051269596
11550,0.0044860872
11551,0.004821779
11552,0.0064392174
11553,0.0074462816
11554,0.008026116
11555,0.0093689095
11556,0.008026127
11557,0.010894766
11558,0.011871352
11559,0.015899666
11560,0.017639164
11561,0.01782227
11562,0.017456062
11563,0.015838621
11564,0.015655518
11565,0.011383064
11566,0.00924683
11567,0.0039062537
11568,-0.0011901893
11569,-0.009063728
11570,-0.017028816
11571,-0.02590942
11572,-0.03250122
11573,-0.036804214
11574,-0.0388794
11575,-0.03979493
11576,-0.037048347
11577,-0.03936768
11578,-0.04373169
11579,-0.047424313
11580,-0.05157471
11581,-0.055816658
11582,-0.059753425
11583,-0.059417717
11584,-0.055603042
11585,-0.047851574
11586,-0.040008537
11587,-0.03344727
11588,-0.02853394
11589,-0.029663077
11590,-0.03170778
11591,-0.035400387
11592,-0.03854369
11593,-0.04037476
11594,-0.040344246
11595,-0.041625977
11596,-0.043670647
11597,-0.046173096
11598,-0.050354015
11599,-0.059661865
11600,-0.06771852
11601,-0.07476805
11602,-0.07598876
11603,-0.0782776
11604,-0.08108522
11605,-0.08154298
11606,-0.07839966
11607,-0.07461548
11608,-0.0682068
11609,-0.0619812
11610,-0.05627441
11611,-0.049530014
11612,-0.0437317
11613,-0.037170403
11614,-0.029968265
11615,-0.019561786
11616,-0.005981438
11617,0.006683357
11618,0.02017212
11619,0.032409653
11620,0.04440309
11621,0.05328366
11622,0.057159416
11623,0.060150158
11624,0.064941406
11625,0.06649778
11626,0.068054184
11627,0.06353758
11628,0.057495117
11629,0.048248276
11630,0.03942872
11631,0.029449448
11632,0.021942137
11633,0.013763435
11634,0.0072631696
11635,0.0030212272
11636,0.00042724705
11637,-0.0026550293
11638,-0.0038147066
11639,-0.0045165997
11640,-0.006408685
11641,-0.005249016
11642,-0.00418091
11643,-0.0025024414
11644,-0.0046691783
11645,-0.002105698
11646,0.0023193434
11647,0.011505146
11648,0.021392837
11649,0.032135006
11650,0.042236343
11651,0.052734386
11652,0.06182861
11653,0.067596436
11654,0.073577896
11655,0.07797243
11656,0.08267212
11657,0.08706665
11658,0.09255985
11659,0.09976195
11660,0.10623169
11661,0.10858153
11662,0.10995484
11663,0.10733032
11664,0.10525513
11665,0.100433335
11666,0.09350585
11667,0.084655754
11668,0.07391358
11669,0.066070534
11670,0.05905153
11671,0.049865715
11672,0.042907707
11673,0.03662109
11674,0.030059826
11675,0.024353035
11676,0.017852783
11677,0.013763439
11678,0.011749274
11679,0.013122555
11680,0.023956291
11681,0.038146988
11682,0.042572018
11683,0.04669187
11684,0.07595827
11685,0.10739139
11686,0.12731932
11687,0.13394165
11688,0.1042786
11689,0.057006847
11690,0.013977036
11691,-0.024108872
11692,-0.06988526
11693,-0.112304695
11694,-0.11267091
11695,-0.09106448
11696,-0.06896974
11697,-0.06353757
11698,-0.09628295
11699,-0.14392087
11700,-0.18478395
11701,-0.22329716
11702,-0.2737732
11703,-0.32192993
11704,-0.32562256
11705,-0.29928595
11706,-0.25625616
11707,-0.21569821
11708,-0.2034607
11709,-0.20770259
11710,-0.21002197
11711,-0.21096805
11712,-0.22488403
11713,-0.24035645
11714,-0.20916751
11715,-0.14831546
11716,-0.07757571
11717,-0.015594423
11718,0.008819625
11719,-0.0024413355
11720,-0.046661347
11721,-0.11355592
11722,-0.16967776
11723,-0.21847528
11724,-0.30020142
11725,-0.3590394
11726,-0.3813171
11727,-0.3529357
11728,-0.2362976
11729,-0.06069936
11730,0.13699341
11731,0.3248901
11732,0.46112058
11733,0.5628357
11734,0.63916016
11735,0.6598817
11736,0.6466675
11737,0.6238097
11738,0.5738528
11739,0.5100708
11740,0.45535278
11741,0.41708386
11742,0.3791809
11743,0.35855106
11744,0.388092
11745,0.42999274
11746,0.45303354
11747,0.4374389
11748,0.3568116
11749,0.22952282
11750,0.061523438
11751,-0.13446048
11752,-0.3225708
11753,-0.4952392
11754,-0.67544556
11755,-0.80612195
11756,-0.8670045
11757,-0.8555298
11758,-0.744629
11759,-0.57586676
11760,-0.4169312
11761,-0.2916872
11762,-0.18408191
11763,-0.09930432
11764,-0.10348508
11765,-0.1558227
11766,-0.21051025
11767,-0.2314758
11768,-0.18234256
11769,-0.09912121
11770,0.00076296926
11771,0.12503058
11772,0.2958068
11773,0.47570804
11774,0.61972046
11775,0.7056582
11776,0.7356874
11777,0.7174376
11778,0.67010516
11779,0.6004944
11780,0.51876825
11781,0.42547613
11782,0.31851196
11783,0.218689
11784,0.13098145
11785,0.047637925
11786,-0.030303963
11787,-0.101410024
11788,-0.1607972
11789,-0.20190439
11790,-0.22811896
11791,-0.241974
11792,-0.25811756
11793,-0.27407846
11794,-0.28710938
11795,-0.29547128
11796,-0.30075085
11797,-0.30322266
11798,-0.31149304
11799,-0.32583624
11800,-0.3452453
11801,-0.35354614
11802,-0.32824707
11803,-0.29681402
11804,-0.27282715
11805,-0.24591064
11806,-0.22470091
11807,-0.22500606
11808,-0.24136361
11809,-0.27355966
11810,-0.30895996
11811,-0.3348694
11812,-0.33197027
11813,-0.31942746
11814,-0.29632565
11815,-0.25802615
11816,-0.20996094
11817,-0.16033936
11818,-0.10092166
11819,-0.035858206
11820,0.0359802
11821,0.11233517
11822,0.1769104
11823,0.2291565
11824,0.26687622
11825,0.29177853
11826,0.30630493
11827,0.32321167
11828,0.34725958
11829,0.37744147
11830,0.415802
11831,0.46017462
11832,0.5014954
11833,0.5293579
11834,0.53189087
11835,0.5088806
11836,0.4645691
11837,0.40911865
11838,0.35156256
11839,0.29672247
11840,0.24710086
11841,0.20770268
11842,0.17395018
11843,0.14187622
11844,0.10675049
11845,0.069732666
11846,0.027771026
11847,-0.0122680515
11848,-0.053344727
11849,-0.08731079
11850,-0.11746214
11851,-0.13760374
11852,-0.15032959
11853,-0.15582275
11854,-0.15328981
11855,-0.14202881
11856,-0.12542728
11857,-0.10531616
11858,-0.08566283
11859,-0.06823729
11860,-0.053710967
11861,-0.044708252
11862,-0.03488159
11863,-0.025634766
11864,-0.014709458
11865,-0.009277329
11866,0.00091554224
11867,0.011352554
11868,0.022888191
11869,0.033416733
11870,0.043457013
11871,0.050842255
11872,0.055145264
11873,0.05416871
11874,0.046997085
11875,0.03149414
11876,0.010528576
11877,-0.014007568
11878,-0.03881838
11879,-0.057617202
11880,-0.07336423
11881,-0.08520509
11882,-0.09445192
11883,-0.10260011
11884,-0.1121826
11885,-0.122558594
11886,-0.13668828
11887,-0.15231322
11888,-0.16894531
11889,-0.18481444
11890,-0.19833373
11891,-0.21066283
11892,-0.21862794
11893,-0.220459
11894,-0.21347047
11895,-0.20419313
11896,-0.18984987
11897,-0.17160034
11898,-0.15319823
11899,-0.13583371
11900,-0.1225891
11901,-0.10870363
11902,-0.09762573
11903,-0.08734131
11904,-0.07473752
11905,-0.06210328
11906,-0.045776326
11907,-0.030426007
11908,-0.012207016
11909,0.0068664663
11910,0.02432251
11911,0.04074098
11912,0.0517578
11913,0.059783936
11914,0.066070564
11915,0.06991578
11916,0.07452394
11917,0.07391359
11918,0.07543945
11919,0.07513429
11920,0.07733155
11921,0.07653812
11922,0.076446496
11923,0.07916258
11924,0.08285522
11925,0.085449204
11926,0.08450315
11927,0.08453371
11928,0.08294676
11929,0.08212279
11930,0.08392337
11931,0.084869385
11932,0.08407594
11933,0.080841035
11934,0.07403564
11935,0.06472777
11936,0.05310058
11937,0.041015632
11938,0.030883797
11939,0.025512718
11940,0.024841309
11941,0.027252175
11942,0.028137226
11943,0.027893052
11944,0.025085457
11945,0.019592308
11946,0.014587428
11947,0.0057678428
11948,-0.002777096
11949,-0.009948723
11950,-0.01892091
11951,-0.02633667
11952,-0.034057625
11953,-0.03961183
11954,-0.043457024
11955,-0.04788209
11956,-0.04992675
11957,-0.05355835
11958,-0.056152344
11959,-0.059722915
11960,-0.06201172
11961,-0.06668089
11962,-0.07113648
11963,-0.076110825
11964,-0.08389284
11965,-0.087188736
11966,-0.08599854
11967,-0.0803528
11968,-0.07727051
11969,-0.073547356
11970,-0.066406235
11971,-0.062011726
11972,-0.051940933
11973,-0.046783444
11974,-0.045623787
11975,-0.04699709
11976,-0.05062867
11977,-0.05053711
11978,-0.049682617
11979,-0.04367064
11980,-0.034698494
11981,-0.02224734
11982,-0.009735115
11983,0.0061950535
11984,0.018066417
11985,0.030242916
11986,0.040893544
11987,0.05233764
11988,0.0638733
11989,0.071533196
11990,0.074401855
11991,0.078063965
11992,0.080505356
11993,0.08328247
11994,0.08892824
11995,0.10040283
11996,0.11483763
11997,0.13101193
11998,0.14331058
11999,0.15100098
12000,0.15289307
12001,0.14935304
12002,0.14251707
12003,0.13082887
12004,0.11968994
12005,0.109069824
12006,0.09872434
12007,0.08914184
12008,0.08120728
12009,0.073761
12010,0.071166985
12011,0.066040054
12012,0.0640869
12013,0.060638435
12014,0.053405754
12015,0.046173092
12016,0.036102287
12017,0.028625477
12018,0.021240216
12019,0.011291508
12020,0.0010376051
12021,-0.008270271
12022,-0.016632073
12023,-0.017913833
12024,-0.01586914
12025,-0.0054931715
12026,0.006652832
12027,0.02154541
12028,0.036926273
12029,0.04794311
12030,0.053009033
12031,0.054656975
12032,0.05447387
12033,0.055603027
12034,0.061401367
12035,0.07269287
12036,0.08218383
12037,0.089935295
12038,0.094604485
12039,0.09259035
12040,0.08746336
12041,0.07669069
12042,0.06500244
12043,0.052825943
12044,0.043304436
12045,0.033203132
12046,0.025604242
12047,0.015045147
12048,0.0014953576
12049,-0.011749279
12050,-0.023681633
12051,-0.03372192
12052,-0.04055784
12053,-0.0437622
12054,-0.044433594
12055,-0.04577637
12056,-0.04730223
12057,-0.052917477
12058,-0.05694581
12059,-0.06018068
12060,-0.06448363
12061,-0.06637573
12062,-0.066864006
12063,-0.06552124
12064,-0.06536865
12065,-0.06518555
12066,-0.06851193
12067,-0.06878662
12068,-0.06686401
12069,-0.06503296
12070,-0.06567383
12071,-0.06997682
12072,-0.07412719
12073,-0.07977295
12074,-0.08309937
12075,-0.086456314
12076,-0.090270996
12077,-0.09231568
12078,-0.09512328
12079,-0.09313966
12080,-0.093505844
12081,-0.09149172
12082,-0.092895515
12083,-0.09606933
12084,-0.09750365
12085,-0.10229492
12086,-0.10549927
12087,-0.11105347
12088,-0.11679076
12089,-0.11990356
12090,-0.1213989
12091,-0.118530266
12092,-0.11526489
12093,-0.1090698
12094,-0.10134887
12095,-0.092926025
12096,-0.081054665
12097,-0.069671616
12098,-0.05920409
12099,-0.053375237
12100,-0.04684446
12101,-0.036407456
12102,-0.02743528
12103,-0.019958511
12104,-0.017150894
12105,-0.015350327
12106,-0.015350342
12107,-0.015747055
12108,-0.018096924
12109,-0.019500732
12110,-0.02130127
12111,-0.026092544
12112,-0.03280641
12113,-0.04397586
12114,-0.051666245
12115,-0.061157227
12116,-0.070282
12117,-0.08270265
12118,-0.09494019
12119,-0.10250856
12120,-0.11114503
12121,-0.11804202
12122,-0.12368776
12123,-0.12390137
12124,-0.120605454
12125,-0.111083984
12126,-0.10144042
12127,-0.089569084
12128,-0.073699936
12129,-0.060302727
12130,-0.043334953
12131,-0.023162825
12132,-0.0026550144
12133,0.014862049
12134,0.02731321
12135,0.038360618
12136,0.05081176
12137,0.062957786
12138,0.075103775
12139,0.08044436
12140,0.087432876
12141,0.09140018
12142,0.0965271
12143,0.10153197
12144,0.10458374
12145,0.10482791
12146,0.104522675
12147,0.10253906
12148,0.09707641
12149,0.09078981
12150,0.08111572
12151,0.0669861
12152,0.050537094
12153,0.041046143
12154,0.033203132
12155,0.02563478
12156,0.015014634
12157,0.0006103439
12158,-0.011352554
12159,-0.019500738
12160,-0.026885998
12161,-0.031433098
12162,-0.032348633
12163,-0.027404789
12164,-0.021453869
12165,-0.012908919
12166,-0.004394535
12167,0.00543213
12168,0.016845692
12169,0.02740478
12170,0.03808593
12171,0.049774174
12172,0.06829834
12173,0.082031235
12174,0.09347533
12175,0.102783196
12176,0.11123656
12177,0.12109375
12178,0.13134766
12179,0.14083864
12180,0.14907838
12181,0.15118408
12182,0.14782715
12183,0.14035036
12184,0.1311035
12185,0.11834715
12186,0.10287477
12187,0.08944702
12188,0.0736389
12189,0.06320191
12190,0.052093506
12191,0.042602547
12192,0.032989495
12193,0.025268555
12194,0.018615717
12195,0.009887692
12196,0.0046081617
12197,-0.0013732798
12198,-0.00491333
12199,-0.0030822828
12200,-0.0009155236
12201,0.003295876
12202,0.012908928
12203,0.021575928
12204,0.033142097
12205,0.042541496
12206,0.05096436
12207,0.061157227
12208,0.06912232
12209,0.07693483
12210,0.08389281
12211,0.09042357
12212,0.09436037
12213,0.09454345
12214,0.09625243
12215,0.09506224
12216,0.09500121
12217,0.093109116
12218,0.0895691
12219,0.08673094
12220,0.087585464
12221,0.09054566
12222,0.09063721
12223,0.08798216
12224,0.08712766
12225,0.082397446
12226,0.07745362
12227,0.06912232
12228,0.06130984
12229,0.054290764
12230,0.05047609
12231,0.049835198
12232,0.04721069
12233,0.04458619
12234,0.04177858
12235,0.04138183
12236,0.041198764
12237,0.041870125
12238,0.038055427
12239,0.034790043
12240,0.03228759
12241,0.030487046
12242,0.031341568
12243,0.030670164
12244,0.027282737
12245,0.01962281
12246,0.011077903
12247,-0.0021972824
12248,-0.014984117
12249,-0.029846195
12250,-0.04238893
12251,-0.050750725
12252,-0.0549011
12253,-0.055694602
12254,-0.057220444
12255,-0.058715783
12256,-0.06491089
12257,-0.07180788
12258,-0.07714842
12259,-0.08560181
12260,-0.09329224
12261,-0.09790038
12262,-0.10366821
12263,-0.107086204
12264,-0.10852052
12265,-0.1019287
12266,-0.09567262
12267,-0.086578354
12268,-0.077545166
12269,-0.07241822
12270,-0.06912231
12271,-0.06866456
12272,-0.068756096
12273,-0.0708618
12274,-0.0779724
12275,-0.08218386
12276,-0.08486939
12277,-0.08798218
12278,-0.08877563
12279,-0.08847047
12280,-0.08792113
12281,-0.08731079
12282,-0.08432005
12283,-0.08169554
12284,-0.08233641
12285,-0.08380127
12286,-0.08538817
12287,-0.0836487
12288,-0.07955934
12289,-0.074096665
12290,-0.07070924
12291,-0.064697266
12292,-0.058990493
12293,-0.057495117
12294,-0.057342537
12295,-0.051757783
12296,-0.04852294
12297,-0.043029793
12298,-0.03967289
12299,-0.039978027
12300,-0.045623794
12301,-0.055877708
12302,-0.06710817
12303,-0.08233641
12304,-0.09692383
12305,-0.10601805
12306,-0.11077884
12307,-0.11557006
12308,-0.116729744
12309,-0.11920167
12310,-0.12280271
12311,-0.1275635
12312,-0.13311768
12313,-0.13623045
12314,-0.1377258
12315,-0.1355286
12316,-0.13006595
12317,-0.12106323
12318,-0.10855101
12319,-0.09796144
12320,-0.08398437
12321,-0.067779526
12322,-0.050048836
12323,-0.03222656
12324,-0.015838627
12325,-0.00015259534
12326,0.014739994
12327,0.03240967
12328,0.047363278
12329,0.062286377
12330,0.07714844
12331,0.08740233
12332,0.093231186
12333,0.095123276
12334,0.09671019
12335,0.097381614
12336,0.09796143
12337,0.091094956
12338,0.08010863
12339,0.071441665
12340,0.06234742
12341,0.056945786
12342,0.052490216
12343,0.054901127
12344,0.05957031
12345,0.065612815
12346,0.07049561
12347,0.07250976
12348,0.07015991
12349,0.062164307
12350,0.053833015
12351,0.046264663
12352,0.040832512
12353,0.039337143
12354,0.03955078
12355,0.04174804
12356,0.044799816
12357,0.04901123
12358,0.05511476
12359,0.056854233
12360,0.057556164
12361,0.056457527
12362,0.053314213
12363,0.049072247
12364,0.044403072
12365,0.034637447
12366,0.029785164
12367,0.024841312
12368,0.024536137
12369,0.02624511
12370,0.030853283
12371,0.033203125
12372,0.029327393
12373,0.023529042
12374,0.014862053
12375,0.0044250526
12376,-0.0062561026
12377,-0.015686035
12378,-0.025085451
12379,-0.030273434
12380,-0.030944826
12381,-0.031188969
12382,-0.029418942
12383,-0.02233887
12384,-0.010467532
12385,0.0021057054
12386,0.014099129
12387,0.026641846
12388,0.03762817
12389,0.05041504
12390,0.059509277
12391,0.066986084
12392,0.07241823
12393,0.07754517
12394,0.078826904
12395,0.07772827
12396,0.072143555
12397,0.06259156
12398,0.0574646
12399,0.05392456
12400,0.04876709
12401,0.04537964
12402,0.04067993
12403,0.033935543
12404,0.023071285
12405,0.0068054106
12406,-0.007843011
12407,-0.01922607
12408,-0.024017338
12409,-0.024688711
12410,-0.023010256
12411,-0.01965333
12412,-0.015930168
12413,-0.00946045
12414,0.0012817343
12415,0.00830077
12416,0.017578129
12417,0.027740475
12418,0.03503418
12419,0.03814698
12420,0.03747558
12421,0.033355698
12422,0.027160656
12423,0.022949237
12424,0.021667495
12425,0.024292007
12426,0.025482163
12427,0.031188965
12428,0.038970962
12429,0.052154537
12430,0.06216431
12431,0.06896973
12432,0.07913209
12433,0.08563231
12434,0.08981324
12435,0.09106445
12436,0.08554077
12437,0.076629646
12438,0.068450935
12439,0.063903816
12440,0.0597229
12441,0.057769768
12442,0.061798103
12443,0.0682373
12444,0.07876588
12445,0.08605956
12446,0.09350586
12447,0.09576416
12448,0.09158325
12449,0.08065797
12450,0.06472778
12451,0.04907226
12452,0.031341553
12453,0.0155029325
12454,-0.0011291374
12455,-0.015258774
12456,-0.02633667
12457,-0.031951904
12458,-0.040252686
12459,-0.046569835
12460,-0.05661012
12461,-0.06558226
12462,-0.07431032
12463,-0.08291625
12464,-0.08569336
12465,-0.08718872
12466,-0.08685304
12467,-0.08633424
12468,-0.08386231
12469,-0.07708742
12470,-0.06872558
12471,-0.059509262
12472,-0.04833985
12473,-0.041381847
12474,-0.031372067
12475,-0.018737793
12476,-0.005310066
12477,0.0032043494
12478,0.009063728
12479,0.010681149
12480,0.012939459
12481,0.01376343
12482,0.014556884
12483,0.012603747
12484,0.010223393
12485,0.006713872
12486,0.0011596829
12487,-0.0067138616
12488,-0.018676756
12489,-0.030456547
12490,-0.041107193
12491,-0.046661373
12492,-0.049987793
12493,-0.049774162
12494,-0.04962159
12495,-0.052215576
12496,-0.055816635
12497,-0.057830814
12498,-0.06393434
12499,-0.07141113
12500,-0.08108522
12501,-0.08721922
12502,-0.09280397
12503,-0.09497069
12504,-0.0944214
12505,-0.09442139
12506,-0.092437744
12507,-0.08862305
12508,-0.080810554
12509,-0.07382203
12510,-0.06329346
12511,-0.055328354
12512,-0.0470276
12513,-0.04660034
12514,-0.051757812
12515,-0.05899048
12516,-0.06851197
12517,-0.07751463
12518,-0.081115715
12519,-0.08154297
12520,-0.07879639
12521,-0.07403564
12522,-0.0706482
12523,-0.067840576
12524,-0.062438965
12525,-0.059539802
12526,-0.05444336
12527,-0.049194343
12528,-0.047729485
12529,-0.048156723
12530,-0.048553467
12531,-0.048614495
12532,-0.04849244
12533,-0.039764404
12534,-0.02749634
12535,-0.017852789
12536,-0.0062561072
12537,0.0051574726
12538,0.014190689
12539,0.018188478
12540,0.021301277
12541,0.016662594
12542,0.013610851
12543,0.008148193
12544,0.00018311292
12545,-0.0052795373
12546,-0.012298591
12547,-0.016510025
12548,-0.01635743
12549,-0.017181404
12550,-0.016235359
12551,-0.01663208
12552,-0.018096916
12553,-0.023315437
12554,-0.032257088
12555,-0.036010746
12556,-0.038787834
12557,-0.04003907
12558,-0.039947513
12559,-0.037445076
12560,-0.03192138
12561,-0.027221672
12562,-0.02676393
12563,-0.026000988
12564,-0.028076164
12565,-0.029724129
12566,-0.03378295
12567,-0.03936766
12568,-0.048614487
12569,-0.052825928
12570,-0.053405754
12571,-0.053222656
12572,-0.052734368
12573,-0.051239006
12574,-0.04968261
12575,-0.047027588
12576,-0.04156495
12577,-0.037597664
12578,-0.03347779
12579,-0.034515366
12580,-0.03652954
12581,-0.03863526
12582,-0.039062485
12583,-0.03829954
12584,-0.03778076
12585,-0.03277587
12586,-0.030731201
12587,-0.02838137
12588,-0.026001
12589,-0.027191168
12590,-0.027832031
12591,-0.029144296
12592,-0.030151362
12593,-0.028686535
12594,-0.028411867
12595,-0.024230963
12596,-0.02221679
12597,-0.018310545
12598,-0.015960695
12599,-0.010314949
12600,-0.0044860803
12601,0.0015869122
12602,0.009674082
12603,0.02035521
12604,0.030639656
12605,0.037231468
12606,0.048614502
12607,0.059722908
12608,0.06954956
12609,0.07864381
12610,0.087890625
12611,0.09875488
12612,0.10784913
12613,0.11630249
12614,0.122589126
12615,0.12765503
12616,0.13265993
12617,0.13467406
12618,0.13629153
12619,0.13394167
12620,0.13137816
12621,0.12509155
12622,0.12078858
12623,0.11703493
12624,0.11322021
12625,0.112884514
12626,0.10934449
12627,0.10705566
12628,0.10440065
12629,0.10482789
12630,0.105529785
12631,0.10787964
12632,0.112304695
12633,0.117492676
12634,0.125
12635,0.12869264
12636,0.13305664
12637,0.13336182
12638,0.13436888
12639,0.13632204
12640,0.13922119
12641,0.14758301
12642,0.15686034
12643,0.16598509
12644,0.17700197
12645,0.18493652
12646,0.19213867
12647,0.19726562
12648,0.20147705
12649,0.20397949
12650,0.20376584
12651,0.20095825
12652,0.19796754
12653,0.18853761
12654,0.1777954
12655,0.1637573
12656,0.15475465
12657,0.14212033
12658,0.12850954
12659,0.116363525
12660,0.10534668
12661,0.09341431
12662,0.08270265
12663,0.06915283
12664,0.052947998
12665,0.038665786
12666,0.022766128
12667,0.007934585
12668,-0.007080093
12669,-0.018493652
12670,-0.027008079
12671,-0.034118652
12672,-0.039917022
12673,-0.047027603
12674,-0.051635742
12675,-0.056243904
12676,-0.06451417
12677,-0.0687561
12678,-0.07318116
12679,-0.07507323
12680,-0.08401488
12681,-0.09024046
12682,-0.10067749
12683,-0.11193847
12684,-0.11877442
12685,-0.12631226
12686,-0.12902832
12687,-0.13323975
12688,-0.13449097
12689,-0.13687134
12690,-0.139801
12691,-0.1421814
12692,-0.14361572
12693,-0.14544676
12694,-0.148407
12695,-0.14849852
12696,-0.14511108
12697,-0.14019774
12698,-0.13656619
12699,-0.13348389
12700,-0.12911987
12701,-0.12857056
12702,-0.12619019
12703,-0.1242981
12704,-0.1243286
12705,-0.12008666
12706,-0.11654663
12707,-0.1104431
12708,-0.10488891
12709,-0.101959266
12710,-0.100250244
12711,-0.1026001
12712,-0.11016847
12713,-0.11636354
12714,-0.12298584
12715,-0.1282959
12716,-0.12948608
12717,-0.12631226
12718,-0.1149597
12719,-0.10321045
12720,-0.091094956
12721,-0.0814514
12722,-0.076141335
12723,-0.06921387
12724,-0.061584476
12725,-0.053588863
12726,-0.049499497
12727,-0.049011238
12728,-0.049316406
12729,-0.04577636
12730,-0.043060295
12731,-0.037109382
12732,-0.02957154
12733,-0.018829351
12734,-0.0054626344
12735,0.010498054
12736,0.026336668
12737,0.03237915
12738,0.035034187
12739,0.034240723
12740,0.033477798
12741,0.03192137
12742,0.02938841
12743,0.03347778
12744,0.031005874
12745,0.024444591
12746,0.018096924
12747,0.018890383
12748,0.024047859
12749,0.025665289
12750,0.030395525
12751,0.035034176
12752,0.04180909
12753,0.04663086
12754,0.046783447
12755,0.04745485
12756,0.046478283
12757,0.044036858
12758,0.043609623
12759,0.04785157
12760,0.052551277
12761,0.060913086
12762,0.06832887
12763,0.075836174
12764,0.080078125
12765,0.08200075
12766,0.079956055
12767,0.07336426
12768,0.067871094
12769,0.06549072
12770,0.06188964
12771,0.059753414
12772,0.05715943
12773,0.057647713
12774,0.057647698
12775,0.0557251
12776,0.049896225
12777,0.046691902
12778,0.03912354
12779,0.030151375
12780,0.017120369
12781,0.003356943
12782,-0.010040281
12783,-0.02319336
12784,-0.03421021
12785,-0.04364012
12786,-0.050903328
12787,-0.05099488
12788,-0.049621575
12789,-0.04675294
12790,-0.04281614
12791,-0.03805542
12792,-0.031738296
12793,-0.03234864
12794,-0.033966057
12795,-0.03543091
12796,-0.036834717
12797,-0.034576405
12798,-0.027313242
12799,-0.018188495
12800,-0.0071411207
12801,0.0043640137
12802,0.011383068
12803,0.016540553
12804,0.019226085
12805,0.020904537
12806,0.021942131
12807,0.02456664
12808,0.030120857
12809,0.033050537
12810,0.03427124
12811,0.033935554
12812,0.03305054
12813,0.028930675
12814,0.028442381
12815,0.026245125
12816,0.025512679
12817,0.025512686
12818,0.02282716
12819,0.018463133
12820,0.012237553
12821,0.0046691746
12822,-0.0028991774
12823,-0.012542743
12824,-0.019439701
12825,-0.024078377
12826,-0.025970444
12827,-0.02960204
12828,-0.033538826
12829,-0.03671266
12830,-0.040557854
12831,-0.048461918
12832,-0.05831909
12833,-0.06787109
12834,-0.07229613
12835,-0.07604982
12836,-0.08120726
12837,-0.08599854
12838,-0.09085084
12839,-0.095245376
12840,-0.095184326
12841,-0.09640503
12842,-0.0914917
12843,-0.086181626
12844,-0.07818602
12845,-0.07257081
12846,-0.06387329
12847,-0.053161636
12848,-0.041931152
12849,-0.032379147
12850,-0.018768314
12851,-0.0040283296
12852,0.012664802
12853,0.025848381
12854,0.034606922
12855,0.03927612
12856,0.046752933
12857,0.051788356
12858,0.055786133
12859,0.056152355
12860,0.05416868
12861,0.048858635
12862,0.041015632
12863,0.034454342
12864,0.026855456
12865,0.018066397
12866,0.009399423
12867,-0.0011291392
12868,-0.016235359
12869,-0.032470696
12870,-0.04672242
12871,-0.061309814
12872,-0.0687561
12873,-0.0718689
12874,-0.069610596
12875,-0.06677246
12876,-0.06585694
12877,-0.06616211
12878,-0.067352295
12879,-0.0640564
12880,-0.057403564
12881,-0.047576904
12882,-0.035888672
12883,-0.026031492
12884,-0.016052244
12885,-0.0067749023
12886,0.001831051
12887,0.014038093
12888,0.026824962
12889,0.039001465
12890,0.051513657
12891,0.062652595
12892,0.06875609
12893,0.07046509
12894,0.071105964
12895,0.07238768
12896,0.073455825
12897,0.07415772
12898,0.074737564
12899,0.07391357
12900,0.074035645
12901,0.07525635
12902,0.07315062
12903,0.06933594
12904,0.0635681
12905,0.058227543
12906,0.051971424
12907,0.042511
12908,0.033721924
12909,0.028686527
12910,0.02294921
12911,0.026367199
12912,0.029296873
12913,0.03381347
12914,0.03741455
12915,0.04168701
12916,0.04388427
12917,0.045532223
12918,0.051635742
12919,0.059692387
12920,0.06896971
12921,0.077545166
12922,0.083526604
12923,0.08642577
12924,0.08776857
12925,0.08987425
12926,0.09109498
12927,0.09384154
12928,0.0993347
12929,0.10452272
12930,0.1095276
12931,0.11389157
12932,0.11526489
12933,0.11648561
12934,0.11587526
12935,0.11917114
12936,0.12207032
12937,0.12637329
12938,0.12832642
12939,0.12887572
12940,0.12863159
12941,0.13058473
12942,0.13232423
12943,0.13375854
12944,0.13354494
12945,0.1333313
12946,0.13079834
12947,0.121215835
12948,0.10998537
12949,0.098785385
12950,0.08883668
12951,0.07955932
12952,0.07055663
12953,0.0649109
12954,0.058013905
12955,0.049835205
12956,0.04211426
12957,0.029724129
12958,0.021118157
12959,0.010345481
12960,0.0002441518
12961,-0.012939464
12962,-0.027526848
12963,-0.042724606
12964,-0.058349606
12965,-0.07522582
12966,-0.090484634
12967,-0.1026001
12968,-0.113647476
12969,-0.124115005
12970,-0.13510132
12971,-0.14752196
12972,-0.15890503
12973,-0.16729736
12974,-0.17532347
12975,-0.18185426
12976,-0.18994139
12977,-0.19561769
12978,-0.20257567
12979,-0.20895387
12980,-0.21133423
12981,-0.21127321
12982,-0.20486449
12983,-0.19482422
12984,-0.18139647
12985,-0.1682129
12986,-0.15423584
12987,-0.14309694
12988,-0.13735962
12989,-0.13183592
12990,-0.12741087
12991,-0.12329103
12992,-0.1173096
12993,-0.107543945
12994,-0.098052986
12995,-0.08947753
12996,-0.08029173
12997,-0.070739724
12998,-0.062011726
12999,-0.05413817
13000,-0.04995729
13001,-0.04971312
13002,-0.050720245
13003,-0.05203247
13004,-0.054443374
13005,-0.06097412
13006,-0.06918338
13007,-0.07635498
13008,-0.08639525
13009,-0.09774783
13010,-0.11172485
13011,-0.12402347
13012,-0.13226315
13013,-0.14093016
13014,-0.14556885
13015,-0.14804079
13016,-0.14431763
13017,-0.13861085
13018,-0.13226317
13019,-0.12591554
13020,-0.11660768
13021,-0.10510254
13022,-0.09115599
13023,-0.077362075
13024,-0.06692506
13025,-0.056610107
13026,-0.049682613
13027,-0.042602543
13028,-0.03335572
13029,-0.020507798
13030,-0.0073242337
13031,0.007568376
13032,0.024902327
13033,0.046142593
13034,0.064727776
13035,0.08474732
13036,0.09933473
13037,0.111938484
13038,0.12011718
13039,0.12487793
13040,0.12786864
13041,0.13119507
13042,0.13265991
13043,0.13330081
13044,0.13522337
13045,0.1380005
13046,0.14743045
13047,0.15832523
13048,0.16882326
13049,0.17846678
13050,0.18661498
13051,0.19317627
13052,0.19674686
13053,0.19503784
13054,0.19256589
13055,0.19039918
13056,0.18823242
13057,0.18533327
13058,0.1821289
13059,0.17715454
13060,0.16848752
13061,0.15579225
13062,0.14495851
13063,0.13418578
13064,0.12225341
13065,0.10995483
13066,0.092041016
13067,0.06997681
13068,0.045623783
13069,0.016693119
13070,-0.012084969
13071,-0.040100105
13072,-0.06405639
13073,-0.081512466
13074,-0.09246828
13075,-0.098114006
13076,-0.098968506
13077,-0.09869385
13078,-0.10049437
13079,-0.100067124
13080,-0.09951782
13081,-0.0956421
13082,-0.09341432
13083,-0.087158196
13084,-0.07604979
13085,-0.06390381
13086,-0.05035401
13087,-0.03796386
13088,-0.023803726
13089,-0.008666992
13090,0.0052490234
13091,0.020355236
13092,0.034545884
13093,0.04324342
13094,0.05288697
13095,0.058593743
13096,0.06289671
13097,0.067230225
13098,0.07022095
13099,0.07025148
13100,0.07128905
13101,0.07110596
13102,0.07281496
13103,0.07119751
13104,0.07263184
13105,0.06835937
13106,0.066131555
13107,0.06335451
13108,0.057373047
13109,0.046569824
13110,0.030242935
13111,0.011291504
13112,-0.005950935
13113,-0.022064209
13114,-0.038574226
13115,-0.051727287
13116,-0.06506348
13117,-0.07934569
13118,-0.09054564
13119,-0.098480225
13120,-0.102203354
13121,-0.09988403
13122,-0.08679202
13123,-0.06411742
13124,-0.028503418
13125,0.016357407
13126,0.062225323
13127,0.1027221
13128,0.13729855
13129,0.16967772
13130,0.20388797
13131,0.24121101
13132,0.27453607
13133,0.3110046
13134,0.34933478
13135,0.3831787
13136,0.40771478
13137,0.4179992
13138,0.41613764
13139,0.40655518
13140,0.39083862
13141,0.3676148
13142,0.33908075
13143,0.3104858
13144,0.2859497
13145,0.26202393
13146,0.2324524
13147,0.20306395
13148,0.17019652
13149,0.12481688
13150,0.07440187
13151,0.020904554
13152,-0.03137216
13153,-0.08377076
13154,-0.13308722
13155,-0.17904662
13156,-0.2278137
13157,-0.27178955
13158,-0.31268317
13159,-0.35122675
13160,-0.3804626
13161,-0.41125494
13162,-0.45172128
13163,-0.506897
13164,-0.5702515
13165,-0.6448669
13166,-0.73345935
13167,-0.8110046
13168,-0.8807982
13169,-0.93798816
13170,-0.9778442
13171,-1.0108644
13172,-1.0359802
13173,-1.0295409
13174,-0.98312396
13175,-0.90042126
13176,-0.78598034
13177,-0.6391601
13178,-0.48190308
13179,-0.3247375
13180,-0.16241448
13181,0.0025329143
13182,0.17810062
13183,0.353302
13184,0.50695807
13185,0.64471424
13186,0.74246204
13187,0.78643787
13188,0.79537946
13189,0.7858583
13190,0.73837286
13191,0.67950445
13192,0.61605835
13193,0.5300597
13194,0.41513067
13195,0.27087402
13196,0.092773676
13197,-0.09552002
13198,-0.27542084
13199,-0.44638073
13200,-0.6200868
13201,-0.7770387
13202,-0.9212036
13203,-1.0755004
13204,-1.2400514
13205,-1.3822328
13206,-1.4707947
13207,-1.4816893
13208,-1.403656
13209,-1.2580566
13210,-1.0472412
13211,-0.78097546
13212,-0.46499622
13213,-0.13549796
13214,0.18847656
13215,0.49893177
13216,0.76901245
13217,0.9789122
13218,1.0892942
13219,1.1186221
13220,1.1062927
13221,1.0394593
13222,0.94430554
13223,0.8776549
13224,0.84689355
13225,0.8499756
13226,0.8867187
13227,0.9288327
13228,0.99469006
13229,1.0824279
13230,1.1462096
13231,1.2037966
13232,1.261078
13233,1.2876586
13234,1.2560426
13235,1.196228
13236,1.1143188
13237,1.0075684
13238,0.91003406
13239,0.8113402
13240,0.7031554
13241,0.6079103
13242,0.53393555
13243,0.44848633
13244,0.3442077
13245,0.24481189
13246,0.14865124
13247,0.064208984
13248,-0.016967773
13249,-0.09597772
13250,-0.14053342
13251,-0.17605603
13252,-0.21124259
13253,-0.21594241
13254,-0.18063366
13255,-0.1264647
13256,-0.057006747
13257,0.015166998
13258,0.058654785
13259,0.079193085
13260,0.08279407
13261,0.05279541
13262,-0.03237918
13263,-0.122619614
13264,-0.19348133
13265,-0.2681882
13266,-0.3099367
13267,-0.3265991
13268,-0.31585684
13269,-0.28161624
13270,-0.23693842
13271,-0.19296259
13272,-0.14974977
13273,-0.11309822
13274,-0.08972177
13275,-0.069061264
13276,-0.06207282
13277,-0.0658263
13278,-0.078277595
13279,-0.1011962
13280,-0.13479607
13281,-0.18148814
13282,-0.23779291
13283,-0.3067932
13284,-0.38781756
13285,-0.46719372
13286,-0.54574585
13287,-0.60955805
13288,-0.6621094
13289,-0.6898803
13290,-0.7009887
13291,-0.6916505
13292,-0.6787109
13293,-0.6646422
13294,-0.6473999
13295,-0.64419544
13296,-0.6406555
13297,-0.63916016
13298,-0.637207
13299,-0.6285095
13300,-0.61752313
13301,-0.5964965
13302,-0.5793762
13303,-0.556488
13304,-0.52059937
13305,-0.486206
13306,-0.44995123
13307,-0.41659546
13308,-0.38528433
13309,-0.35186765
13310,-0.322174
13311,-0.2902832
13312,-0.2614441
13313,-0.23477173
13314,-0.21054076
13315,-0.18682861
13316,-0.1655884
13317,-0.14343262
13318,-0.12246704
13319,-0.10229491
13320,-0.0837097
13321,-0.0680847
13322,-0.05255127
13323,-0.041168228
13324,-0.037963867
13325,-0.035980225
13326,-0.030517578
13327,-0.019714326
13328,-0.002594009
13329,0.01663208
13330,0.039428726
13331,0.059844986
13332,0.08843993
13333,0.11914064
13334,0.15267943
13335,0.18356323
13336,0.21484375
13337,0.24050905
13338,0.25875854
13339,0.27059942
13340,0.27212524
13341,0.26708987
13342,0.25765988
13343,0.24801637
13344,0.24462895
13345,0.24157716
13346,0.24230954
13347,0.24777223
13348,0.2537537
13349,0.2609253
13350,0.26205444
13351,0.26434326
13352,0.2626953
13353,0.26382446
13354,0.27008057
13355,0.27600098
13356,0.28503418
13357,0.29599
13358,0.30981445
13359,0.32470703
13360,0.3356934
13361,0.34094238
13362,0.3468933
13363,0.34921265
13364,0.35415646
13365,0.35705566
13366,0.3619995
13367,0.36483765
13368,0.36672974
13369,0.3690796
13370,0.367157
13371,0.3623352
13372,0.35040277
13373,0.33740234
13374,0.31201172
13375,0.2925415
13376,0.2718506
13377,0.25616455
13378,0.24185179
13379,0.225708
13380,0.21078493
13381,0.19680785
13382,0.1802368
13383,0.1621704
13384,0.14608769
13385,0.127594
13386,0.113739
13387,0.10107422
13388,0.095184326
13389,0.08798219
13390,0.08364867
13391,0.07830809
13392,0.07513426
13393,0.0708618
13394,0.06909178
13395,0.060272202
13396,0.04977417
13397,0.032104507
13398,0.017364502
13399,0.0055236816
13400,-0.0030212551
13401,-0.0054626316
13402,-0.010253891
13403,-0.013610825
13404,-0.01828003
13405,-0.015838608
13406,-0.013793938
13407,-0.008850113
13408,-0.005584702
13409,-0.0006408915
13410,0.0014648661
13411,0.0034484714
13412,0.002838131
13413,0.00091552734
13414,-0.0052490234
13415,-0.008300782
13416,-0.015808098
13417,-0.02273561
13418,-0.02917482
13419,-0.043182373
13420,-0.057373032
13421,-0.07519534
13422,-0.08911136
13423,-0.10449222
13424,-0.11972046
13425,-0.13806154
13426,-0.15612791
13427,-0.18023682
13428,-0.20227054
13429,-0.22442624
13430,-0.24069214
13431,-0.2510376
13432,-0.25961304
13433,-0.26702884
13434,-0.27233887
13435,-0.2743225
13436,-0.2724609
13437,-0.2652893
13438,-0.25601196
13439,-0.2427673
13440,-0.22769167
13441,-0.21255492
13442,-0.19961546
13443,-0.19265746
13444,-0.18341066
13445,-0.1766052
13446,-0.1684265
13447,-0.15222168
13448,-0.13442992
13449,-0.11236572
13450,-0.09347533
13451,-0.079803474
13452,-0.06213378
13453,-0.05001831
13454,-0.038879395
13455,-0.033081047
13456,-0.03286744
13457,-0.037170418
13458,-0.046508808
13459,-0.055267334
13460,-0.06298827
13461,-0.071289055
13462,-0.0748596
13463,-0.0826416
13464,-0.086700454
13465,-0.08935547
13466,-0.09103394
13467,-0.087860115
13468,-0.08679202
13469,-0.08520508
13470,-0.08248903
13471,-0.084625214
13472,-0.0916443
13473,-0.10833742
13474,-0.12585449
13475,-0.14053346
13476,-0.15429688
13477,-0.16101074
13478,-0.16268921
13479,-0.15689085
13480,-0.14627075
13481,-0.13116455
13482,-0.11770629
13483,-0.09744263
13484,-0.08459473
13485,-0.0722046
13486,-0.06222534
13487,-0.054351814
13488,-0.046447776
13489,-0.041564934
13490,-0.035858147
13491,-0.035675056
13492,-0.034576423
13493,-0.035980195
13494,-0.03521729
13495,-0.033142067
13496,-0.028137222
13497,-0.021820085
13498,-0.014251726
13499,-0.011047379
13500,-0.004547132
13501,0.00015261024
13502,0.00494384
13503,0.0067748874
13504,0.012725823
13505,0.017089859
13506,0.022552468
13507,0.02865601
13508,0.033081084
13509,0.0406799
13510,0.049346898
13511,0.062469516
13512,0.072601296
13513,0.09063719
13514,0.102081314
13515,0.11248777
13516,0.11880494
13517,0.12014771
13518,0.11535643
13519,0.10403442
13520,0.08630371
13521,0.06335449
13522,0.038909934
13523,0.022888176
13524,0.009552017
13525,0.0063476562
13526,0.01260376
13527,0.022827132
13528,0.032592766
13529,0.034606926
13530,0.032806396
13531,0.023925766
13532,0.00881958
13533,-0.0040283054
13534,-0.012237545
13535,-0.01760862
13536,-0.015899666
13537,-0.008636465
13538,0.0050354153
13539,0.02239991
13540,0.044036858
13541,0.069458015
13542,0.09069821
13543,0.11129761
13544,0.12310791
13545,0.122528076
13546,0.11383057
13547,0.09906007
13548,0.08270264
13549,0.065094
13550,0.053009033
13551,0.04714967
13552,0.048950203
13553,0.053771976
13554,0.058563232
13555,0.062896736
13556,0.06796266
13557,0.06750489
13558,0.061248764
13559,0.052612305
13560,0.04144288
13561,0.028228767
13562,0.015808117
13563,0.0049743615
13564,0.0030822698
13565,0.006195074
13566,0.017944332
13567,0.03250122
13568,0.049072266
13569,0.06762695
13570,0.07931519
13571,0.09228514
13572,0.10314941
13573,0.114227295
13574,0.12542725
13575,0.138031
13576,0.1491699
13577,0.1583557
13578,0.16983032
13579,0.17974852
13580,0.19000244
13581,0.20297243
13582,0.21432492
13583,0.22164917
13584,0.22457886
13585,0.21890259
13586,0.20510866
13587,0.18255617
13588,0.16061401
13589,0.13778687
13590,0.12011719
13591,0.10858153
13592,0.10324097
13593,0.09820557
13594,0.091796875
13595,0.08291626
13596,0.07189942
13597,0.05810546
13598,0.040771496
13599,0.024841323
13600,0.008972153
13601,-0.0020751879
13602,-0.009338364
13603,-0.01373291
13604,-0.011260971
13605,-0.007293716
13606,-0.0021362305
13607,0.0013122484
13608,0.003631577
13609,0.006866455
13610,0.0074768066
13611,0.008544922
13612,0.0072631687
13613,0.005065918
13614,0.0023803562
13615,0.0043029636
13616,0.0052185208
13617,0.009765625
13618,0.019897446
13619,0.029846177
13620,0.04074098
13621,0.048614502
13622,0.05450441
13623,0.054718025
13624,0.04528807
13625,0.032684334
13626,0.016448982
13627,0.002105713
13628,-0.011413567
13629,-0.027404785
13630,-0.04150392
13631,-0.053466782
13632,-0.060119614
13633,-0.06307984
13634,-0.06478879
13635,-0.06823731
13636,-0.07476807
13637,-0.08309937
13638,-0.09368897
13639,-0.1047363
13640,-0.11431886
13641,-0.12448119
13642,-0.1326294
13643,-0.1390686
13644,-0.14361572
13645,-0.14440921
13646,-0.14352417
13647,-0.1360474
13648,-0.12734988
13649,-0.117370576
13650,-0.1053772
13651,-0.09616089
13652,-0.09542845
13653,-0.099823005
13654,-0.111572295
13655,-0.12225343
13656,-0.13070679
13657,-0.13293459
13658,-0.1328125
13659,-0.13204956
13660,-0.1308899
13661,-0.13330078
13662,-0.13641357
13663,-0.137146
13664,-0.14062501
13665,-0.14968872
13666,-0.1589966
13667,-0.17196655
13668,-0.18423462
13669,-0.19415285
13670,-0.19934082
13671,-0.20016478
13672,-0.19125366
13673,-0.1728821
13674,-0.15246582
13675,-0.13140869
13676,-0.11325076
13677,-0.0964966
13678,-0.0800171
13679,-0.06030273
13680,-0.03958131
13681,-0.0175476
13682,0.0043640267
13683,0.022979729
13684,0.039123528
13685,0.05343628
13686,0.06637574
13687,0.07714844
13688,0.08337402
13689,0.08737184
13690,0.08752441
13691,0.08328247
13692,0.07702638
13693,0.06973268
13694,0.06515503
13695,0.058166504
13696,0.054870613
13697,0.049194343
13698,0.04263307
13699,0.03732302
13700,0.031219479
13701,0.026489243
13702,0.021789558
13703,0.02346801
13704,0.026916519
13705,0.029724114
13706,0.028655991
13707,0.024414077
13708,0.01757814
13709,0.013793934
13710,0.013336197
13711,0.016265873
13712,0.02023315
13713,0.022735585
13714,0.024810787
13715,0.027496338
13716,0.028411873
13717,0.028381344
13718,0.030120837
13719,0.03463745
13720,0.03881835
13721,0.048309322
13722,0.05630493
13723,0.0619812
13724,0.06338501
13725,0.08502198
13726,0.12664798
13727,0.16217038
13728,0.18203735
13729,0.17678833
13730,0.13757323
13731,0.08847044
13732,0.03530884
13733,-0.014160134
13734,-0.05899042
13735,-0.075897254
13736,-0.05789184
13737,-0.025207518
13738,0.0034179445
13739,0.012268046
13740,-0.009033188
13741,-0.034912102
13742,-0.06204221
13743,-0.09353635
13744,-0.13732903
13745,-0.1641846
13746,-0.16961668
13747,-0.16561891
13748,-0.15115356
13749,-0.14300536
13750,-0.14718626
13751,-0.14990234
13752,-0.15478513
13753,-0.16162106
13754,-0.18478388
13755,-0.19580081
13756,-0.18759152
13757,-0.16909793
13758,-0.14398193
13759,-0.12710568
13760,-0.1272583
13761,-0.15332031
13762,-0.18475339
13763,-0.2195129
13764,-0.24493404
13765,-0.31521606
13766,-0.4222413
13767,-0.49282837
13768,-0.505188
13769,-0.4403992
13770,-0.29763794
13771,-0.104034424
13772,0.10388189
13773,0.29806513
13774,0.46044916
13775,0.6062318
13776,0.7206727
13777,0.764801
13778,0.7433472
13779,0.67456067
13780,0.5646362
13781,0.43887323
13782,0.31701654
13783,0.21542357
13784,0.14007571
13785,0.13269041
13786,0.19201656
13787,0.26281744
13788,0.3106383
13789,0.30624378
13790,0.23956293
13791,0.10903934
13792,-0.040069565
13793,-0.18753047
13794,-0.318695
13795,-0.46917725
13796,-0.62228405
13797,-0.7157287
13798,-0.7286988
13799,-0.6530762
13800,-0.49816898
13801,-0.33013913
13802,-0.16430663
13803,-0.014648467
13804,0.11331171
13805,0.17480479
13806,0.16119385
13807,0.110443145
13808,0.059814513
13809,0.051757902
13810,0.10052484
13811,0.17172238
13812,0.24877924
13813,0.33462515
13814,0.42788684
13815,0.53509533
13816,0.6289369
13817,0.6694946
13818,0.6482545
13819,0.57992554
13820,0.48367316
13821,0.38763428
13822,0.2964477
13823,0.2207336
13824,0.17974852
13825,0.17373656
13826,0.20138544
13827,0.2643128
13828,0.3258971
13829,0.36383045
13830,0.37301636
13831,0.34774783
13832,0.3015747
13833,0.23635864
13834,0.15731812
13835,0.08508299
13836,0.028961182
13837,-0.01626584
13838,-0.042266905
13839,-0.053649902
13840,-0.05416873
13841,-0.05889888
13842,-0.0704651
13843,-0.08502194
13844,-0.1095276
13845,-0.1402588
13846,-0.18704222
13847,-0.24945071
13848,-0.31674188
13849,-0.38327026
13850,-0.43661493
13851,-0.46255493
13852,-0.46865845
13853,-0.46139523
13854,-0.4411316
13855,-0.41970825
13856,-0.4009094
13857,-0.36285406
13858,-0.31134027
13859,-0.25375366
13860,-0.18777455
13861,-0.102508515
13862,-0.01354982
13863,0.062225312
13864,0.12774657
13865,0.16748047
13866,0.18338013
13867,0.20364378
13868,0.22747801
13869,0.25396731
13870,0.28710938
13871,0.32632446
13872,0.36264038
13873,0.38391113
13874,0.39569092
13875,0.38482666
13876,0.3591614
13877,0.3152771
13878,0.25891113
13879,0.19967651
13880,0.14007568
13881,0.08547972
13882,0.034759525
13883,-0.0069579966
13884,-0.042114243
13885,-0.074584976
13886,-0.10702512
13887,-0.14462282
13888,-0.18765259
13889,-0.23626709
13890,-0.28460693
13891,-0.33172607
13892,-0.36987305
13893,-0.40008545
13894,-0.41879272
13895,-0.43148804
13896,-0.43725586
13897,-0.4379273
13898,-0.43154907
13899,-0.42227173
13900,-0.407135
13901,-0.3895874
13902,-0.36950684
13903,-0.34799194
13904,-0.32235718
13905,-0.29882812
13906,-0.27511597
13907,-0.25244147
13908,-0.22924808
13909,-0.20220949
13910,-0.18060303
13911,-0.15261841
13912,-0.127594
13913,-0.10101319
13914,-0.0713501
13915,-0.044342056
13916,-0.018676758
13917,0.0008849874
13918,0.017791733
13919,0.028381348
13920,0.026000977
13921,0.023376465
13922,0.0177612
13923,0.013183609
13924,0.0060424656
13925,-0.0010375977
13926,-0.00976561
13927,-0.0217285
13928,-0.036499023
13929,-0.056762695
13930,-0.07632443
13931,-0.09674072
13932,-0.11282349
13933,-0.124176025
13934,-0.13299562
13935,-0.13778685
13936,-0.1414185
13937,-0.14297485
13938,-0.14227295
13939,-0.13876343
13940,-0.12979126
13941,-0.11834718
13942,-0.10043335
13943,-0.080566406
13944,-0.058441147
13945,-0.031280518
13946,-0.0047302246
13947,0.025024384
13948,0.053741425
13949,0.083618134
13950,0.11117554
13951,0.14041139
13952,0.16604611
13953,0.18679807
13954,0.20227051
13955,0.21804807
13956,0.22943118
13957,0.23825072
13958,0.24526976
13959,0.2518921
13960,0.2553101
13961,0.25860596
13962,0.25726318
13963,0.258667
13964,0.2538147
13965,0.2524414
13966,0.24542236
13967,0.23782349
13968,0.22787477
13969,0.21878052
13970,0.21005255
13971,0.20050049
13972,0.1930847
13973,0.18905638
13974,0.18603517
13975,0.18872069
13976,0.19311523
13977,0.19744875
13978,0.19680786
13979,0.1951294
13980,0.19308475
13981,0.18536377
13982,0.18060303
13983,0.17391965
13984,0.16540526
13985,0.14840698
13986,0.13116455
13987,0.11056518
13988,0.08535765
13989,0.06018067
13990,0.038391106
13991,0.016052254
13992,-0.005706787
13993,-0.02905275
13994,-0.05325316
13995,-0.075347885
13996,-0.096862815
13997,-0.11721801
13998,-0.13342285
13999,-0.14440918
14000,-0.15228273
14001,-0.1522827
14002,-0.14971925
14003,-0.14294434
14004,-0.13262936
14005,-0.11795044
14006,-0.1015625
14007,-0.08779906
14008,-0.07443237
14009,-0.06344603
14010,-0.055084214
14011,-0.047882073
14012,-0.042358413
14013,-0.041107185
14014,-0.040802006
14015,-0.04949951
14016,-0.058319077
14017,-0.06994628
14018,-0.07293703
14019,-0.07434079
14020,-0.0699463
14021,-0.06817627
14022,-0.06423952
14023,-0.059204116
14024,-0.04989623
14025,-0.04504395
14026,-0.03771973
14027,-0.03381347
14028,-0.028869629
14029,-0.026824959
14030,-0.024841331
14031,-0.02111815
14032,-0.013061523
14033,-0.0044861063
14034,0.007965095
14035,0.020263664
14036,0.029327393
14037,0.037994407
14038,0.04095459
14039,0.042694073
14040,0.04083251
14041,0.0392151
14042,0.035095207
14043,0.027526863
14044,0.020385752
14045,0.010925302
14046,0.002868645
14047,0.0006103553
14048,0.0059509315
14049,0.015930183
14050,0.030212387
14051,0.04483033
14052,0.05395507
14053,0.05752565
14054,0.059417747
14055,0.05557252
14056,0.056243885
14057,0.05877684
14058,0.06726074
14059,0.07800293
14060,0.09027101
14061,0.10137941
14062,0.11221317
14063,0.12487793
14064,0.14007568
14065,0.15350339
14066,0.1667786
14067,0.17413329
14068,0.17028813
14069,0.16131589
14070,0.14855959
14071,0.1326599
14072,0.118072525
14073,0.10754395
14074,0.09558105
14075,0.08880613
14076,0.08224488
14077,0.079895034
14078,0.07940675
14079,0.081726044
14080,0.085082985
14081,0.08853147
14082,0.08456422
14083,0.077178955
14084,0.061248787
14085,0.042022716
14086,0.021575918
14087,0.0060729906
14088,-0.004302986
14089,-0.011566151
14090,-0.018371586
14091,-0.0261841
14092,-0.03384397
14093,-0.040832527
14094,-0.045013458
14095,-0.0498352
14096,-0.052398685
14097,-0.0558777
14098,-0.05886842
14099,-0.065521255
14100,-0.07229611
14101,-0.08206176
14102,-0.08996583
14103,-0.097717285
14104,-0.10556032
14105,-0.10946657
14106,-0.112762436
14107,-0.11767577
14108,-0.12014769
14109,-0.123260505
14110,-0.12506104
14111,-0.12432862
14112,-0.12326051
14113,-0.120208725
14114,-0.11752319
14115,-0.11108399
14116,-0.105011016
14117,-0.097900376
14118,-0.08892824
14119,-0.07940674
14120,-0.06927493
14121,-0.06619264
14122,-0.06784056
14123,-0.071167
14124,-0.0742798
14125,-0.07766723
14126,-0.08047486
14127,-0.08572387
14128,-0.09133914
14129,-0.09674072
14130,-0.10263063
14131,-0.11016846
14132,-0.12097168
14133,-0.13415529
14134,-0.14797975
14135,-0.16070557
14136,-0.17071533
14137,-0.17770386
14138,-0.17929077
14139,-0.18063353
14140,-0.1824951
14141,-0.18151854
14142,-0.17697145
14143,-0.175354
14144,-0.1729431
14145,-0.16720581
14146,-0.16345215
14147,-0.15747072
14148,-0.14770506
14149,-0.13943481
14150,-0.13220215
14151,-0.12234495
14152,-0.11215213
14153,-0.100189224
14154,-0.08541868
14155,-0.07000734
14156,-0.05508423
14157,-0.043914795
14158,-0.039031968
14159,-0.039398186
14160,-0.040557846
14161,-0.042053238
14162,-0.041809067
14163,-0.043914787
14164,-0.04171752
14165,-0.040252686
14166,-0.028717063
14167,-0.018005364
14168,-0.0100097805
14169,-0.0022888333
14170,0.0026245266
14171,0.009429947
14172,0.015777603
14173,0.02081298
14174,0.021697983
14175,0.019744895
14176,0.02078247
14177,0.023223862
14178,0.028411865
14179,0.034393303
14180,0.03811644
14181,0.04351806
14182,0.04614257
14183,0.049713105
14184,0.050354004
14185,0.05136107
14186,0.04833987
14187,0.042938206
14188,0.03713992
14189,0.029357918
14190,0.022705093
14191,0.019470207
14192,0.020233154
14193,0.0231018
14194,0.027099624
14195,0.03274533
14196,0.040374763
14197,0.048400886
14198,0.052947998
14199,0.055694573
14200,0.061187774
14201,0.06506348
14202,0.07122805
14203,0.07925416
14204,0.089569084
14205,0.100982666
14206,0.11309814
14207,0.12405396
14208,0.12878415
14209,0.13348387
14210,0.13635254
14211,0.13748169
14212,0.13891603
14213,0.14242552
14214,0.14575194
14215,0.1465149
14216,0.14184572
14217,0.13739012
14218,0.12924193
14219,0.12472534
14220,0.118835434
14221,0.112365715
14222,0.10391236
14223,0.09317016
14224,0.07852172
14225,0.06362914
14226,0.04925538
14227,0.03933715
14228,0.034027096
14229,0.034088135
14230,0.039855953
14231,0.04501343
14232,0.047088623
14233,0.048614502
14234,0.04864502
14235,0.050048824
14236,0.05154419
14237,0.052337646
14238,0.055175785
14239,0.058441162
14240,0.06552124
14241,0.07101441
14242,0.07809449
14243,0.087768555
14244,0.09817505
14245,0.10800171
14246,0.11453247
14247,0.121276855
14248,0.12667847
14249,0.13174438
14250,0.13497925
14251,0.13653563
14252,0.1408081
14253,0.14700317
14254,0.14974976
14255,0.14984131
14256,0.14758301
14257,0.15023804
14258,0.15515137
14259,0.16036987
14260,0.1661377
14261,0.16906738
14262,0.1694336
14263,0.1665039
14264,0.16329956
14265,0.15844727
14266,0.15179443
14267,0.14508057
14268,0.1378479
14269,0.13027956
14270,0.121337906
14271,0.111572266
14272,0.10140991
14273,0.08911132
14274,0.07812499
14275,0.06512453
14276,0.056182846
14277,0.04330446
14278,0.03106688
14279,0.01782225
14280,0.0047302097
14281,-0.007659942
14282,-0.019439712
14283,-0.030456558
14284,-0.043579116
14285,-0.054962173
14286,-0.065216064
14287,-0.072570816
14288,-0.074645996
14289,-0.07870485
14290,-0.07934569
14291,-0.076934814
14292,-0.07580568
14293,-0.07110597
14294,-0.06585693
14295,-0.060943604
14296,-0.058929443
14297,-0.05514525
14298,-0.054992676
14299,-0.055206276
14300,-0.06048583
14301,-0.06277467
14302,-0.06402589
14303,-0.06463622
14304,-0.060516365
14305,-0.059387177
14306,-0.05883789
14307,-0.06265259
14308,-0.074737564
14309,-0.08798218
14310,-0.10443115
14311,-0.120086685
14312,-0.13586427
14313,-0.15179443
14314,-0.16528323
14315,-0.17971802
14316,-0.19332887
14317,-0.20962524
14318,-0.22436523
14319,-0.23800662
14320,-0.24649048
14321,-0.25479126
14322,-0.2635193
14323,-0.2699585
14324,-0.27462772
14325,-0.27798462
14326,-0.28338623
14327,-0.28607178
14328,-0.28631592
14329,-0.28204346
14330,-0.27453613
14331,-0.26541138
14332,-0.25482178
14333,-0.24353027
14334,-0.2298889
14335,-0.21746823
14336,-0.20584108
14337,-0.19525146
14338,-0.18469237
14339,-0.16995241
14340,-0.15573122
14341,-0.13827515
14342,-0.11938475
14343,-0.10189818
14344,-0.08050538
14345,-0.06112668
14346,-0.041839592
14347,-0.02474977
14348,-0.012756363
14349,-0.0029601902
14350,0.0052795634
14351,0.012969956
14352,0.019653305
14353,0.025146484
14354,0.031097397
14355,0.038787827
14356,0.046264663
14357,0.05337526
14358,0.05862426
14359,0.06430052
14360,0.06643677
14361,0.066436745
14362,0.06430052
14363,0.0597229
14364,0.053741485
14365,0.049652077
14366,0.045715287
14367,0.03894045
14368,0.03405763
14369,0.029449463
14370,0.025299057
14371,0.019897476
14372,0.01565553
14373,0.013671877
14374,0.01080323
14375,0.011566176
14376,0.016143791
14377,0.021667492
14378,0.028961185
14379,0.035491943
14380,0.04367066
14381,0.05035401
14382,0.05706788
14383,0.064605705
14384,0.075927734
14385,0.092742935
14386,0.113586456
14387,0.13851929
14388,0.16064452
14389,0.18048096
14390,0.19787599
14391,0.2116394
14392,0.22509766
14393,0.23248288
14394,0.23687744
14395,0.23855588
14396,0.23458862
14397,0.2311096
14398,0.22714232
14399,0.22091675
14400,0.21133423
14401,0.20022586
14402,0.1850586
14403,0.17062378
14404,0.15127565
14405,0.13412476
14406,0.117309555
14407,0.10110472
14408,0.08447267
14409,0.066284165
14410,0.04672242
14411,0.02713014
14412,0.007904047
14413,-0.0063476637
14414,-0.016571045
14415,-0.02511597
14416,-0.029693596
14417,-0.03295898
14418,-0.03570558
14419,-0.040283225
14420,-0.040863045
14421,-0.041900635
14422,-0.03897094
14423,-0.033294696
14424,-0.028717052
14425,-0.024963375
14426,-0.020385735
14427,-0.014190678
14428,-0.006469719
14429,-0.0017089918
14430,0.003540039
14431,0.0045776516
14432,0.004425034
14433,0.0049438626
14434,0.003326401
14435,0.0037231669
14436,0.0008850023
14437,0.0017089769
14438,0.006072983
14439,0.009460453
14440,0.011322025
14441,0.010650631
14442,0.008605957
14443,0.0057067927
14444,0.0019836389
14445,-0.0037841867
14446,-0.009948719
14447,-0.018981928
14448,-0.026733417
14449,-0.035400406
14450,-0.04431154
14451,-0.050903335
14452,-0.05603026
14453,-0.06118775
14454,-0.06466674
14455,-0.07012942
14456,-0.078765854
14457,-0.08673094
14458,-0.094177246
14459,-0.10144044
14460,-0.10708618
14461,-0.11242676
14462,-0.11431885
14463,-0.11703491
14464,-0.116882324
14465,-0.11129761
14466,-0.10296632
14467,-0.09356688
14468,-0.083923325
14469,-0.073364235
14470,-0.06643675
14471,-0.060180657
14472,-0.05523683
14473,-0.053802487
14474,-0.05194091
14475,-0.050781243
14476,-0.04644777
14477,-0.041503906
14478,-0.03271485
14479,-0.023773188
14480,-0.013824455
14481,-9.156391e-05
14482,0.013671886
14483,0.027343744
14484,0.04031372
14485,0.045684822
14486,0.045043945
14487,0.040893547
14488,0.034851074
14489,0.029815676
14490,0.028442387
14491,0.02911377
14492,0.032775875
14493,0.03649903
14494,0.042724606
14495,0.04699707
14496,0.047637943
14497,0.043945305
14498,0.035278328
14499,0.027984628
14500,0.020629887
14501,0.016754156
14502,0.014343256
14503,0.009399407
14504,0.007598888
14505,0.0086975135
14506,0.011230469
14507,0.015502928
14508,0.017303476
14509,0.019836431
14510,0.023101805
14511,0.027648926
14512,0.031951915
14513,0.03228758
14514,0.030914325
14515,0.023406986
14516,0.015289307
14517,0.0073242225
14518,0.0015563965
14519,0.00061035156
14520,0.002777096
14521,0.010070801
14522,0.018005382
14523,0.029418932
14524,0.04064942
14525,0.0446167
14526,0.044921875
14527,0.040771484
14528,0.030120855
14529,0.016967777
14530,0.0046386737
14531,-0.0054931585
14532,-0.014953611
14533,-0.022552487
14534,-0.027404785
14535,-0.029907234
14536,-0.027160648
14537,-0.022766113
14538,-0.020233149
14539,-0.015747063
14540,-0.0081482
14541,-0.0041503864
14542,-0.003692627
14543,-0.006439211
14544,-0.011291495
14545,-0.012573246
14546,-0.009887684
14547,-0.0054626465
14548,-0.0010986216
14549,0.0036010742
14550,0.006835941
14551,0.006103527
14552,0.007446274
14553,0.009460457
14554,0.009246826
14555,0.010375988
14556,0.008117676
14557,0.0073242188
14558,0.004730217
14559,-0.0010681227
14560,-0.013488777
14561,-0.02658081
14562,-0.039184574
14563,-0.04812622
14564,-0.052947998
14565,-0.055114754
14566,-0.058929447
14567,-0.0625
14568,-0.06655884
14569,-0.07186889
14570,-0.0769043
14571,-0.08370973
14572,-0.086761475
14573,-0.08773804
14574,-0.0852356
14575,-0.07928468
14576,-0.070190445
14577,-0.059326172
14578,-0.047027584
14579,-0.033264168
14580,-0.017517082
14581,-0.005035393
14582,0.008087143
14583,0.020935062
14584,0.028656
14585,0.036987316
14586,0.04583741
14587,0.051574692
14588,0.058746338
14589,0.060791023
14590,0.058319107
14591,0.05126954
14592,0.04580688
14593,0.037200935
14594,0.02719115
14595,0.01986696
14596,0.013122562
14597,0.0044250432
14598,-0.0036010817
14599,-0.012664793
14600,-0.027435292
14601,-0.041839615
14602,-0.05871582
14603,-0.068878174
14604,-0.07565309
14605,-0.08081055
14606,-0.083801284
14607,-0.08218384
14608,-0.07675172
14609,-0.069549575
14610,-0.059600823
14611,-0.05157472
14612,-0.0467224
14613,-0.042785637
14614,-0.042144775
14615,-0.03897096
14616,-0.03778077
14617,-0.039459225
14618,-0.04052735
14619,-0.041961677
14620,-0.039794914
14621,-0.033721928
14622,-0.022949215
14623,-0.013732908
14624,-0.007690439
14625,-0.00048827566
14626,0.0094909575
14627,0.019561762
14628,0.028594986
14629,0.034484852
14630,0.038940426
14631,0.036376964
14632,0.004028335
14633,-0.045959495
14634,-0.07202149
14635,-0.07434083
14636,-0.061553955
14637,-0.0472107
14638,-0.020843504
14639,0.01361084
14640,0.061950684
14641,0.1083374
14642,0.1215515
14643,0.11077886
14644,0.109130844
14645,0.11361698
14646,0.119323775
14647,0.113586456
14648,0.10845947
14649,0.10128786
14650,0.10681152
14651,0.11050415
14652,0.09194946
14653,0.058990516
14654,0.050811753
14655,0.05957035
14656,0.07345585
14657,0.07440188
14658,0.070739746
14659,0.063690186
14660,0.066772446
14661,0.06887818
14662,0.051727302
14663,0.023956321
14664,0.011932358
14665,0.014343299
14666,0.017364513
14667,0.0054016337
14668,0.002685532
14669,0.015655518
14670,0.04718015
14671,0.09875488
14672,0.20181274
14673,0.33135992
14674,0.39279178
14675,0.38925177
14676,0.34329227
14677,0.30059817
14678,0.23190309
14679,0.14990237
14680,0.046234146
14681,-0.062622085
14682,-0.18707277
14683,-0.31076056
14684,-0.37844846
14685,-0.39105234
14686,-0.35794073
14687,-0.3065491
14688,-0.2361145
14689,-0.16009524
14690,-0.08425903
14691,-0.021209702
14692,0.010925284
14693,0.012970002
14694,0.016448943
14695,0.01989749
14696,0.0245972
14697,0.00582888
14698,-0.0015258901
14699,0.00390625
14700,0.020843484
14701,0.05743408
14702,0.1543274
14703,0.28042608
14704,0.33450317
14705,0.32009897
14706,0.26791388
14707,0.2065125
14708,0.12530516
14709,0.04104616
14710,-0.060821533
14711,-0.1539307
14712,-0.18759155
14713,-0.1759339
14714,-0.19006342
14715,-0.21603401
14716,-0.22634894
14717,-0.19918826
14718,-0.16998291
14719,-0.14031984
14720,-0.12911987
14721,-0.1340332
14722,-0.14581299
14723,-0.16268927
14724,-0.15701291
14725,-0.12640387
14726,-0.088440016
14727,-0.035278365
14728,0.021148697
14729,0.07284542
14730,0.12573244
14731,0.17156982
14732,0.1997986
14733,0.22268678
14734,0.23553467
14735,0.2421875
14736,0.24206546
14737,0.2333374
14738,0.21963501
14739,0.20947266
14740,0.20095827
14741,0.1890259
14742,0.1816101
14743,0.16937259
14744,0.14956665
14745,0.12622069
14746,0.107635505
14747,0.086181656
14748,0.07028197
14749,0.051940925
14750,0.02151487
14751,-0.011413582
14752,-0.036010753
14753,-0.06655882
14754,-0.08419799
14755,-0.09503172
14756,-0.105621345
14757,-0.11129761
14758,-0.1170654
14759,-0.12872314
14760,-0.12127687
14761,-0.10678101
14762,-0.10217284
14763,-0.091278106
14764,-0.0657959
14765,-0.033203125
14766,-0.012145996
14767,0.009033173
14768,0.017303497
14769,0.01977539
14770,0.03005983
14771,0.040527344
14772,0.039855987
14773,0.04681398
14774,0.05484008
14775,0.06512453
14776,0.07223507
14777,0.07498169
14778,0.07745361
14779,0.07745363
14780,0.061065674
14781,0.04077149
14782,0.020233156
14783,-0.008300751
14784,-0.039794922
14785,-0.074432366
14786,-0.10641481
14787,-0.13549805
14788,-0.154541
14789,-0.17199707
14790,-0.1968689
14791,-0.21286009
14792,-0.22555542
14793,-0.23904417
14794,-0.25131226
14795,-0.26245117
14796,-0.2711792
14797,-0.2748108
14798,-0.27792355
14799,-0.28079224
14800,-0.2793579
14801,-0.27246094
14802,-0.26226807
14803,-0.244751
14804,-0.2239685
14805,-0.20578003
14806,-0.18911743
14807,-0.1730957
14808,-0.15682982
14809,-0.13998413
14810,-0.12319945
14811,-0.11013794
14812,-0.09902955
14813,-0.08615115
14814,-0.0726929
14815,-0.061523408
14816,-0.051757827
14817,-0.040100105
14818,-0.026428238
14819,-0.011108413
14820,0.0018310621
14821,0.013000481
14822,0.021698005
14823,0.026672382
14824,0.031005882
14825,0.034088127
14826,0.040466323
14827,0.048431404
14828,0.054901138
14829,0.05804444
14830,0.056579605
14831,0.051269528
14832,0.046203595
14833,0.044158943
14834,0.04241945
14835,0.04354856
14836,0.04232789
14837,0.04257202
14838,0.04357911
14839,0.04672242
14840,0.050842308
14841,0.052612297
14842,0.05337523
14843,0.053588852
14844,0.054595917
14845,0.048065193
14846,0.038085945
14847,0.025451658
14848,0.0124206375
14849,0.0050658993
14850,-0.0013732724
14851,-0.002746582
14852,-0.00045777112
14853,0.00582885
14854,0.015472412
14855,0.024963394
14856,0.038330086
14857,0.05300904
14858,0.066009514
14859,0.0774536
14860,0.088989235
14861,0.09945676
14862,0.11022951
14863,0.12103272
14864,0.12921144
14865,0.1373291
14866,0.14089969
14867,0.1390381
14868,0.1317444
14869,0.118621826
14870,0.101074226
14871,0.0843811
14872,0.06903076
14873,0.05319213
14874,0.036499027
14875,0.019531243
14876,0.005462652
14877,-0.0044555757
14878,-0.01083375
14879,-0.010833748
14880,-0.007019028
14881,0.0026855553
14882,0.0075378325
14883,0.013580322
14884,0.013763424
14885,0.013763428
14886,0.016479503
14887,0.017028803
14888,0.015014637
14889,0.01901244
14890,0.027862547
14891,0.04266358
14892,0.05645752
14893,0.071014404
14894,0.08001709
14895,0.08822633
14896,0.09811403
14897,0.1022339
14898,0.101593025
14899,0.09643554
14900,0.08956909
14901,0.08074951
14902,0.075775154
14903,0.07153321
14904,0.064117424
14905,0.057189956
14906,0.053985607
14907,0.053985626
14908,0.051696785
14909,0.04907228
14910,0.041870125
14911,0.030212425
14912,0.018127427
14913,0.005096443
14914,-0.0077819824
14915,-0.017944347
14916,-0.022735596
14917,-0.026611328
14918,-0.02722168
14919,-0.024017334
14920,-0.017730713
14921,-0.004638672
14922,0.009216312
14923,0.017700195
14924,0.03164674
14925,0.038543705
14926,0.039611816
14927,0.044250485
14928,0.05233764
14929,0.052886955
14930,0.056762703
14931,0.06640626
14932,0.06924438
14933,0.07009888
14934,0.066467285
14935,0.06991577
14936,0.072631836
14937,0.07919313
14938,0.083190925
14939,0.0854187
14940,0.07369995
14941,0.05914308
14942,0.0406494
14943,0.026794441
14944,0.0065002516
14945,-0.01406862
14946,-0.040954612
14947,-0.06622313
14948,-0.09008786
14949,-0.10015868
14950,-0.116760276
14951,-0.124053955
14952,-0.11291504
14953,-0.090942375
14954,-0.06027219
14955,-0.034576427
14956,-0.020172134
14957,-0.002197262
14958,0.018585216
14959,0.028930672
14960,0.036346443
14961,0.045623794
14962,0.046936046
14963,0.043884277
14964,0.048858646
14965,0.05148316
14966,0.04226684
14967,0.040496826
14968,0.036376953
14969,0.02737426
14970,0.025238037
14971,0.0171814
14972,-0.0039367713
14973,-0.025634773
14974,-0.045776375
14975,-0.056488037
14976,-0.06115724
14977,-0.0758667
14978,-0.092926025
14979,-0.10263061
14980,-0.1116028
14981,-0.10968019
14982,-0.09219361
14983,-0.072692856
14984,-0.05700683
14985,-0.045196522
14986,-0.039581295
14987,-0.033721942
14988,-0.028564438
14989,-0.02389526
14990,-0.026397705
14991,-0.02658081
14992,-0.020843491
14993,-0.0061950684
14994,0.009338381
14995,0.025329588
14996,0.039123535
14997,0.051544193
14998,0.057891853
14999,0.058471683
15000,0.060699467
15001,0.051116932
15002,0.0324402
15003,0.0124511495
15004,-0.004974395
15005,-0.021881115
15006,-0.034332283
15007,-0.056396477
15008,-0.077941895
15009,-0.09854125
15010,-0.10711669
15011,-0.1228638
15012,-0.13287354
15013,-0.1458435
15014,-0.15402225
15015,-0.15618895
15016,-0.14627075
15017,-0.1444397
15018,-0.13830566
15019,-0.13601685
15020,-0.12905881
15021,-0.12380983
15022,-0.11407471
15023,-0.111511216
15024,-0.10858156
15025,-0.10708617
15026,-0.09838867
15027,-0.08862306
15028,-0.07437134
15029,-0.061950684
15030,-0.051239006
15031,-0.043487556
15032,-0.035430904
15033,-0.02850342
15034,-0.022796644
15035,-0.016967768
15036,-0.010681154
15037,-0.0025024395
15038,0.008209242
15039,0.018859865
15040,0.031219471
15041,0.03945923
15042,0.04614259
15043,0.053344723
15044,0.05664062
15045,0.057312004
15046,0.057525627
15047,0.057983406
15048,0.058563232
15049,0.062133778
15050,0.05953979
15051,0.056762695
15052,0.05380248
15053,0.049835205
15054,0.04360963
15055,0.039306626
15056,0.031402588
15057,0.02496338
15058,0.022521969
15059,0.019561775
15060,0.021484371
15061,0.018890383
15062,0.014678952
15063,0.009948734
15064,0.0034179725
15065,-0.0046386644
15066,-0.013977056
15067,-0.021423345
15068,-0.026611313
15069,-0.02822876
15070,-0.024292
15071,-0.017028805
15072,-0.0132446205
15073,-0.008972175
15074,-0.009399403
15075,-0.0139160175
15076,-0.023895271
15077,-0.029937739
15078,-0.03955079
15079,-0.03890993
15080,-0.03582764
15081,-0.0284729
15082,-0.020538323
15083,-0.009613074
15084,-0.00720213
15085,0.004272461
15086,0.022338882
15087,0.050140403
15088,0.08926388
15089,0.13796997
15090,0.19000241
15091,0.22930908
15092,0.25790402
15093,0.27499387
15094,0.280304
15095,0.29333496
15096,0.30471805
15097,0.31500247
15098,0.32489017
15099,0.34091187
15100,0.35543817
15101,0.35687256
15102,0.34179685
15103,0.3165588
15104,0.28103644
15105,0.24713144
15106,0.21539314
15107,0.19091803
15108,0.16741948
15109,0.15341191
15110,0.14053345
15111,0.115356416
15112,0.09060665
15113,0.050445497
15114,0.008545011
15115,-0.09164418
15116,-0.22836292
15117,-0.26931757
15118,-0.2280578
15119,-0.2125244
15120,-0.23287965
15121,-0.28964236
15122,-0.38708496
15123,-0.4291078
15124,-0.41998285
15125,-0.44491565
15126,-0.56768787
15127,-0.61691284
15128,-0.64077747
15129,-0.6629029
15130,-0.7090758
15131,-0.7680359
15132,-0.8527831
15133,-0.87698364
15134,-0.8610841
15135,-0.84112555
15136,-0.8773804
15137,-0.8075867
15138,-0.67553717
15139,-0.502777
15140,-0.3349913
15141,-0.17800903
15142,-0.068542495
15143,0.07260117
15144,0.2286072
15145,0.35482782
15146,0.4139099
15147,0.5569458
15148,0.71917725
15149,0.85671985
15150,0.92636096
15151,0.9407654
15152,0.85372925
15153,0.8149109
15154,0.76766956
15155,0.8165895
15156,0.9259339
15157,0.8251648
15158,0.55700684
15159,0.31854242
15160,0.119506836
15161,-0.030547917
15162,-0.08728027
15163,-0.2847594
15164,-0.511078
15165,-0.8441162
15166,-1.1375732
15167,-1.2928468
15168,-1.3479309
15169,-1.45343
15170,-1.5512998
15171,-1.6212769
15172,-1.6670227
15173,-1.5795898
15174,-1.4084473
15175,-1.228302
15176,-1.0972903
15177,-0.8271486
15178,-0.48623663
15179,-0.11358647
15180,0.23355108
15181,0.55725104
15182,0.7687377
15183,0.98703015
15184,1.1396788
15185,1.3800353
15186,1.6158445
15187,1.5883788
15188,1.3938292
15189,1.260925
15190,1.2008361
15191,1.2179568
15192,1.3323667
15193,1.3493654
15194,1.3102722
15195,1.322876
15196,1.5112914
15197,1.5187683
15198,1.4075012
15199,1.236145
15200,1.0849912
15201,0.93869025
15202,0.8766174
15203,0.7013552
15204,0.4855043
15205,0.21685803
15206,0.034088075
15207,-0.08691412
15208,-0.13757326
15209,-0.21423344
15210,-0.27285767
15211,-0.31756592
15212,-0.3416443
15213,-0.33865333
15214,-0.32400507
15215,-0.3016358
15216,-0.30538934
15217,-0.31970212
15218,-0.3035584
15219,-0.2624511
15220,-0.19711298
15221,-0.10644525
15222,-0.00033587217
15223,0.10601801
15224,0.20831299
15225,0.29855335
15226,0.34234622
15227,0.33358777
15228,0.30609143
15229,0.26217645
15230,0.20742786
15231,0.14859
15232,0.10595709
15233,0.07678226
15234,0.06878653
15235,0.06832898
15236,0.07461536
15237,0.080078036
15238,0.08660889
15239,0.083984345
15240,0.07052612
15241,0.042663485
15242,0.013641536
15243,-0.02011086
15244,-0.049499556
15245,-0.08520512
15246,-0.12060535
15247,-0.16470331
15248,-0.21728523
15249,-0.2841492
15250,-0.36193848
15251,-0.44229135
15252,-0.5192871
15253,-0.5862732
15254,-0.63641363
15255,-0.6649476
15256,-0.6757506
15257,-0.6699217
15258,-0.6564026
15259,-0.63839716
15260,-0.6304322
15261,-0.6280519
15262,-0.64071655
15263,-0.6574708
15264,-0.67456067
15265,-0.69314575
15266,-0.708191
15267,-0.7210083
15268,-0.7252197
15269,-0.7205199
15270,-0.707489
15271,-0.68313605
15272,-0.65087885
15273,-0.6119996
15274,-0.5674134
15275,-0.5284118
15276,-0.49029547
15277,-0.46142584
15278,-0.43695074
15279,-0.41836542
15280,-0.39709467
15281,-0.37579346
15282,-0.34835815
15283,-0.31869507
15284,-0.28396606
15285,-0.24542236
15286,-0.19967651
15287,-0.15176392
15288,-0.1043396
15289,-0.062042236
15290,-0.0284729
15291,-0.0051879585
15292,0.009857178
15293,0.01675418
15294,0.016784638
15295,0.018188491
15296,0.020965591
15297,0.029876709
15298,0.048492417
15299,0.07235718
15300,0.10009761
15301,0.13391113
15302,0.16711426
15303,0.19873044
15304,0.22616577
15305,0.24838258
15306,0.25973514
15307,0.2599488
15308,0.24887083
15309,0.23239134
15310,0.21902466
15311,0.2043457
15312,0.19506837
15313,0.18923949
15314,0.18823242
15315,0.19036865
15316,0.19607547
15317,0.20370486
15318,0.20690918
15319,0.21017455
15320,0.21255495
15321,0.21173097
15322,0.21136476
15323,0.21206667
15324,0.21313474
15325,0.21258543
15326,0.21676636
15327,0.22775267
15328,0.24227904
15329,0.25805664
15330,0.27078244
15331,0.28530887
15332,0.2994995
15333,0.31463623
15334,0.32806394
15335,0.33892822
15336,0.3475647
15337,0.35491943
15338,0.3609314
15339,0.3637085
15340,0.36260983
15341,0.3612671
15342,0.35931396
15343,0.3526001
15344,0.34396362
15345,0.3361206
15346,0.32409668
15347,0.30993652
15348,0.2914734
15349,0.27249146
15350,0.25317383
15351,0.23001099
15352,0.20758057
15353,0.18637085
15354,0.16644286
15355,0.14996335
15356,0.13684082
15357,0.1234131
15358,0.108856186
15359,0.093170166
15360,0.07870482
15361,0.066345215
15362,0.0562439
15363,0.04925539
15364,0.045288082
15365,0.041625954
15366,0.04211428
15367,0.044525146
15368,0.045837414
15369,0.04568485
15370,0.044311512
15371,0.043426506
15372,0.04064943
15373,0.03735354
15374,0.03323364
15375,0.030731212
15376,0.025848404
15377,0.020843461
15378,0.014770515
15379,0.0051269457
15380,-0.0064392164
15381,-0.019439705
15382,-0.031280503
15383,-0.04299926
15384,-0.056182876
15385,-0.06280518
15386,-0.06921387
15387,-0.07501221
15388,-0.07870483
15389,-0.080383316
15390,-0.076812744
15391,-0.071563706
15392,-0.06497194
15393,-0.057647705
15394,-0.054443374
15395,-0.050079346
15396,-0.047180176
15397,-0.048431404
15398,-0.04956055
15399,-0.053344727
15400,-0.051208507
15401,-0.050750725
15402,-0.049987793
15403,-0.052795406
15404,-0.055267356
15405,-0.060516324
15406,-0.0673828
15407,-0.075408936
15408,-0.08206175
15409,-0.09304808
15410,-0.10266113
15411,-0.11428833
15412,-0.12582397
15413,-0.13626096
15414,-0.14782715
15415,-0.15463257
15416,-0.16290283
15417,-0.17123413
15418,-0.18112183
15419,-0.18865967
15420,-0.19665529
15421,-0.20202637
15422,-0.20773317
15423,-0.20852663
15424,-0.21173094
15425,-0.2095337
15426,-0.21490479
15427,-0.18890381
15428,-0.23754883
15429,-0.25021362
15430,-0.21435547
15431,-0.1675415
15432,-0.1411743
15433,-0.13412476
15434,-0.13156126
15435,-0.12774657
15436,-0.11843872
15437,-0.08352661
15438,-0.121612564
15439,-0.1335449
15440,-0.099090576
15441,-0.061431877
15442,-0.04339599
15443,-0.043701187
15444,-0.05007936
15445,-0.052825913
15446,-0.049682632
15447,-0.018768333
15448,-0.06402587
15449,-0.08517455
15450,-0.06649782
15451,-0.04531859
15452,-0.043823235
15453,-0.056152344
15454,-0.071563706
15455,-0.07861328
15456,-0.0736084
15457,-0.036071792
15458,-0.064666755
15459,-0.061096206
15460,-0.015075695
15461,0.03356933
15462,0.060363773
15463,0.06576538
15464,0.07385254
15465,0.06771849
15466,0.08251954
15467,0.036102295
15468,0.15124512
15469,0.20166016
15470,0.1572876
15471,0.08551025
15472,0.04656983
15473,0.038909905
15474,0.034454346
15475,0.039123535
15476,0.015563969
15477,0.025848389
15478,-0.056396477
15479,-0.102722146
15480,-0.10372928
15481,-0.07955932
15482,-0.06933594
15483,-0.063385025
15484,-0.061889656
15485,-0.054687485
15486,-0.04315187
15487,-0.0037231594
15488,-0.035400383
15489,-0.040252678
15490,-3.0528754e-05
15491,0.040039077
15492,0.056427
15493,0.04592896
15494,0.0370178
15495,0.015838616
15496,0.020324707
15497,-0.032989506
15498,0.07882692
15499,0.1257019
15500,0.078887925
15501,0.0107726995
15502,-0.019378671
15503,-0.020263681
15504,-0.009674074
15505,-0.0073242206
15506,-0.017120374
15507,-0.080718994
15508,-0.00073241815
15509,0.028350811
15510,-0.029266346
15511,-0.090728745
15512,-0.11230469
15513,-0.088897705
15514,-0.05685425
15515,-0.024078373
15516,-0.016540535
15517,-0.0067443624
15518,-0.0061340183
15519,0.004364021
15520,0.02047731
15521,0.049560547
15522,0.07501219
15523,0.09884642
15524,0.120697014
15525,0.13406372
15526,0.13827515
15527,0.13592528
15528,0.13162233
15529,0.12490843
15530,0.11215209
15531,0.096801765
15532,0.08221437
15533,0.06536867
15534,0.049285866
15535,0.03613282
15536,0.027221685
15537,0.01870728
15538,0.011138909
15539,0.0034179576
15540,-0.003478989
15541,-0.009399392
15542,-0.00830077
15543,-0.0029907227
15544,0.008972164
15545,0.023132324
15546,0.04483031
15547,0.068084754
15548,0.090515144
15549,0.112030044
15550,0.13110355
15551,0.14562987
15552,0.1558533
15553,0.16287231
15554,0.16793823
15555,0.16732788
15556,0.16619873
15557,0.16610716
15558,0.16854861
15559,0.17147827
15560,0.17184448
15561,0.17016602
15562,0.16818236
15563,0.16589352
15564,0.15841676
15565,0.1486511
15566,0.1411438
15567,0.13290402
15568,0.12423707
15569,0.11706546
15570,0.10910031
15571,0.10098267
15572,0.09686281
15573,0.09045411
15574,0.085083015
15575,0.08007813
15576,0.07824707
15577,0.074737564
15578,0.06951906
15579,0.062988296
15580,0.05645752
15581,0.048217773
15582,0.043029808
15583,0.037811294
15584,0.030334491
15585,0.02090453
15586,0.005371101
15587,-0.012329098
15588,-0.027587883
15589,-0.03994751
15590,-0.04583741
15591,-0.05142212
15592,-0.053100586
15593,-0.046997063
15594,-0.039978027
15595,-0.03247071
15596,-0.029510483
15597,-0.02575685
15598,-0.022155777
15599,-0.017181396
15600,-0.013488747
15601,-0.008758545
15602,-0.010314945
15603,-0.009826668
15604,-0.011840817
15605,-0.010803238
15606,-0.013122551
15607,-0.014190681
15608,-0.016754158
15609,-0.0178833
15610,-0.016021743
15611,-0.010040306
15612,-0.0032043606
15613,0.0020751953
15614,0.006286636
15615,0.008636463
15616,0.0081787035
15617,0.0018920861
15618,-0.008056633
15619,-0.020568855
15620,-0.029480003
15621,-0.03887938
15622,-0.047821045
15623,-0.056793205
15624,-0.0643921
15625,-0.069366455
15626,-0.07669067
15627,-0.08221435
15628,-0.08883668
15629,-0.09573363
15630,-0.103973374
15631,-0.11413571
15632,-0.1262207
15633,-0.140625
15634,-0.15298465
15635,-0.16116332
15636,-0.16821288
15637,-0.16943358
15638,-0.17062381
15639,-0.17050171
15640,-0.17028809
15641,-0.1689148
15642,-0.16506958
15643,-0.15942386
15644,-0.15148926
15645,-0.14477536
15646,-0.14038086
15647,-0.13900755
15648,-0.13757324
15649,-0.13476564
15650,-0.1328125
15651,-0.1287842
15652,-0.12313843
15653,-0.11886597
15654,-0.1144104
15655,-0.109558076
15656,-0.106719986
15657,-0.106292695
15658,-0.1053772
15659,-0.10351562
15660,-0.0993347
15661,-0.09509277
15662,-0.09167481
15663,-0.08932496
15664,-0.086364746
15665,-0.082153305
15666,-0.07513429
15667,-0.068725586
15668,-0.06500244
15669,-0.06048581
15670,-0.058258057
15671,-0.058563218
15672,-0.059722915
15673,-0.06549074
15674,-0.072937004
15675,-0.08282469
15676,-0.08676148
15677,-0.08715819
15678,-0.084930435
15679,-0.07891847
15680,-0.07254027
15681,-0.06472778
15682,-0.04949951
15683,-0.032287598
15684,-0.015533455
15685,-0.0028076172
15686,0.008331306
15687,0.017639145
15688,0.02456665
15689,0.03558351
15690,0.05203246
15691,0.07382202
15692,0.0873413
15693,0.10562132
15694,0.14675905
15695,0.18572995
15696,0.21121219
15697,0.20309445
15698,0.1581726
15699,0.09185794
15700,0.033935547
15701,-0.011993393
15702,-0.060241714
15703,-0.09094241
15704,-0.07766717
15705,-0.041656494
15706,-0.0072020655
15707,0.0006713271
15708,-0.017456055
15709,-0.05102536
15710,-0.067230254
15711,-0.07531738
15712,-0.08816531
15713,-0.09872438
15714,-0.0749206
15715,-0.034484863
15716,0.01083383
15717,0.031860292
15718,0.025421143
15719,0.0056152567
15720,-0.002807662
15721,-0.008087158
15722,-0.02719117
15723,-0.049804695
15724,-0.04031367
15725,-0.013549823
15726,0.023864832
15727,0.03500362
15728,0.019165043
15729,-0.012847871
15730,-0.05047612
15731,-0.090789795
15732,-0.12100222
15733,-0.15917969
15734,-0.23132321
15735,-0.28851312
15736,-0.31552127
15737,-0.27047727
15738,-0.15426634
15739,0.03045658
15740,0.23297115
15741,0.4318542
15742,0.599823
15743,0.7264405
15744,0.80853266
15745,0.828308
15746,0.80081177
15747,0.73889166
15748,0.64947504
15749,0.52609247
15750,0.40896612
15751,0.31332397
15752,0.2442322
15753,0.21197507
15754,0.23312384
15755,0.27496338
15756,0.3033143
15757,0.27761838
15758,0.20452881
15759,0.092865005
15760,-0.027771026
15761,-0.1510315
15762,-0.25079346
15763,-0.3540039
15764,-0.48287964
15765,-0.58230585
15766,-0.63848877
15767,-0.6157226
15768,-0.519104
15769,-0.35891718
15770,-0.19998172
15771,-0.05648814
15772,0.08041376
15773,0.16650397
15774,0.14147937
15775,0.061096102
15776,-0.024170041
15777,-0.044158757
15778,0.0055541396
15779,0.09851074
15780,0.18789679
15781,0.28082263
15782,0.37817383
15783,0.46926886
15784,0.51998895
15785,0.52481073
15786,0.4881286
15787,0.43151867
15788,0.35763544
15789,0.25546265
15790,0.1426087
15791,0.036315843
15792,-0.048584
15793,-0.107543975
15794,-0.13668823
15795,-0.14767456
15796,-0.14593497
15797,-0.13854977
15798,-0.13427739
15799,-0.13156122
15800,-0.13275146
15801,-0.13375857
15802,-0.12734987
15803,-0.10476683
15804,-0.070495605
15805,-0.0313721
15806,0.008666933
15807,0.038787752
15808,0.05896002
15809,0.064697206
15810,0.05404663
15811,0.031951964
15812,-0.0012206435
15813,-0.04550171
15814,-0.09338379
15815,-0.1350098
15816,-0.17452997
15817,-0.20428462
15818,-0.23193361
15819,-0.26007074
15820,-0.28588867
15821,-0.31161505
15822,-0.33883673
15823,-0.36239627
15824,-0.3798828
15825,-0.39276123
15826,-0.39486688
15827,-0.38809198
15828,-0.3788758
15829,-0.36056513
15830,-0.3418579
15831,-0.33032233
15832,-0.3252869
15833,-0.30932617
15834,-0.2786255
15835,-0.23669437
15836,-0.1767579
15837,-0.11505139
15838,-0.04071042
15839,0.041076615
15840,0.1182251
15841,0.18286139
15842,0.23120122
15843,0.2750244
15844,0.31518555
15845,0.35256958
15846,0.3834533
15847,0.4023437
15848,0.41113287
15849,0.40881342
15850,0.39489746
15851,0.37667853
15852,0.3547669
15853,0.33602905
15854,0.31854248
15855,0.29641724
15856,0.26620483
15857,0.22958376
15858,0.18002321
15859,0.12319945
15860,0.059692398
15861,-0.0050353706
15862,-0.06787108
15863,-0.12243651
15864,-0.1677246
15865,-0.20608523
15866,-0.23849487
15867,-0.26574707
15868,-0.28320312
15869,-0.29299927
15870,-0.2970886
15871,-0.301239
15872,-0.30508423
15873,-0.30822754
15874,-0.30871582
15875,-0.3016968
15876,-0.29138184
15877,-0.27301028
15878,-0.24688719
15879,-0.2168274
15880,-0.18054198
15881,-0.13964844
15882,-0.10043335
15883,-0.06250001
15884,-0.028076189
15885,0.003570551
15886,0.0284729
15887,0.04971315
15888,0.06494142
15889,0.07635497
15890,0.083343506
15891,0.091369644
15892,0.099823005
15893,0.1074829
15894,0.1140442
15895,0.11804201
15896,0.12094117
15897,0.119812034
15898,0.11444092
15899,0.10156249
15900,0.08383177
15901,0.064239524
15902,0.048187282
15903,0.034057625
15904,0.020965597
15905,0.011962902
15906,0.0071716495
15907,0.0062866136
15908,0.007080078
15909,0.004852291
15910,0.0034484863
15911,0.0030212402
15912,-0.000610359
15913,-0.0032653734
15914,-0.0039062537
15915,-0.0055847242
15916,-0.008239739
15917,-0.009307861
15918,-0.008087158
15919,-0.007965084
15920,-0.0020446721
15921,0.003265379
15922,0.010681147
15923,0.016387925
15924,0.02218628
15925,0.02539063
15926,0.02893066
15927,0.03161622
15928,0.035186768
15929,0.0369873
15930,0.040313713
15931,0.042480476
15932,0.04855348
15933,0.05047606
15934,0.049560547
15935,0.04861452
15936,0.050933838
15937,0.0566101
15938,0.06509398
15939,0.07727049
15940,0.08743285
15941,0.09780884
15942,0.106781006
15943,0.11340332
15944,0.11679077
15945,0.117126465
15946,0.11325075
15947,0.10534667
15948,0.09368895
15949,0.08120726
15950,0.07000732
15951,0.05770874
15952,0.043212876
15953,0.033233654
15954,0.025848381
15955,0.01956176
15956,0.01568605
15957,0.010803223
15958,0.005676262
15959,-0.0043640025
15960,-0.012298584
15961,-0.021057127
15962,-0.029235832
15963,-0.03781127
15964,-0.040191654
15965,-0.042633045
15966,-0.04275514
15967,-0.03967286
15968,-0.034301758
15969,-0.026733406
15970,-0.021759026
15971,-0.019317627
15972,-0.017852783
15973,-0.017028816
15974,-0.016845703
15975,-0.014190677
15976,-0.014038092
15977,-0.014038095
15978,-0.016082764
15979,-0.015106209
15980,-0.01730346
15981,-0.021301273
15982,-0.025756843
15983,-0.027191158
15984,-0.029998783
15985,-0.031372074
15986,-0.034973137
15987,-0.03930664
15988,-0.047668453
15989,-0.057006832
15990,-0.064483635
15991,-0.06549072
15992,-0.06259155
15993,-0.054290757
15994,-0.047760013
15995,-0.042724606
15996,-0.039672844
15997,-0.038024902
15998,-0.039031975
15999,-0.037506104
16000,-0.034606926
16001,-0.028869636
16002,-0.019592278
16003,-0.0065002292
16004,0.003753664
16005,0.012695319
16006,0.023803711
16007,0.032470703
16008,0.041168205
16009,0.048065186
16010,0.0545349
16011,0.0600586
16012,0.06347657
16013,0.063201904
16014,0.060791016
16015,0.059020996
16016,0.059753425
16017,0.058502197
16018,0.05810547
16019,0.054656975
16020,0.050567634
16021,0.050079346
16022,0.053894043
16023,0.05886841
16024,0.061645515
16025,0.06271362
16026,0.061798103
16027,0.05895996
16028,0.056915283
16029,0.054443352
16030,0.05148316
16031,0.049743652
16032,0.051757812
16033,0.049743652
16034,0.041259773
16035,0.03005983
16036,0.0133666955
16037,0.014526363
16038,0.03335569
16039,0.049987804
16040,0.059082016
16041,0.06256106
16042,0.058288563
16043,0.045257553
16044,0.024627686
16045,-0.0005798489
16046,-0.027557377
16047,-0.037109382
16048,-0.027587898
16049,-0.024871808
16050,-0.030090336
16051,-0.0369568
16052,-0.050201416
16053,-0.06481932
16054,-0.081634544
16055,-0.09884643
16056,-0.1180725
16057,-0.11804198
16058,-0.09478758
16059,-0.08035278
16060,-0.075012214
16061,-0.07540895
16062,-0.084411606
16063,-0.09600831
16064,-0.112274185
16065,-0.12808226
16066,-0.1434021
16067,-0.13677979
16068,-0.10864258
16069,-0.083374016
16070,-0.06033326
16071,-0.046478257
16072,-0.04315186
16073,-0.041473385
16074,-0.042266846
16075,-0.036560073
16076,-0.027160674
16077,-0.052215576
16078,-0.10836791
16079,-0.14895627
16080,-0.17593385
16081,-0.19107054
16082,-0.18936162
16083,-0.18304443
16084,-0.1645508
16085,-0.14346313
16086,-0.12628177
16087,-0.088073745
16088,-0.036254883
16089,0.005340576
16090,0.030731231
16091,0.043395966
16092,0.042755127
16093,0.03176877
16094,0.014587402
16095,-0.011444092
16096,-0.041931137
16097,-0.055358887
16098,-0.050140366
16099,-0.05148317
16100,-0.05389405
16101,-0.05996705
16102,-0.06857298
16103,-0.06747435
16104,-0.061523445
16105,-0.04464723
16106,-0.016601577
16107,-0.022308348
16108,-0.05902099
16109,-0.08383179
16110,-0.09155276
16111,-0.0910034
16112,-0.07623292
16113,-0.052246086
16114,-0.015655518
16115,0.027648913
16116,0.080047585
16117,0.093749985
16118,0.074188225
16119,0.07046509
16120,0.077270515
16121,0.09106445
16122,0.11526488
16123,0.13684079
16124,0.16320804
16125,0.18493652
16126,0.20062256
16127,0.2118225
16128,0.21469115
16129,0.21630858
16130,0.213501
16131,0.21188354
16132,0.20721436
16133,0.19738768
16134,0.18756106
16135,0.17526245
16136,0.16574098
16137,0.15689087
16138,0.14587402
16139,0.13455199
16140,0.12170412
16141,0.10791016
16142,0.09429931
16143,0.081329346
16144,0.07070923
16145,0.058502205
16146,0.050842285
16147,0.04437255
16148,0.038970947
16149,0.033294678
16150,0.027160654
16151,0.018951414
16152,0.015441887
16153,0.014129639
16154,0.014892578
16155,0.016754158
16156,0.017547607
16157,0.014862053
16158,0.010772709
16159,0.0053405687
16160,0.0010681152
16161,-0.0010986254
16162,-0.004150398
16163,-0.005493164
16164,-0.00491333
16165,-0.0022888184
16166,0.0040283203
16167,0.01168824
16168,0.021453857
16169,0.030853271
16170,0.040527344
16171,0.049560536
16172,0.053009026
16173,0.053192127
16174,0.050689694
16175,0.043365493
16176,0.035766605
16177,0.032135013
16178,0.028137203
16179,0.026641853
16180,0.021087646
16181,0.018127445
16182,0.0133666955
16183,0.012817375
16184,0.010314934
16185,0.01083374
16186,0.010650635
16187,0.010833733
16188,0.0081176795
16189,0.0048522875
16190,-0.0016479492
16191,-0.008026116
16192,-0.014282235
16193,-0.020111084
16194,-0.027618408
16195,-0.032165535
16196,-0.039123535
16197,-0.046234123
16198,-0.05419921
16199,-0.064178474
16200,-0.0727234
16201,-0.08459474
16202,-0.09341431
16203,-0.098754875
16204,-0.100219734
16205,-0.1018982
16206,-0.10437012
16207,-0.10684201
16208,-0.10430909
16209,-0.10311888
16210,-0.09750368
16211,-0.09280396
16212,-0.09005736
16213,-0.08450319
16214,-0.081939705
16215,-0.08331299
16216,-0.08679199
16217,-0.08679198
16218,-0.08425902
16219,-0.07736205
16220,-0.068328865
16221,-0.0574646
16222,-0.05133055
16223,-0.047393806
16224,-0.048675537
16225,-0.051513672
16226,-0.054382324
16227,-0.059967034
16228,-0.06524657
16229,-0.068237305
16230,-0.06896973
16231,-0.06903076
16232,-0.068786606
16233,-0.07000731
16234,-0.07070923
16235,-0.07440186
16236,-0.07623291
16237,-0.08099364
16238,-0.08322142
16239,-0.08215332
16240,-0.07852173
16241,-0.07336426
16242,-0.066894524
16243,-0.06436154
16244,-0.06307985
16245,-0.06295778
16246,-0.06494142
16247,-0.061706536
16248,-0.056335464
16249,-0.049316417
16250,-0.038818356
16251,-0.032867428
16252,-0.023193356
16253,-0.013641369
16254,-0.0016174167
16255,0.010009769
16256,0.02261354
16257,0.03588867
16258,0.045715332
16259,0.05349732
16260,0.05905152
16261,0.060760476
16262,0.06289672
16263,0.06506348
16264,0.06503295
16265,0.06149292
16266,0.05792238
16267,0.052520763
16268,0.04455567
16269,0.034210205
16270,0.022979738
16271,0.017852787
16272,0.01651001
16273,0.017395033
16274,0.021789543
16275,0.026489247
16276,0.029937737
16277,0.032012943
16278,0.03158569
16279,0.028869614
16280,0.02740479
16281,0.026275638
16282,0.029449452
16283,0.034362793
16284,0.043640137
16285,0.054534912
16286,0.061920166
16287,0.07202147
16288,0.078155495
16289,0.08135986
16290,0.079010025
16291,0.07391356
16292,0.067810036
16293,0.062469468
16294,0.057800286
16295,0.0567322
16296,0.058227554
16297,0.060241684
16298,0.05960082
16299,0.05419923
16300,0.04739379
16301,0.04077148
16302,0.033630367
16303,0.03134154
16304,0.03179931
16305,0.034851078
16306,0.03549196
16307,0.03515625
16308,0.032287598
16309,0.026702877
16310,0.021697998
16311,0.01742553
16312,0.0126342755
16313,0.007873533
16314,0.0067443857
16315,0.005279541
16316,0.0024414118
16317,0.0010375995
16318,0.0017395038
16319,0.004211416
16320,0.004394535
16321,0.005584713
16322,0.0027465778
16323,-0.0023498563
16324,-0.007171626
16325,-0.013336167
16326,-0.018341072
16327,-0.025268558
16328,-0.029266354
16329,-0.03347778
16330,-0.03604126
16331,-0.034362786
16332,-0.033508293
16333,-0.03393555
16334,-0.032226555
16335,-0.026031477
16336,-0.013122568
16337,0.0007324144
16338,0.018402098
16339,0.03887941
16340,0.058898926
16341,0.076873794
16342,0.087890625
16343,0.09222412
16344,0.09069825
16345,0.08819579
16346,0.08428955
16347,0.08050537
16348,0.08160399
16349,0.08789062
16350,0.09524536
16351,0.10394287
16352,0.11236572
16353,0.11767578
16354,0.116821304
16355,0.112335205
16356,0.10348511
16357,0.0923767
16358,0.08251953
16359,0.07525635
16360,0.07049559
16361,0.07061767
16362,0.07376099
16363,0.07785035
16364,0.082946785
16365,0.0859375
16366,0.08825683
16367,0.08789062
16368,0.08947754
16369,0.09378053
16370,0.099731445
16371,0.11169435
16372,0.12100218
16373,0.12576292
16374,0.12261962
16375,0.11193848
16376,0.09323119
16377,0.070098884
16378,0.04531862
16379,0.0237732
16380,0.004211448
16381,-0.010498032
16382,-0.019531243
16383,-0.02832032
16384,-0.046936043
16385,-0.0682068
16386,-0.090332046
16387,-0.10891722
16388,-0.12744139
16389,-0.14346312
16390,-0.15347292
16391,-0.1594849
16392,-0.1588745
16393,-0.15475462
16394,-0.14916992
16395,-0.14501952
16396,-0.14389038
16397,-0.14224243
16398,-0.13983156
16399,-0.13763428
16400,-0.13024902
16401,-0.118225105
16402,-0.105834946
16403,-0.09317017
16404,-0.08306885
16405,-0.0767212
16406,-0.076599136
16407,-0.08218383
16408,-0.09234618
16409,-0.107147224
16410,-0.12088011
16411,-0.14044191
16412,-0.16287233
16413,-0.19116214
16414,-0.21911624
16415,-0.24291992
16416,-0.26135257
16417,-0.27456665
16418,-0.2868957
16419,-0.29138184
16420,-0.29104614
16421,-0.28414917
16422,-0.27246094
16423,-0.26101685
16424,-0.2536316
16425,-0.2508545
16426,-0.24694824
16427,-0.24264528
16428,-0.23834229
16429,-0.23791505
16430,-0.24069214
16431,-0.2416687
16432,-0.24209593
16433,-0.2408142
16434,-0.23278809
16435,-0.21923828
16436,-0.19473267
16437,-0.16848755
16438,-0.13568115
16439,-0.10864258
16440,-0.08285521
16441,-0.066345215
16442,-0.056793243
16443,-0.050933853
16444,-0.04202272
16445,-0.024444565
16446,-3.053248e-05
16447,0.023651123
16448,0.046447746
16449,0.07159422
16450,0.09240726
16451,0.103759766
16452,0.11087033
16453,0.11810303
16454,0.12762451
16455,0.14404298
16456,0.1645813
16457,0.18319699
16458,0.19961546
16459,0.21322629
16460,0.21847533
16461,0.22396849
16462,0.23031616
16463,0.23333743
16464,0.23522948
16465,0.23052979
16466,0.22192383
16467,0.21649168
16468,0.21789552
16469,0.22143553
16470,0.22805786
16471,0.23675539
16472,0.2479553
16473,0.25830078
16474,0.26849362
16475,0.2738037
16476,0.277771
16477,0.27618408
16478,0.2740173
16479,0.2710266
16480,0.2636414
16481,0.25122073
16482,0.24078368
16483,0.23547362
16484,0.22836302
16485,0.22299196
16486,0.2206421
16487,0.21237183
16488,0.19561763
16489,0.16580202
16490,0.12625124
16491,0.08258058
16492,0.044830292
16493,0.021820053
16494,0.009674087
16495,0.0061035305
16496,0.001739502
16497,0.0045776367
16498,0.007080108
16499,0.01663208
16500,0.0328369
16501,0.053894043
16502,0.07589722
16503,0.09649657
16504,0.11679076
16505,0.12750243
16506,0.12683107
16507,0.12271117
16508,0.11599732
16509,0.10748292
16510,0.10379027
16511,0.10128784
16512,0.10311889
16513,0.10632326
16514,0.108734146
16515,0.106842026
16516,0.102630645
16517,0.08999634
16518,0.07403563
16519,0.048645034
16520,0.016418472
16521,-0.020507796
16522,-0.05947879
16523,-0.09371948
16524,-0.12405394
16525,-0.14941408
16526,-0.17041014
16527,-0.18817139
16528,-0.20361327
16529,-0.21636961
16530,-0.22772217
16531,-0.23724362
16532,-0.24917603
16533,-0.25717163
16534,-0.2601318
16535,-0.2545166
16536,-0.24932861
16537,-0.23922731
16538,-0.23007199
16539,-0.21929932
16540,-0.2046509
16541,-0.1880493
16542,-0.17507935
16543,-0.16421509
16544,-0.15496825
16545,-0.14108276
16546,-0.12850952
16547,-0.11486817
16548,-0.09890746
16549,-0.08566284
16550,-0.07192994
16551,-0.06311036
16552,-0.05682373
16553,-0.05307006
16554,-0.047790527
16555,-0.040435795
16556,-0.02990723
16557,-0.016967768
16558,-0.0020141639
16559,0.018463135
16560,0.03790284
16561,0.054748546
16562,0.06542968
16563,0.07424927
16564,0.08331297
16565,0.09158324
16566,0.09555054
16567,0.09805298
16568,0.102203384
16569,0.10827638
16570,0.11688234
16571,0.126709
16572,0.13589478
16573,0.14263916
16574,0.14489746
16575,0.14559937
16576,0.13946533
16577,0.1321411
16578,0.119445786
16579,0.1023865
16580,0.082824714
16581,0.06149292
16582,0.041076645
16583,0.022155754
16584,0.004150387
16585,-0.0067748874
16586,-0.01052855
16587,-0.007263176
16588,-0.0069580153
16589,-0.0035705566
16590,0.0022582859
16591,0.0067749172
16592,0.012176491
16593,0.020904541
16594,0.03509521
16595,0.045440674
16596,0.052642837
16597,0.057220444
16598,0.058624297
16599,0.059387207
16600,0.059967026
16601,0.05728151
16602,0.055267334
16603,0.05261232
16604,0.049682617
16605,0.043304414
16606,0.03854373
16607,0.034698486
16608,0.03247069
16609,0.029022232
16610,0.01980593
16611,0.008880623
16612,-0.0064086914
16613,-0.022552468
16614,-0.041259777
16615,-0.056884773
16616,-0.068878174
16617,-0.07888794
16618,-0.094757095
16619,-0.111511216
16620,-0.1314087
16621,-0.14883423
16622,-0.15914917
16623,-0.16116333
16624,-0.1575012
16625,-0.15164183
16626,-0.14254759
16627,-0.1317444
16628,-0.12158202
16629,-0.115722656
16630,-0.115997344
16631,-0.1204834
16632,-0.12500001
16633,-0.1319275
16634,-0.13928221
16635,-0.14627072
16636,-0.14523315
16637,-0.14031982
16638,-0.12890625
16639,-0.11923218
16640,-0.11032103
16641,-0.10253906
16642,-0.10128781
16643,-0.10339357
16644,-0.11260986
16645,-0.12335205
16646,-0.13781738
16647,-0.15469359
16648,-0.17105103
16649,-0.17764284
16650,-0.1756592
16651,-0.16741943
16652,-0.15368652
16653,-0.13821411
16654,-0.12045286
16655,-0.10208131
16656,-0.08615114
16657,-0.074096665
16658,-0.063049324
16659,-0.05139161
16660,-0.03945926
16661,-0.025268584
16662,-0.0049438477
16663,0.015380859
16664,0.032989517
16665,0.04846191
16666,0.060577396
16667,0.067108154
16668,0.073944084
16669,0.07440185
16670,0.07333377
16671,0.07196044
16672,0.07202149
16673,0.072265595
16674,0.074462876
16675,0.07186891
16676,0.06567381
16677,0.059722893
16678,0.05563356
16679,0.052276596
16680,0.054840088
16681,0.06027223
16682,0.06704713
16683,0.074951164
16684,0.085205086
16685,0.0934143
16686,0.09893797
16687,0.09774781
16688,0.090240486
16689,0.0828552
16690,0.07836911
16691,0.075805664
16692,0.07247925
16693,0.06884768
16694,0.06326297
16695,0.06048582
16696,0.057556145
16697,0.053283706
16698,0.051483124
16699,0.052398685
16700,0.054016102
16701,0.05603026
16702,0.056671157
16703,0.055480957
16704,0.05136109
16705,0.04669188
16706,0.040802017
16707,0.034912094
16708,0.032318108
16709,0.03280639
16710,0.037292488
16711,0.034423813
16712,0.032775883
16713,0.0039977916
16714,-0.0057983473
16715,-0.04806518
16716,-0.053680412
16717,-0.03933716
16718,-0.0127868615
16719,-0.00094603933
16720,0.011383062
16721,-0.008361813
16722,-0.025207514
16723,-0.04244995
16724,-0.041748036
16725,-0.06826782
16726,-0.07299806
16727,-0.052276604
16728,-0.022003185
16729,0.005004893
16730,0.028900135
16731,0.018157953
16732,0.001068119
16733,-0.01742554
16734,-0.014221184
16735,-0.034240723
16736,-0.027038585
16737,0.008483892
16738,0.054229736
16739,0.09674072
16740,0.13861084
16741,0.144104
16742,0.14138791
16743,0.13046265
16744,0.13919067
16745,0.106750496
16746,0.08435057
16747,0.09463504
16748,0.11099243
16749,0.1210022
16750,0.119537346
16751,0.10394285
16752,0.07891845
16753,0.114990234
16754,0.123626724
16755,0.19708252
16756,0.1815796
16757,0.1184082
16758,0.027679449
16759,-0.020690903
16760,-0.05316165
16761,-0.03424073
16762,-0.027832016
16763,-0.089630134
16764,-0.13497928
16765,-0.1972351
16766,-0.17706296
16767,-0.14666748
16768,-0.09591674
16769,-0.07858278
16770,-0.055236787
16771,-0.057739228
16772,-0.035888687
16773,-0.012817368
16774,0.027313247
16775,0.025543213
16776,0.03982541
16777,0.09686282
16778,0.16738892
16779,0.22964475
16780,0.26986694
16781,0.2859192
16782,0.28726196
16783,0.35321045
16784,0.38504028
16785,0.46902466
16786,0.45205688
16787,0.39379883
16788,0.294281
16789,0.22839358
16790,0.14822386
16791,0.12918091
16792,0.089141846
16793,0.04714966
16794,-0.029541045
16795,-0.03466797
16796,-0.06796262
16797,-0.15261844
16798,-0.25274658
16799,-0.33847046
16800,-0.40170288
16801,-0.3955383
16802,-0.3624878
16803,-0.36486816
16804,-0.36776733
16805,-0.37109372
16806,-0.33532715
16807,-0.30172727
16808,-0.25378418
16809,-0.22113037
16810,-0.18603511
16811,-0.14862056
16812,-0.097076416
16813,-0.03921506
16814,0.00991822
16815,0.049224854
16816,0.083618164
16817,0.116668716
16818,0.14807129
16819,0.1779175
16820,0.19177248
16821,0.19320679
16822,0.18637085
16823,0.17639162
16824,0.1555481
16825,0.13211061
16826,0.10739137
16827,0.078887925
16828,0.04818724
16829,0.017669693
16830,-0.008483901
16831,-0.03131105
16832,-0.04724121
16833,-0.06060792
16834,-0.07159423
16835,-0.084472634
16836,-0.10015871
16837,-0.11694336
16838,-0.1335144
16839,-0.15304565
16840,-0.16125488
16841,-0.16345213
16842,-0.15423585
16843,-0.14013673
16844,-0.11715697
16845,-0.09658812
16846,-0.07739259
16847,-0.06002806
16848,-0.045654282
16849,-0.030090336
16850,-0.019012444
16851,-0.00875853
16852,-0.00051881373
16853,0.0070800744
16854,0.0080566425
16855,0.0061645536
16856,0.0043335
16857,0.0007934561
16858,0.0013427706
16859,0.0068969717
16860,0.014190675
16861,0.01815797
16862,0.017028797
16863,0.014129644
16864,0.004943842
16865,-0.0047302246
16866,-0.019073483
16867,-0.032592773
16868,-0.040618896
16869,-0.04699707
16870,-0.044952385
16871,-0.038574215
16872,-0.02981568
16873,-0.023162838
16874,-0.020324709
16875,-0.017089846
16876,-0.01651001
16877,-0.017883308
16878,-0.023498535
16879,-0.03186035
16880,-0.04199218
16881,-0.046905518
16882,-0.05014039
16883,-0.05734253
16884,-0.06167602
16885,-0.061340343
16886,-0.05899047
16887,-0.055938736
16888,-0.055633545
16889,-0.052246094
16890,-0.05181884
16891,-0.052215576
16892,-0.054199234
16893,-0.05340576
16894,-0.05050659
16895,-0.04690552
16896,-0.045806877
16897,-0.043731697
16898,-0.040161125
16899,-0.037597664
16900,-0.035949714
16901,-0.040130615
16902,-0.043243416
16903,-0.04623413
16904,-0.05288695
16905,-0.0618286
16906,-0.07098387
16907,-0.08099367
16908,-0.0859375
16909,-0.086242676
16910,-0.08422851
16911,-0.07946777
16912,-0.0775757
16913,-0.07583618
16914,-0.07330323
16915,-0.06521608
16916,-0.050720207
16917,-0.03451538
16918,-0.019165039
16919,-0.008300774
16920,-0.0012817532
16921,0.00082398206
16922,0.000579834
16923,0.0017700195
16924,0.0057678223
16925,0.012817372
16926,0.022918686
16927,0.038208015
16928,0.051300056
16929,0.059204094
16930,0.062255844
16931,0.061370857
16932,0.06195069
16933,0.061431877
16934,0.065216064
16935,0.06915283
16936,0.07305907
16937,0.0769043
16938,0.07821657
16939,0.075592026
16940,0.07028197
16941,0.061920162
16942,0.05593872
16943,0.055084225
16944,0.056640625
16945,0.06307984
16946,0.06799317
16947,0.06912232
16948,0.07144166
16949,0.07217408
16950,0.07431029
16951,0.076782234
16952,0.07705689
16953,0.08139038
16954,0.08477782
16955,0.09112549
16956,0.0949707
16957,0.096984886
16958,0.09738159
16959,0.094940186
16960,0.0909729
16961,0.08883668
16962,0.086547874
16963,0.08395385
16964,0.081512436
16965,0.07940674
16966,0.08273314
16967,0.088500984
16968,0.09558104
16969,0.10025026
16970,0.10266113
16971,0.10375978
16972,0.103607185
16973,0.103301995
16974,0.10250854
16975,0.09979247
16976,0.09552001
16977,0.09420775
16978,0.09317016
16979,0.092315674
16980,0.08709716
16981,0.08081055
16982,0.071441635
16983,0.06198119
16984,0.053771988
16985,0.04882812
16986,0.046783436
16987,0.04367066
16988,0.040924095
16989,0.03683471
16990,0.03305054
16991,0.03289794
16992,0.033325188
16993,0.034698494
16994,0.03427124
16995,0.032989487
16996,0.0345459
16997,0.03564454
16998,0.039886475
16999,0.043548595
17000,0.049804695
17001,0.056396477
17002,0.05996705
17003,0.060272224
17004,0.057434082
17005,0.044982895
17006,0.03204346
17007,0.018249506
17008,0.007476799
17009,-0.0031738281
17010,-0.016998291
17011,-0.03485109
17012,-0.053436276
17013,-0.07116699
17014,-0.088439934
17015,-0.10513306
17016,-0.11755371
17017,-0.12506104
17018,-0.12734985
17019,-0.12121582
17020,-0.11282347
17021,-0.10482787
17022,-0.099975586
17023,-0.09823608
17024,-0.09692384
17025,-0.093475334
17026,-0.08770752
17027,-0.076995835
17028,-0.06454468
17029,-0.047637947
17030,-0.026855469
17031,-0.007781987
17032,0.009613033
17033,0.019348133
17034,0.023956297
17035,0.019714342
17036,0.010131817
17037,-0.0048828153
17038,-0.021698
17039,-0.0343628
17040,-0.046325684
17041,-0.057098407
17042,-0.06652832
17043,-0.07333374
17044,-0.08300781
17045,-0.0920105
17046,-0.103881836
17047,-0.11898804
17048,-0.13595581
17049,-0.14700317
17050,-0.15127562
17051,-0.14807129
17052,-0.13900755
17053,-0.11132811
17054,-0.073333755
17055,-0.030151285
17056,0.012268122
17057,0.048309285
17058,0.0791626
17059,0.10662842
17060,0.1296997
17061,0.14654544
17062,0.15722658
17063,0.16589355
17064,0.17135623
17065,0.17184448
17066,0.1669312
17067,0.1507568
17068,0.1270752
17069,0.100189224
17070,0.0690002
17071,0.03640749
17072,0.0034790337
17073,-0.01638788
17074,-0.030670125
17075,-0.03280635
17076,-0.035308823
17077,-0.045501783
17078,-0.061492864
17079,-0.08468622
17080,-0.10775764
17081,-0.13168332
17082,-0.15930176
17083,-0.18191527
17084,-0.1910705
17085,-0.18811032
17086,-0.18856806
17087,-0.19439705
17088,-0.2054748
17089,-0.22399896
17090,-0.23880011
17091,-0.25302118
17092,-0.2909851
17093,-0.35736084
17094,-0.4377746
17095,-0.5285951
17096,-0.6125183
17097,-0.69210815
17098,-0.75094604
17099,-0.7909241
17100,-0.804535
17101,-0.7792052
17102,-0.7283325
17103,-0.63391125
17104,-0.5058289
17105,-0.34469587
17106,-0.16021723
17107,0.017303418
17108,0.19772345
17109,0.3575135
17110,0.48724368
17111,0.592102
17112,0.66311634
17113,0.7141417
17114,0.753418
17115,0.7791442
17116,0.7796022
17117,0.74725354
17118,0.70443726
17119,0.6570739
17120,0.6079712
17121,0.56243896
17122,0.52224743
17123,0.47314465
17124,0.41738883
17125,0.3475952
17126,0.25021338
17127,0.1451723
17128,0.014190614
17129,-0.13397223
17130,-0.2955324
17131,-0.45162964
17132,-0.5755005
17133,-0.6886292
17134,-0.7625428
17135,-0.79364014
17136,-0.8162538
17137,-0.7962645
17138,-0.7634277
17139,-0.72320557
17140,-0.64816284
17141,-0.56524676
17142,-0.47311416
17143,-0.40087903
17144,-0.32629392
17145,-0.24017346
17146,-0.16369617
17147,-0.095703125
17148,0.002807498
17149,0.14144892
17150,0.30352804
17151,0.4896545
17152,0.6803589
17153,0.8647461
17154,1.0268553
17155,1.1571045
17156,1.2451172
17157,1.2841494
17158,1.2737732
17159,1.2148131
17160,1.0891114
17161,0.92065424
17162,0.75457776
17163,0.61883557
17164,0.49472034
17165,0.37609878
17166,0.30883783
17167,0.30715945
17168,0.31008908
17169,0.3103637
17170,0.3121338
17171,0.29058826
17172,0.28088376
17173,0.25106817
17174,0.21221933
17175,0.17404163
17176,0.105773985
17177,0.042785585
17178,-0.018554777
17179,-0.062805176
17180,-0.06817618
17181,-0.059814453
17182,-0.040496796
17183,-0.04244989
17184,-0.051238894
17185,-0.062255967
17186,-0.08547972
17187,-0.121154934
17188,-0.15380856
17189,-0.1775818
17190,-0.2012023
17191,-0.21978752
17192,-0.25476065
17193,-0.28366083
17194,-0.31668088
17195,-0.3613281
17196,-0.35766596
17197,-0.32916272
17198,-0.28222653
17199,-0.23434451
17200,-0.19943231
17201,-0.17794806
17202,-0.17935178
17203,-0.17437752
17204,-0.1832886
17205,-0.2074889
17206,-0.20019525
17207,-0.17822266
17208,-0.14453138
17209,-0.10784905
17210,-0.07455453
17211,-0.043457
17212,-0.014312804
17213,0.018829376
17214,0.045837432
17215,0.07098386
17216,0.08944705
17217,0.10040285
17218,0.10574333
17219,0.10778807
17220,0.10525517
17221,0.09796147
17222,0.083923385
17223,0.06375128
17224,0.03622441
17225,-0.0040588677
17226,-0.051086396
17227,-0.10223392
17228,-0.15734865
17229,-0.20602421
17230,-0.24844356
17231,-0.28143317
17232,-0.31033322
17233,-0.3342591
17234,-0.35064703
17235,-0.36560053
17236,-0.38064575
17237,-0.3985901
17238,-0.42025757
17239,-0.4447937
17240,-0.46749884
17241,-0.48602307
17242,-0.4970399
17243,-0.49935925
17244,-0.4883728
17245,-0.4636535
17246,-0.42959595
17247,-0.39093012
17248,-0.34912115
17249,-0.31063843
17250,-0.27478033
17251,-0.24136354
17252,-0.21185309
17253,-0.18234253
17254,-0.15634157
17255,-0.13031006
17256,-0.10620119
17257,-0.08245847
17258,-0.0592041
17259,-0.035156235
17260,-0.012420684
17261,0.009765632
17262,0.031341553
17263,0.050872788
17264,0.06878659
17265,0.08505249
17266,0.09729006
17267,0.10562137
17268,0.10974118
17269,0.11172487
17270,0.113586396
17271,0.113800064
17272,0.11117555
17273,0.1045532
17274,0.09555053
17275,0.084045425
17276,0.073150635
17277,0.06674196
17278,0.06005861
17279,0.05926512
17280,0.060852066
17281,0.06616214
17282,0.07342531
17283,0.08322142
17284,0.09222412
17285,0.09765625
17286,0.10076902
17287,0.10171512
17288,0.09991458
17289,0.09509277
17290,0.08721924
17291,0.079681404
17292,0.07400514
17293,0.06567384
17294,0.05929564
17295,0.057861328
17296,0.06188964
17297,0.069793716
17298,0.0821228
17299,0.09091188
17300,0.098236054
17301,0.10589599
17302,0.11587526
17303,0.12457277
17304,0.13037108
17305,0.1385498
17306,0.14416505
17307,0.15307617
17308,0.16159055
17309,0.16912842
17310,0.17614746
17311,0.18112181
17312,0.180542
17313,0.17803955
17314,0.16998291
17315,0.15808105
17316,0.14352417
17317,0.13000488
17318,0.11968995
17319,0.11383057
17320,0.10736084
17321,0.10021973
17322,0.09710692
17323,0.09622193
17324,0.0991211
17325,0.10562133
17326,0.11129761
17327,0.11743164
17328,0.12512207
17329,0.13452148
17330,0.14266968
17331,0.14712524
17332,0.14733887
17333,0.1430664
17334,0.13671874
17335,0.13024902
17336,0.12606812
17337,0.12493896
17338,0.12542725
17339,0.12289428
17340,0.1220398
17341,0.12039183
17342,0.11840822
17343,0.1116638
17344,0.10391232
17345,0.09466554
17346,0.09112547
17347,0.09115602
17348,0.09704591
17349,0.106842056
17350,0.11914061
17351,0.12875368
17352,0.13638306
17353,0.13769533
17354,0.13098142
17355,0.11828615
17356,0.10122681
17357,0.08084108
17358,0.063629165
17359,0.053710938
17360,0.050109863
17361,0.050018325
17362,0.04977417
17363,0.048919678
17364,0.044403076
17365,0.03408812
17366,0.019866928
17367,-0.00018311292
17368,-0.019500725
17369,-0.03674317
17370,-0.05517579
17371,-0.06918335
17372,-0.08395383
17373,-0.09649658
17374,-0.10476683
17375,-0.11053466
17376,-0.11233521
17377,-0.11349487
17378,-0.11105345
17379,-0.10910034
17380,-0.11016845
17381,-0.11395263
17382,-0.1173706
17383,-0.121276855
17384,-0.12628174
17385,-0.12872311
17386,-0.13052368
17387,-0.12902829
17388,-0.12872311
17389,-0.12847899
17390,-0.122467056
17391,-0.116546616
17392,-0.1104126
17393,-0.10723877
17394,-0.108947754
17395,-0.11584473
17396,-0.12322998
17397,-0.134552
17398,-0.14334103
17399,-0.15093994
17400,-0.15527347
17401,-0.15270993
17402,-0.14712524
17403,-0.14108275
17404,-0.13812256
17405,-0.13787843
17406,-0.13964844
17407,-0.14724731
17408,-0.1564026
17409,-0.1657715
17410,-0.1757202
17411,-0.17803955
17412,-0.17553711
17413,-0.16448975
17414,-0.14837645
17415,-0.12878418
17416,-0.112579346
17417,-0.09674073
17418,-0.08514404
17419,-0.078643814
17420,-0.07730101
17421,-0.075653076
17422,-0.07296752
17423,-0.0687561
17424,-0.061309807
17425,-0.05136109
17426,-0.040527344
17427,-0.031188957
17428,-0.024810784
17429,-0.024017349
17430,-0.023315443
17431,-0.025299065
17432,-0.026367197
17433,-0.03085326
17434,-0.03460694
17435,-0.03454592
17436,-0.033264168
17437,-0.030792229
17438,-0.03268432
17439,-0.036102302
17440,-0.039703384
17441,-0.04214477
17442,-0.041748054
17443,-0.04101561
17444,-0.038879402
17445,-0.03759767
17446,-0.035064705
17447,-0.032409668
17448,-0.032348633
17449,-0.03103638
17450,-0.029571548
17451,-0.02471925
17452,-0.016815178
17453,-0.0035095215
17454,0.011993423
17455,0.025329567
17456,0.037750244
17457,0.046081543
17458,0.051910385
17459,0.058044437
17460,0.06323244
17461,0.06658937
17462,0.06918335
17463,0.068878174
17464,0.066925034
17465,0.064453125
17466,0.06008912
17467,0.05593872
17468,0.052612294
17469,0.04882811
17470,0.04608153
17471,0.04568483
17472,0.04690551
17473,0.049072266
17474,0.05126953
17475,0.056793217
17476,0.061157227
17477,0.068786606
17478,0.07284545
17479,0.07778932
17480,0.084747285
17481,0.08996583
17482,0.091888435
17483,0.09527588
17484,0.10125734
17485,0.10366818
17486,0.108551025
17487,0.11474608
17488,0.1201782
17489,0.12771608
17490,0.13598633
17491,0.13885498
17492,0.13946533
17493,0.1347351
17494,0.1300049
17495,0.123535156
17496,0.118835464
17497,0.11657715
17498,0.11837767
17499,0.12268068
17500,0.124755844
17501,0.12414553
17502,0.12298583
17503,0.11840821
17504,0.11251831
17505,0.105468765
17506,0.100677505
17507,0.0949402
17508,0.092620865
17509,0.08987426
17510,0.0852966
17511,0.08224488
17512,0.07415772
17513,0.064910896
17514,0.057281487
17515,0.049011223
17516,0.04171756
17517,0.037841782
17518,0.034118652
17519,0.035308838
17520,0.03836059
17521,0.041168213
17522,0.039825432
17523,0.032165535
17524,0.026855484
17525,0.017822273
17526,0.009521473
17527,0.005310066
17528,0.0018615723
17529,0.002807632
17530,0.004119873
17531,0.0020141602
17532,0.0011291429
17533,0.001007095
17534,-0.003906235
17535,-0.0064392164
17536,-0.0123291
17537,-0.022827145
17538,-0.035003647
17539,-0.047363278
17540,-0.060211193
17541,-0.07113646
17542,-0.07702637
17543,-0.0809021
17544,-0.07797243
17545,-0.07186891
17546,-0.061523423
17547,-0.049346924
17548,-0.039367665
17549,-0.035430923
17550,-0.03793336
17551,-0.04251098
17552,-0.0519104
17553,-0.06280516
17554,-0.06933594
17555,-0.074859604
17556,-0.077423096
17557,-0.0751953
17558,-0.07324218
17559,-0.07003784
17560,-0.066131584
17561,-0.06207276
17562,-0.05947877
17563,-0.055145252
17564,-0.05883789
17565,-0.064758286
17566,-0.075378425
17567,-0.08840942
17568,-0.10235596
17569,-0.11239623
17570,-0.11694333
17571,-0.11428832
17572,-0.104156494
17573,-0.08789064
17574,-0.07778931
17575,-0.06765746
17576,-0.06121827
17577,-0.059051514
17578,-0.06076049
17579,-0.06277465
17580,-0.0640869
17581,-0.06442259
17582,-0.062286377
17583,-0.058624282
17584,-0.054748535
17585,-0.052612297
17586,-0.053192146
17587,-0.05447388
17588,-0.053283684
17589,-0.051666252
17590,-0.047485344
17591,-0.042175286
17592,-0.037597664
17593,-0.03024292
17594,-0.024749763
17595,-0.020355232
17596,-0.01809692
17597,-0.020080578
17598,-0.023803715
17599,-0.030059818
17600,-0.036926266
17601,-0.0418396
17602,-0.04147338
17603,-0.040924076
17604,-0.041717514
17605,-0.0418396
17606,-0.039703384
17607,-0.034667958
17608,-0.025756836
17609,-0.015838623
17610,-0.007019043
17611,-0.0006408766
17612,0.0012817308
17613,-0.0025939904
17614,-0.010437015
17615,-0.017303456
17616,-0.024505612
17617,-0.029693615
17618,-0.028045647
17619,-0.021728508
17620,-0.009124756
17621,0.002044687
17622,0.012145985
17623,0.020019526
17624,0.027862549
17625,0.03186034
17626,0.03356934
17627,0.030853264
17628,0.02716064
17629,0.02377319
17630,0.02233886
17631,0.02307129
17632,0.02902222
17633,0.03836059
17634,0.04898072
17635,0.056457497
17636,0.064575195
17637,0.07156371
17638,0.07931517
17639,0.0857849
17640,0.089447
17641,0.08923338
17642,0.08624269
17643,0.08148193
17644,0.07019043
17645,0.06076049
17646,0.051605225
17647,0.045959473
17648,0.04541015
17649,0.04388427
17650,0.041015606
17651,0.033813465
17652,0.026031505
17653,0.0144958645
17654,0.0065002292
17655,0.0017395131
17656,-0.0019836277
17657,-0.0050964244
17658,-0.006072998
17659,-0.005981449
17660,-0.0061950646
17661,-0.0059509315
17662,-0.0046081543
17663,-0.0002441369
17664,0.012725826
17665,0.02749633
17666,0.04309082
17667,0.058532715
17668,0.069335945
17669,0.07485962
17670,0.08505249
17671,0.09399415
17672,0.1045227
17673,0.12316894
17674,0.14163208
17675,0.14422607
17676,0.15832518
17677,0.2073059
17678,0.2398071
17679,0.24505618
17680,0.2155151
17681,0.14688112
17682,0.06665039
17683,-0.00680542
17684,-0.073516876
17685,-0.13973999
17686,-0.17639162
17687,-0.15487674
17688,-0.11462402
17689,-0.07534791
17690,-0.061859116
17691,-0.0854492
17692,-0.111694336
17693,-0.12890625
17694,-0.14764407
17695,-0.17547607
17696,-0.19714357
17697,-0.17312625
17698,-0.13977051
17699,-0.104736336
17700,-0.084747314
17701,-0.09115599
17702,-0.08966063
17703,-0.078857414
17704,-0.07443238
17705,-0.0940857
17706,-0.115692176
17707,-0.09246831
17708,-0.060089126
17709,-0.026092526
17710,-0.019775398
17711,-0.045318585
17712,-0.09170532
17713,-0.150177
17714,-0.21325685
17715,-0.25875854
17716,-0.33068848
17717,-0.46054077
17718,-0.54510486
17719,-0.5581666
17720,-0.48071277
17721,-0.30654907
17722,-0.07650757
17723,0.17770386
17724,0.41165164
17725,0.5788575
17726,0.707306
17727,0.7975159
17728,0.81472766
17729,0.76617444
17730,0.68099964
17731,0.55334467
17732,0.40957642
17733,0.26464844
17734,0.13204956
17735,0.015380846
17736,-0.04962162
17737,-0.034301803
17738,0.014587395
17739,0.062469482
17740,0.05889894
17741,-0.007629385
17742,-0.114563
17743,-0.24609375
17744,-0.36325073
17745,-0.42889404
17746,-0.515625
17747,-0.64849854
17748,-0.736267
17749,-0.75540173
17750,-0.69262683
17751,-0.51510626
17752,-0.28875732
17753,-0.05416867
17754,0.15176398
17755,0.33090216
17756,0.42892468
17757,0.38961804
17758,0.30630493
17759,0.22842407
17760,0.2081604
17761,0.26440424
17762,0.34353638
17763,0.4237976
17764,0.49899298
17765,0.5628968
17766,0.631775
17767,0.66796887
17768,0.6578368
17769,0.5966493
17770,0.50027454
17771,0.3648681
17772,0.19326782
17773,0.005950913
17774,-0.1494751
17775,-0.24731444
17776,-0.29351807
17777,-0.29611203
17778,-0.27209473
17779,-0.25100708
17780,-0.23980713
17781,-0.23925783
17782,-0.25161743
17783,-0.27078247
17784,-0.276062
17785,-0.2593994
17786,-0.23001099
17787,-0.19076537
17788,-0.1510315
17789,-0.10964966
17790,-0.06634522
17791,-0.015747067
17792,0.035278328
17793,0.0831299
17794,0.1163025
17795,0.13781738
17796,0.14852907
17797,0.14172365
17798,0.119384766
17799,0.08920288
17800,0.04791259
17801,-0.0045776367
17802,-0.061706543
17803,-0.115539566
17804,-0.16598512
17805,-0.20266722
17806,-0.22241211
17807,-0.23016357
17808,-0.22924805
17809,-0.22827148
17810,-0.23251343
17811,-0.24261476
17812,-0.25604245
17813,-0.27035522
17814,-0.2819214
17815,-0.2866211
17816,-0.27929688
17817,-0.26080322
17818,-0.23199463
17819,-0.19616699
17820,-0.15124512
17821,-0.104125984
17822,-0.06024168
17823,-0.02194215
17824,0.0095519945
17825,0.030731194
17826,0.046661384
17827,0.0543518
17828,0.056121826
17829,0.057922363
17830,0.06326293
17831,0.071746826
17832,0.080718994
17833,0.09118654
17834,0.101989746
17835,0.1124878
17836,0.12332155
17837,0.12979126
17838,0.13085936
17839,0.12548828
17840,0.111022934
17841,0.09164431
17842,0.072326645
17843,0.053466804
17844,0.037750248
17845,0.024871819
17846,0.015441909
17847,0.009033207
17848,0.002716072
17849,-0.0042724684
17850,-0.010894777
17851,-0.017608652
17852,-0.021545414
17853,-0.023803722
17854,-0.02365113
17855,-0.023529053
17856,-0.027496345
17857,-0.028869623
17858,-0.031982422
17859,-0.033142097
17860,-0.029113771
17861,-0.020965582
17862,-0.014282227
17863,-0.010345455
17864,-0.008453358
17865,-0.009490967
17866,-0.008880615
17867,-0.006256126
17868,-0.0037231557
17869,0.0014343336
17870,0.0061950684
17871,0.01754763
17872,0.029510476
17873,0.04309084
17874,0.053344756
17875,0.05908204
17876,0.05966188
17877,0.057647683
17878,0.056396484
17879,0.056671143
17880,0.061218254
17881,0.06866456
17882,0.07873534
17883,0.09115601
17884,0.101593025
17885,0.11056519
17886,0.11618044
17887,0.11767579
17888,0.11764526
17889,0.112579346
17890,0.10778809
17891,0.10012817
17892,0.092010505
17893,0.08245848
17894,0.072692886
17895,0.06292724
17896,0.053710938
17897,0.046905495
17898,0.04113771
17899,0.033142082
17900,0.024383547
17901,0.01687623
17902,0.011230461
17903,0.006073
17904,-0.00018309243
17905,-0.0057067852
17906,-0.0108642485
17907,-0.01452638
17908,-0.015563958
17909,-0.014892584
17910,-0.011932356
17911,-0.001403803
17912,0.0076599047
17913,0.01916505
17914,0.027160622
17915,0.035247803
17916,0.040924057
17917,0.044799823
17918,0.049652077
17919,0.053985596
17920,0.06048584
17921,0.073242195
17922,0.08355715
17923,0.09378051
17924,0.10305785
17925,0.10882567
17926,0.11474608
17927,0.11923216
17928,0.12487795
17929,0.12689209
17930,0.13095093
17931,0.13458252
17932,0.13406375
17933,0.13363649
17934,0.13073733
17935,0.12646484
17936,0.119964615
17937,0.111755386
17938,0.100860596
17939,0.08929445
17940,0.07998657
17941,0.072662346
17942,0.06921385
17943,0.06811524
17944,0.067779526
17945,0.06741334
17946,0.06332396
17947,0.052703872
17948,0.035156228
17949,0.013336182
17950,-0.013305668
17951,-0.033935525
17952,-0.05230711
17953,-0.06765748
17954,-0.076690696
17955,-0.0836487
17956,-0.09216309
17957,-0.0982666
17958,-0.10275269
17959,-0.10403442
17960,-0.10427858
17961,-0.105346695
17962,-0.10992432
17963,-0.1111145
17964,-0.112640396
17965,-0.11019899
17966,-0.111145005
17967,-0.111297615
17968,-0.11221313
17969,-0.112854
17970,-0.11590578
17971,-0.11798096
17972,-0.11669921
17973,-0.106964104
17974,-0.09701539
17975,-0.08547975
17976,-0.074127205
17977,-0.06262206
17978,-0.04998779
17979,-0.03930662
17980,-0.031250004
17981,-0.02832031
17982,-0.024322506
17983,-0.027557371
17984,-0.029876702
17985,-0.03433226
17986,-0.03704834
17987,-0.03845214
17988,-0.03918457
17989,-0.039672844
17990,-0.039642334
17991,-0.04541016
17992,-0.048980705
17993,-0.054534916
17994,-0.056701664
17995,-0.052612312
17996,-0.04962156
17997,-0.046966553
17998,-0.049926743
17999,-0.05300904
18000,-0.06375123
18001,-0.07983397
18002,-0.09182741
18003,-0.09832765
18004,-0.10406493
18005,-0.10986329
18006,-0.11730957
18007,-0.12136842
18008,-0.12292479
18009,-0.118957534
18010,-0.11587525
18011,-0.11441039
18012,-0.10894775
18013,-0.10809326
18014,-0.1098938
18015,-0.11587526
18016,-0.12051394
18017,-0.12222291
18018,-0.119140625
18019,-0.10931398
18020,-0.09649658
18021,-0.084503174
18022,-0.072021484
18023,-0.0652466
18024,-0.054443363
18025,-0.04171755
18026,-0.018768312
18027,0.0033569345
18028,0.028900146
18029,0.0522461
18030,0.07522582
18031,0.092041016
18032,0.10321045
18033,0.114959694
18034,0.12368775
18035,0.13211061
18036,0.135376
18037,0.13793947
18038,0.13476562
18039,0.12933353
18040,0.12457276
18041,0.11688233
18042,0.108245835
18043,0.1005249
18044,0.0909424
18045,0.07745362
18046,0.056884777
18047,0.03405761
18048,0.006134022
18049,-0.021514904
18050,-0.04666137
18051,-0.062866196
18052,-0.07797243
18053,-0.08471681
18054,-0.09057617
18055,-0.0907593
18056,-0.082183845
18057,-0.07293701
18058,-0.05313112
18059,-0.034820564
18060,-0.016845707
18061,-0.0014953427
18062,0.006988529
18063,0.016021736
18064,0.017242402
18065,0.017242432
18066,0.013641357
18067,0.009765648
18068,0.002960206
18069,-0.0061340183
18070,-0.012115482
18071,-0.018829368
18072,-0.023071293
18073,-0.029602043
18074,-0.03115847
18075,-0.033386238
18076,-0.038055427
18077,-0.041320797
18078,-0.05181882
18079,-0.053955063
18080,-0.053497314
18081,-0.0496216
18082,-0.04348755
18083,-0.037292484
18084,-0.02755738
18085,-0.016906753
18086,-0.0015563946
18087,0.008789066
18088,0.019287128
18089,0.023406966
18090,0.02386475
18091,0.021942154
18092,0.01638794
18093,0.016601562
18094,0.013610844
18095,0.0144958645
18096,0.013336193
18097,0.015960705
18098,0.019989002
18099,0.019103996
18100,0.0151672475
18101,0.013000514
18102,0.0133056715
18103,0.012786865
18104,0.013427734
18105,0.0074768215
18106,0.002716072
18107,-0.00067139417
18108,-0.008636475
18109,-0.013305657
18110,-0.014892578
18111,-0.014282256
18112,-0.010467537
18113,-0.018188462
18114,-0.022033706
18115,-0.0296631
18116,-0.028686538
18117,-0.027526863
18118,-0.02026365
18119,-0.007843018
18120,0.0039367527
18121,0.00866697
18122,0.011810306
18123,0.0052490346
18124,-0.00042723864
18125,-0.0077209384
18126,-0.012786855
18127,-0.016571034
18128,-0.008605972
18129,-0.0013122745
18130,0.0036010519
18131,0.0061950833
18132,0.011077892
18133,0.0145568885
18134,0.019592293
18135,0.024963386
18136,0.029815704
18137,0.03842161
18138,0.046142563
18139,0.05639647
18140,0.06838988
18141,0.08386229
18142,0.10012816
18143,0.118164055
18144,0.13647461
18145,0.15371704
18146,0.17034912
18147,0.18853758
18148,0.20520018
18149,0.2200928
18150,0.23736571
18151,0.25643918
18152,0.27450562
18153,0.29049683
18154,0.30429077
18155,0.31188965
18156,0.30969235
18157,0.2944336
18158,0.27297974
18159,0.238678
18160,0.19967651
18161,0.15545653
18162,0.11285402
18163,0.06588746
18164,0.018798813
18165,-0.022216804
18166,-0.059387207
18167,-0.087524414
18168,-0.10577391
18169,-0.11422731
18170,-0.11578368
18171,-0.11325077
18172,-0.109374985
18173,-0.10385132
18174,-0.10058595
18175,-0.09899903
18176,-0.09854126
18177,-0.09472656
18178,-0.088867195
18179,-0.074127205
18180,-0.052337646
18181,-0.023071278
18182,0.0143737495
18183,0.057434067
18184,0.09918212
18185,0.13394164
18186,0.15646362
18187,0.16607666
18188,0.16204834
18189,0.14831543
18190,0.13018799
18191,0.113220245
18192,0.09457397
18193,0.07650758
18194,0.06042482
18195,0.043884292
18196,0.02255249
18197,-0.0011291355
18198,-0.028076127
18199,-0.0565186
18200,-0.08187865
18201,-0.10253906
18202,-0.12100217
18203,-0.13528444
18204,-0.1456299
18205,-0.15264891
18206,-0.1550293
18207,-0.15191649
18208,-0.14483643
18209,-0.13537599
18210,-0.12353514
18211,-0.11087036
18212,-0.09326172
18213,-0.07791139
18214,-0.06826782
18215,-0.06518556
18216,-0.06326295
18217,-0.060668934
18218,-0.056610115
18219,-0.05831909
18220,-0.06405641
18221,-0.07855223
18222,-0.09887698
18223,-0.12521362
18224,-0.15399168
18225,-0.18188477
18226,-0.20507812
18227,-0.21792603
18228,-0.22155762
18229,-0.21746829
18230,-0.21286014
18231,-0.2088928
18232,-0.21151733
18233,-0.21585083
18234,-0.2204895
18235,-0.21926878
18236,-0.21383667
18237,-0.20336914
18238,-0.19027711
18239,-0.17526247
18240,-0.1643677
18241,-0.15594482
18242,-0.14703366
18243,-0.13421631
18244,-0.119445816
18245,-0.10620118
18246,-0.093383774
18247,-0.08413699
18248,-0.07653807
18249,-0.07058714
18250,-0.068450935
18251,-0.07345582
18252,-0.08154296
18253,-0.092681885
18254,-0.10241699
18255,-0.1133423
18256,-0.120025635
18257,-0.125
18258,-0.123291016
18259,-0.11193848
18260,-0.09625244
18261,-0.078826904
18262,-0.056854237
18263,-0.032897964
18264,-0.009063728
18265,0.01638794
18266,0.045013413
18267,0.07211304
18268,0.09716794
18269,0.12118532
18270,0.13867188
18271,0.14971925
18272,0.15881348
18273,0.17160033
18274,0.18377684
18275,0.1956482
18276,0.20504764
18277,0.20947266
18278,0.20861818
18279,0.20892335
18280,0.2047119
18281,0.20016481
18282,0.18991089
18283,0.18170168
18284,0.17309573
18285,0.16299435
18286,0.15225221
18287,0.1368408
18288,0.12060548
18289,0.109191895
18290,0.09628296
18291,0.086364746
18292,0.07647707
18293,0.0718994
18294,0.06750488
18295,0.066619866
18296,0.0630493
18297,0.05590819
18298,0.05044554
18299,0.042816177
18300,0.044555664
18301,0.05313112
18302,0.06985475
18303,0.084228486
18304,0.1002197
18305,0.11523439
18306,0.13317871
18307,0.1487732
18308,0.15991211
18309,0.16476439
18310,0.16772461
18311,0.16625978
18312,0.16683958
18313,0.16793823
18314,0.17483522
18315,0.18743898
18316,0.20407107
18317,0.22381592
18318,0.2397766
18319,0.25305176
18320,0.25698853
18321,0.2607422
18322,0.25839233
18323,0.25628662
18324,0.25012207
18325,0.24243164
18326,0.22439574
18327,0.20355225
18328,0.17855835
18329,0.14779663
18330,0.116424546
18331,0.08926393
18332,0.06384279
18333,0.04019165
18334,0.01666258
18335,-0.002899155
18336,-0.023437515
18337,-0.042541504
18338,-0.060760498
18339,-0.08129884
18340,-0.10058595
18341,-0.12411499
18342,-0.14477539
18343,-0.1701355
18344,-0.19100952
18345,-0.2035217
18346,-0.20538332
18347,-0.20101929
18348,-0.19100952
18349,-0.18167113
18350,-0.17227173
18351,-0.16064456
18352,-0.14996338
18353,-0.14160155
18354,-0.13671872
18355,-0.13568115
18356,-0.13693237
18357,-0.13940431
18358,-0.1408081
18359,-0.1439514
18360,-0.14413452
18361,-0.13787842
18362,-0.12869263
18363,-0.11657715
18364,-0.105773926
18365,-0.09756469
18366,-0.09399415
18367,-0.08843996
18368,-0.08706665
18369,-0.08364868
18370,-0.07821655
18371,-0.07284547
18372,-0.06729125
18373,-0.058990467
18374,-0.045623783
18375,-0.030670159
18376,-0.014862072
18377,-0.0038757287
18378,0.0029296912
18379,0.006652832
18380,0.008911133
18381,0.0076904297
18382,0.0018310547
18383,-0.008056633
18384,-0.020721436
18385,-0.03353882
18386,-0.046661362
18387,-0.06381224
18388,-0.08068845
18389,-0.10110472
18390,-0.11654663
18391,-0.12823486
18392,-0.14132692
18393,-0.15689087
18394,-0.1789856
18395,-0.20477295
18396,-0.23443605
18397,-0.26223758
18398,-0.2877502
18399,-0.3071594
18400,-0.31442258
18401,-0.3109131
18402,-0.3018799
18403,-0.27920532
18404,-0.2527771
18405,-0.22644044
18406,-0.2010498
18407,-0.17785648
18408,-0.16107178
18409,-0.14767458
18410,-0.13391113
18411,-0.12124632
18412,-0.10549927
18413,-0.08666994
18414,-0.061431885
18415,-0.032989487
18416,-0.0019531101
18417,0.03201295
18418,0.0623474
18419,0.09051512
18420,0.110534646
18421,0.122253425
18422,0.124969475
18423,0.1174011
18424,0.10620119
18425,0.09423829
18426,0.08218384
18427,0.074615486
18428,0.0724182
18429,0.076477036
18430,0.08282471
18431,0.08578493
18432,0.08337402
18433,0.078887954
18434,0.07174685
18435,0.063903816
18436,0.05471799
18437,0.04467774
18438,0.033782974
18439,0.0245056
18440,0.014709465
18441,0.010986313
18442,0.0120849535
18443,0.01669313
18444,0.024414055
18445,0.031646736
18446,0.04089357
18447,0.051147465
18448,0.058074947
18449,0.066864036
18450,0.07009888
18451,0.07379152
18452,0.0762024
18453,0.077087395
18454,0.0779419
18455,0.081604004
18456,0.084533684
18457,0.09143068
18458,0.1038513
18459,0.12149049
18460,0.1394043
18461,0.15292361
18462,0.1659546
18463,0.17367554
18464,0.18084718
18465,0.18750003
18466,0.19195554
18467,0.19845583
18468,0.20965576
18469,0.22262572
18470,0.23443604
18471,0.24606323
18472,0.2522583
18473,0.25201416
18474,0.24905396
18475,0.24105838
18476,0.23666382
18477,0.23355106
18478,0.2324219
18479,0.23059082
18480,0.22909546
18481,0.22640991
18482,0.21890259
18483,0.20532228
18484,0.18722534
18485,0.1661377
18486,0.14810182
18487,0.13064574
18488,0.11401366
18489,0.10009766
18490,0.07467651
18491,0.063812256
18492,0.053833008
18493,0.050231934
18494,0.049194336
18495,0.04971315
18496,0.04840088
18497,0.042541504
18498,0.03378296
18499,0.024749756
18500,0.0033569336
18501,0.0008239597
18502,0.0036316067
18503,0.01065065
18504,0.016174331
18505,0.022308335
18506,0.026000991
18507,0.029663086
18508,0.033966064
18509,0.03353882
18510,0.019012451
18511,0.009399414
18512,-0.00195314
18513,-0.02017212
18514,-0.03881836
18515,-0.05493164
18516,-0.06115721
18517,-0.06204225
18518,-0.055664077
18519,-0.047088616
18520,-0.050201423
18521,-0.045745842
18522,-0.045471184
18523,-0.044891365
18524,-0.0456543
18525,-0.050567627
18526,-0.057312004
18527,-0.0680237
18528,-0.084167495
18529,-0.10000611
