0,-0.81585693
1,-0.953308
2,-0.88940406
3,-0.1635127
4,0.49322522
5,0.55169666
6,0.5334475
7,0.41528332
8,0.3338318
9,0.28762817
10,0.30108666
11,0.30392456
12,0.38537621
13,0.48538214
14,0.5930176
15,0.6174621
16,0.62133807
17,0.57510376
18,0.5345458
19,0.41693115
20,0.31240857
21,0.17190564
22,0.08157337
23,0.0059511065
24,-0.0011287928
25,-0.008911252
26,0.032867253
27,0.05709845
28,0.096191525
29,0.080840945
30,0.049682677
31,-0.0043638945
32,-0.053344905
33,-0.12463385
34,-0.16613734
35,-0.2061159
36,-0.228302
37,-0.24600202
38,-0.25353992
39,-0.25189218
40,-0.23333722
41,-0.21008289
42,-0.17843632
43,-0.14929207
44,-0.14276119
45,-0.14425659
46,-0.1661377
47,-0.19296262
48,-0.23245233
49,-0.2607116
50,-0.29165646
51,-0.29226685
52,-0.29214466
53,-0.24188244
54,-0.18679821
55,-0.091552734
56,-0.01159662
57,0.09451276
58,0.16195679
59,0.237549
60,0.24420184
61,0.2356568
62,0.22369385
63,0.22656253
64,0.16717535
65,0.19537352
66,0.25942993
67,0.29641727
68,0.28317267
69,0.25576788
70,0.18789664
71,0.13299567
72,0.053070128
73,-0.060638547
74,-0.11819467
75,-0.109710634
76,-0.10534671
77,-0.14834598
78,-0.18643188
79,-0.2340393
80,-0.26950073
81,-0.30706784
82,-0.32363886
83,-0.34353632
84,-0.34255993
85,-0.3362732
86,-0.30346686
87,-0.2538147
88,-0.18768317
89,-0.11831671
90,-0.04180914
91,0.0274356
92,0.091552615
93,0.15289319
94,0.20599383
95,0.25485218
96,0.29272464
97,0.31503308
98,0.32229608
99,0.32092282
100,0.30319226
101,0.2806091
102,0.2543335
103,0.22576904
104,0.19271849
105,0.15960693
106,0.12713623
107,0.10046387
108,0.073913574
109,0.05407712
110,0.033416748
111,0.021026582
112,0.010009676
113,-0.0021668077
114,-0.011138916
115,-0.016021818
116,-0.018920958
117,-0.017730802
118,-0.02218631
119,-0.028015167
120,-0.030395508
121,-0.03744507
122,-0.043884337
123,-0.047851592
124,-0.052520752
125,-0.056762755
126,-0.05670166
127,-0.06259157
128,-0.06628421
129,-0.065643296
130,-0.06951901
131,-0.072906524
132,-0.07241818
133,-0.07553097
134,-0.07727051
135,-0.0746765
136,-0.07406614
137,-0.06878661
138,-0.058715843
139,-0.051513687
140,-0.04711914
141,-0.040863022
142,-0.044616707
143,-0.04476931
144,-0.0422363
145,-0.040222168
146,-0.03759767
147,-0.025878906
148,-0.016662613
149,-0.0052490383
150,-0.001312241
151,0.005004853
152,0.0048217475
153,0.008026153
154,0.0048217624
155,0.0073547065
156,0.009552002
157,0.022186264
158,0.032928452
159,0.049804673
160,0.05883789
161,0.072326645
162,0.07473753
163,0.06829834
164,0.057434097
165,0.054382317
166,0.033782955
167,0.01953125
168,0.016571034
169,0.016601562
170,0.008666992
171,0.0013427623
172,-0.002044674
173,-0.0100402795
174,-0.024078358
175,-0.034851078
176,-0.038970947
177,-0.037200917
178,-0.027221672
179,-0.016204838
180,0.0029296875
181,0.017303467
182,0.025268555
183,0.032592773
184,0.036621097
185,0.029937748
186,0.025634773
187,0.024505623
188,0.02328492
189,0.016448956
190,0.012847893
191,0.009704597
192,0.009216312
193,0.009002667
194,0.0072937086
195,0.0050353706
196,0.008239731
197,0.00961303
198,0.0066528544
199,0.0076293945
200,0.010711655
201,0.012084946
202,0.008178733
203,0.007965103
204,0.0026855245
205,-0.004119858
206,-0.011535622
207,-0.0152282715
208,-0.01870729
209,-0.020538323
210,-0.01968382
211,-0.017150898
212,-0.015350349
213,-0.016876217
214,-0.01687621
215,-0.018341064
216,-0.01864624
217,-0.020996086
218,-0.016540507
219,-0.021942146
220,-0.020141613
221,-0.020019528
222,-0.019500734
223,-0.020050049
224,-0.012481691
225,-0.013427733
226,-0.005004881
227,-0.0002441425
228,0.0029602004
229,0.00454712
230,0.0050354004
231,0.0010070796
232,-0.0025939941
233,-0.009002687
234,-0.018432613
235,-0.026336674
236,-0.038574226
237,-0.04107668
238,-0.03970338
239,-0.037170425
240,-0.0379944
241,-0.0317688
242,-0.026794411
243,-0.020629883
244,-0.01821898
245,-0.014160119
246,-0.009429932
247,-0.006286636
248,-0.0077819675
249,-0.00390625
250,-0.005279556
251,-0.00976561
252,-0.004547134
253,0.0025939643
254,0.0115356445
255,0.020690888
256,0.022003144
257,0.03390503
258,0.035461426
259,0.038543686
260,0.035491914
261,0.035613988
262,0.029998783
263,0.02896119
264,0.025177002
265,0.01660154
266,0.010650624
267,0.0053710993
268,0.0036010854
269,-0.0016784649
270,-0.004577633
271,-0.00045776367
272,-0.007873533
273,-0.0045776367
274,-0.0048828125
275,0.001373291
276,0.0
277,0.0033569336
278,0.007904053
279,0.014129641
280,0.009887695
281,0.0076904297
282,0.014221195
283,-0.0010375967
284,0.0008850116
285,-0.013946528
286,-0.018615723
287,-0.028564451
288,-0.029876716
289,-0.028564442
290,-0.019012459
291,-0.0014343411
292,0.0062866136
293,0.024017341
294,0.03173826
295,0.03689575
296,0.035491936
297,0.03933716
298,0.034851067
299,0.043090813
300,0.039978012
301,0.04693604
302,0.04446412
303,0.0475769
304,0.043090805
305,0.03671266
306,0.027740508
307,0.026855454
308,0.020202637
309,0.01599124
310,0.025787368
311,0.016784653
312,0.018920928
313,0.0139770955
314,0.010162324
315,-0.009277359
316,-0.009490937
317,-0.026641846
318,-0.026977554
319,-0.028381333
320,-0.026733376
321,-0.028625503
322,-0.025573738
323,-0.03488157
324,-0.037506096
325,-0.03204347
326,-0.029815681
327,-0.01855465
328,-0.013153061
329,0.0004882887
330,0.007659912
331,0.010314975
332,0.0066223256
333,-0.0016479567
334,-0.008270267
335,-0.010620099
336,-0.008911155
337,-0.01910403
338,-0.020080555
339,-0.028564438
340,-0.024444597
341,-0.032714844
342,-0.033630367
343,-0.04663086
344,-0.035064697
345,-0.04638672
346,-0.037902825
347,-0.04196167
348,-0.024963379
349,-0.025115974
350,-0.013153069
351,-0.008331306
352,0.00079345703
353,0.008483864
354,0.0068664625
355,0.01962278
356,0.02420044
357,0.034362808
358,0.034057617
359,0.04321287
360,0.04064943
361,0.039489746
362,0.026123032
363,0.01763916
364,0.0096435575
365,-0.0058288593
366,-0.021118162
367,-0.024566645
368,-0.030059813
369,-0.03344727
370,-0.03640749
371,-0.027526852
372,-0.01733398
373,0.0005187951
374,0.0163269
375,0.02960207
376,0.03692628
377,0.048400886
378,0.04443359
379,0.045989998
380,0.034149177
381,0.04367066
382,0.033203118
383,0.041076664
384,0.041046143
385,0.052825898
386,0.04141234
387,0.026885994
388,0.011535615
389,0.027374238
390,0.04373172
391,0.016998291
392,-0.012908965
393,0.001251176
394,0.00088500977
395,-0.036376953
396,-0.06942751
397,-0.058258098
398,-0.05029299
399,-0.040527362
400,-0.057220455
401,-0.059356708
402,-0.07543945
403,-0.06689453
404,-0.06655882
405,-0.05969239
406,-0.065368645
407,-0.06854249
408,0.0003662184
409,-0.032379135
410,-0.07174684
411,-0.028289765
412,0.016387984
413,-0.010559067
414,-0.009460464
415,-0.018127412
416,-0.008392319
417,0.0030822605
418,0.004119858
419,0.009521455
420,0.020202622
421,0.03259276
422,0.038360566
423,0.03976441
424,0.031890877
425,0.037261933
426,0.03591919
427,0.041534446
428,0.038360562
429,0.04623413
430,0.05319214
431,0.06088257
432,0.064575195
433,0.067535415
434,0.072082505
435,0.06982422
436,0.06317139
437,0.053192124
438,0.042816162
439,0.025848404
440,-0.0111694485
441,-0.039916977
442,-0.050781205
443,-0.014526408
444,-0.034637477
445,-0.06365964
446,-0.00012208521
447,0.030639626
448,0.006744396
449,-0.017120354
450,-0.019653335
451,-0.009918187
452,-0.006652821
453,-0.03253174
454,-0.04736328
455,-0.038360607
456,-0.03201295
457,-0.059906002
458,-0.067077644
459,-0.0508423
460,-0.040954575
461,-0.04064942
462,-0.022308342
463,-0.004730217
464,0.0068359226
465,0.01373291
466,0.030578636
467,0.038238525
468,0.031433098
469,0.032928467
470,0.036102302
471,0.02563477
472,0.013702386
473,0.008850096
474,-0.001190187
475,-0.013122559
476,-0.011413573
477,-0.019531248
478,-0.020080568
479,-0.022735592
480,-0.01745605
481,-0.024261475
482,-0.020202633
483,-0.026519768
484,-0.028076153
485,-0.035919186
486,-0.034881596
487,-0.03204345
488,-0.027893089
489,-0.021057159
490,-0.013549805
491,0.0044861212
492,0.010955788
493,0.020172082
494,0.022399925
495,0.030822776
496,0.032379117
497,0.03405764
498,0.02841188
499,0.030120853
500,0.030914303
501,0.027954107
502,0.022460932
503,0.017059334
504,0.017547602
505,0.012664795
506,0.011627199
507,0.0050354
508,0.011169433
509,0.008239744
510,0.00961304
511,-0.001159667
512,0.0020141574
513,-0.0032958994
514,-0.0004272461
515,-0.0037231455
516,0.00042724423
517,0.0032348633
518,0.007446287
519,0.010070799
520,0.009521486
521,0.019500732
522,0.020263668
523,0.030609138
524,0.03161623
525,0.037139904
526,0.027313218
527,0.032653794
528,0.024353057
529,0.014221191
530,-0.00207524
531,0.002319336
532,-0.0062560737
533,-0.006164558
534,-0.008972183
535,0.0011291355
536,0.0026550442
537,0.016021729
538,0.0146179125
539,0.0122985765
540,0.0076293945
541,0.010345422
542,0.0051575005
543,0.0039062873
544,0.0021362156
545,0.005310066
546,0.0045471564
547,0.0015258491
548,-0.0048523024
549,-0.010009751
550,-0.014465332
551,-0.023407012
552,-0.029663093
553,-0.03793335
554,-0.03952029
555,-0.046020523
556,-0.04235839
557,-0.043457042
558,-0.032623306
559,-0.030639648
560,-0.019500732
561,-0.023864748
562,-0.017700195
563,-0.021118164
564,-0.01608276
565,-0.021118162
566,-0.02142334
567,-0.022674575
568,-0.02297974
569,-0.027984612
570,-0.029632576
571,-0.03015136
572,-0.025360115
573,-0.022888184
574,-0.017395005
575,-0.0038757548
576,0.008148186
577,0.011230469
578,0.015930168
579,0.01733397
580,0.01666259
581,0.009704582
582,0.0042114183
583,0.0039062276
584,0.0043335035
585,0.002777107
586,0.0061340407
587,0.0075988546
588,0.00695803
589,0.0051574893
590,0.00015256181
591,0.004699707
592,0.010864262
593,0.017547604
594,0.021118153
595,0.033752434
596,0.038085923
597,0.042572018
598,0.03271484
599,0.028717041
600,0.023529056
601,0.018524168
602,0.011810305
603,0.0070495605
604,0.0066833496
605,0.003906252
606,0.0033264142
607,0.0011596698
608,0.006286621
609,0.010284409
610,0.00839233
611,0.00939941
612,0.014038086
613,0.015594486
614,0.01019289
615,0.01089479
616,0.010040291
617,0.00885009
618,-0.00045774505
619,-0.0042419583
620,-0.002990719
621,-0.0050353855
622,-0.0065917894
623,0.0004577674
624,0.008514419
625,0.016571045
626,0.021057129
627,0.019683808
628,0.014709458
629,0.0035095066
630,-0.0070800856
631,-0.022552513
632,-0.028320312
633,-0.037048373
634,-0.034423813
635,-0.034606926
636,-0.032440193
637,-0.031524662
638,-0.02990722
639,-0.033538822
640,-0.03955079
641,-0.041717537
642,-0.04080201
643,-0.04214478
644,-0.046447758
645,-0.039062507
646,-0.032592766
647,-0.031036347
648,-0.029785156
649,-0.028564446
650,-0.028045624
651,-0.0323181
652,-0.027282685
653,-0.022766098
654,-0.017303467
655,-0.015777573
656,-0.012969986
657,-0.010955796
658,-0.013671875
659,-0.015716553
660,-0.013763428
661,-0.009674072
662,-0.006652817
663,0.0031432807
664,0.0076293796
665,0.012359619
666,0.013183579
667,0.017669678
668,0.020263687
669,0.025909439
670,0.03314212
671,0.0424805
672,0.04547122
673,0.048095748
674,0.049743645
675,0.048278823
676,0.04953006
677,0.04574585
678,0.048431426
679,0.047119156
680,0.05130005
681,0.05111694
682,0.05511476
683,0.052551266
684,0.05163573
685,0.04434204
686,0.042877212
687,0.036285393
688,0.030059814
689,0.02478028
690,0.024841323
691,0.026153564
692,0.027099624
693,0.023529038
694,0.017181367
695,0.01290895
696,0.0066833496
697,0.0018615574
698,-0.0029297024
699,-0.005065918
700,-0.008361846
701,-0.00598149
702,-0.009094253
703,-0.008758575
704,-0.011413604
705,-0.0121765435
706,-0.01367189
707,-0.008392334
708,-0.008300781
709,-0.0073242337
710,-0.013549775
711,-0.016418412
712,-0.021331787
713,-0.027648926
714,-0.035919175
715,-0.035247795
716,-0.032287616
717,-0.026458777
718,-0.020629864
719,-0.011779755
720,0.0013122521
721,0.007141117
722,0.009063743
723,0.011138909
724,0.015167229
725,0.015716568
726,0.024047852
727,0.029418923
728,0.03268434
729,0.03256225
730,0.027008057
731,0.018371582
732,0.011444099
733,-0.00051881373
734,-0.008972168
735,-0.015258804
736,-0.02243042
737,-0.029754646
738,-0.038848862
739,-0.04824829
740,-0.053161625
741,-0.06008911
742,-0.06408693
743,-0.07077028
744,-0.07525635
745,-0.08206177
746,-0.08352662
747,-0.09262084
748,-0.096069366
749,-0.0993347
750,-0.09832762
751,-0.10061644
752,-0.097228974
753,-0.09240723
754,-0.08395386
755,-0.07550046
756,-0.06365967
757,-0.049682558
758,-0.039916962
759,-0.03643781
760,-0.03317249
761,-0.024261504
762,-0.023132384
763,-0.027801543
764,-0.020568997
765,-0.003234923
766,0.008880854
767,0.030425876
768,0.07751438
769,0.12902847
770,0.17584226
771,0.24044782
772,0.32290652
773,0.38012707
774,0.41842648
775,0.45632946
776,0.5086975
777,0.5266418
778,0.5047606
779,0.48406994
780,0.47021484
781,0.39855945
782,0.27859497
783,0.148651
784,0.016540408
785,-0.1188966
786,-0.24191296
787,-0.34597814
788,-0.4305116
789,-0.4998777
790,-0.5483704
791,-0.590088
792,-0.6312865
793,-0.659851
794,-0.6660768
795,-0.6593933
796,-0.6515808
797,-0.63638294
798,-0.6246034
799,-0.61465466
800,-0.61090076
801,-0.59277296
802,-0.53750634
803,-0.4454651
804,-0.31616223
805,-0.1454469
806,0.05850196
807,0.26159716
808,0.43151844
809,0.57278407
810,0.67715466
811,0.736603
812,0.7835388
813,0.85449225
814,0.9440001
815,1.0340575
816,1.1169434
817,1.1834409
818,1.197693
819,1.1300659
820,0.96670544
821,0.7633667
822,0.5559082
823,0.32000732
824,0.0604856
825,-0.1795044
826,-0.39022827
827,-0.59570336
828,-0.7900698
829,-0.9651183
830,-1.0960083
831,-1.1804198
832,-1.2053527
833,-1.1610106
834,-1.0404967
835,-0.87130725
836,-0.6720886
837,-0.46197522
838,-0.26632714
839,-0.11010736
840,-0.0019226074
841,0.05734241
842,0.07568365
843,0.072113395
844,0.07595825
845,0.09262049
846,0.12738055
847,0.17868066
848,0.24676526
849,0.30935675
850,0.36489886
851,0.4100647
852,0.43453997
853,0.442688
854,0.4371643
855,0.41043097
856,0.3628235
857,0.30819696
858,0.25170898
859,0.20715341
860,0.17312628
861,0.14114374
862,0.12594593
863,0.118255764
864,0.11367804
865,0.10223365
866,0.103759885
867,0.10671997
868,0.11282349
869,0.124816895
870,0.14083868
871,0.14651477
872,0.13943481
873,0.11859149
874,0.08694464
875,0.048064947
876,0.0016480088
877,-0.051452518
878,-0.10562134
879,-0.15646368
880,-0.20831263
881,-0.25912464
882,-0.30584735
883,-0.3455504
884,-0.37438944
885,-0.39306653
886,-0.3979798
887,-0.38964826
888,-0.3659668
889,-0.32998663
890,-0.29040533
891,-0.25515753
892,-0.222229
893,-0.18878168
894,-0.15975964
895,-0.13598633
896,-0.110717595
897,-0.08102405
898,-0.052703798
899,-0.026306212
900,-0.0022277832
901,0.019744992
902,0.039764583
903,0.060424566
904,0.076934755
905,0.08966082
906,0.099731445
907,0.112975985
908,0.1191712
909,0.12570214
910,0.13204977
911,0.13998413
912,0.14639276
913,0.14697278
914,0.14373781
915,0.13967896
916,0.13290407
917,0.12606815
918,0.123809814
919,0.11926271
920,0.1167908
921,0.116027825
922,0.11291501
923,0.10464479
924,0.09719849
925,0.088256836
926,0.07608034
927,0.06201172
928,0.042511
929,0.020538345
930,0.002471894
931,-0.012268066
932,-0.027984634
933,-0.036773726
934,-0.041137725
935,-0.040832534
936,-0.042602554
937,-0.044799805
938,-0.041870117
939,-0.03900145
940,-0.039550766
941,-0.036102295
942,-0.028778046
943,-0.02590938
944,-0.02365113
945,-0.018218964
946,-0.015777573
947,-0.022888184
948,-0.02865602
949,-0.025848389
950,-0.020904534
951,-0.014770493
952,-0.008636482
953,-0.00094604865
954,0.0032959022
955,0.0057373084
956,-0.0013427809
957,-0.011718761
958,-0.019714348
959,-0.028106688
960,-0.040435806
961,-0.044982914
962,-0.050048828
963,-0.05935669
964,-0.058624253
965,-0.05014038
966,-0.03976442
967,-0.036956765
968,-0.031951882
969,-0.019622803
970,-0.010894783
971,-0.01950074
972,-0.029144257
973,-0.028503388
974,-0.024353027
975,-0.02716063
976,-0.027709961
977,-0.0177612
978,-0.0032348782
979,0.005371079
980,0.006408721
981,0.0068359077
982,0.0063171387
983,0.0011291504
984,-0.0034485161
985,-0.0025939792
986,0.005493149
987,0.018554673
988,0.030975357
989,0.045990005
990,0.05722049
991,0.06338505
992,0.06140136
993,0.0522461
994,0.040496856
995,0.031341553
996,0.019439682
997,0.008331299
998,0.0026550386
999,0.0017395001
1000,-0.0026855469
1001,-0.002685545
1002,0.0033264142
1003,0.010955812
1004,0.019256592
1005,0.028137207
1006,0.033935543
1007,0.040618896
1008,0.041656494
1009,0.0357361
1010,0.02490234
1011,0.0126647875
1012,0.0011291616
1013,-0.01040649
1014,-0.017150894
1015,-0.018646237
1016,-0.010681147
1017,-0.0050048865
1018,0.0001830943
1019,0.012023911
1020,0.023223862
1021,0.028045654
1022,0.037841797
1023,0.049041744
1024,0.054565452
1025,0.049896255
1026,0.041137725
1027,0.032745406
1028,0.026062012
1029,0.019439682
1030,0.008544952
1031,0.004394576
1032,0.007385239
1033,0.0057983696
1034,-0.0054015815
1035,-0.017120332
1036,-0.026184082
1037,-0.036621064
1038,-0.04327394
1039,-0.0453796
1040,-0.043121323
1041,-0.035125718
1042,-0.022125244
1043,-0.0101928525
1044,-0.0011291578
1045,0.010162372
1046,0.018615738
1047,0.02423098
1048,0.024719208
1049,0.02172853
1050,0.019287124
1051,0.013641328
1052,0.004730232
1053,-0.0046996623
1054,-0.00598146
1055,-0.006500244
1056,-0.006286606
1057,-0.011230484
1058,-0.00799562
1059,-0.0028380975
1060,-0.00781253
1061,-0.013061546
1062,-0.016784668
1063,-0.022460938
1064,-0.032531742
1065,-0.03393554
1066,-0.0366211
1067,-0.036071762
1068,-0.03738402
1069,-0.039093018
1070,-0.042358406
1071,-0.039733887
1072,-0.042144775
1073,-0.045654308
1074,-0.046295162
1075,-0.040924072
1076,-0.040985093
1077,-0.038207985
1078,-0.03555297
1079,-0.028228752
1080,-0.018524162
1081,-0.0036316141
1082,0.0058593825
1083,0.011810288
1084,0.020355187
1085,0.026123092
1086,0.02279666
1087,0.019561738
1088,0.018829346
1089,0.01879885
1090,0.015472427
1091,0.0124511495
1092,0.006927468
1093,-0.00085448846
1094,-0.013641346
1095,-0.020721443
1096,-0.023284912
1097,-0.021942154
1098,-0.024108917
1099,-0.020568833
1100,-0.015594453
1101,-0.009948708
1102,-0.0067138523
1103,-0.008026123
1104,-0.0082092285
1105,-0.005065903
1106,-0.0017394722
1107,0.0005493015
1108,0.0054626167
1109,0.009613022
1110,0.01693727
1111,0.025268562
1112,0.031402573
1113,0.030670166
1114,0.03286744
1115,0.0366211
1116,0.033996586
1117,0.028076183
1118,0.022583008
1119,0.015014637
1120,0.0086975
1121,0.0016174316
1122,-0.005004883
1123,-0.003967285
1124,0.0019226149
1125,0.008789066
1126,0.017333984
1127,0.023101812
1128,0.025451666
1129,0.026733395
1130,0.026306152
1131,0.0209961
1132,0.015869139
1133,0.011962891
1134,0.009796139
1135,0.0033874493
1136,0.005126953
1137,0.008178711
1138,0.004119873
1139,-0.008880615
1140,-0.012420654
1141,-0.01980591
1142,-0.031921387
1143,-0.038024902
1144,-0.033935547
1145,-0.030914309
1146,-0.022125244
1147,-0.008117676
1148,0.008331297
1149,0.02011108
1150,0.027221682
1151,0.030426025
1152,0.031433105
1153,0.028961184
1154,0.023498535
1155,0.0196228
1156,0.014709473
1157,0.009613037
1158,0.006225586
1159,0.0036315955
1160,0.005249016
1161,0.005401615
1162,0.007171642
1163,0.014190663
1164,0.025817886
1165,0.032135006
1166,0.03982544
1167,0.044830352
1168,0.04333497
1169,0.036102295
1170,0.024871856
1171,0.010711677
1172,0.0021667778
1173,-0.006530717
1174,-0.016113281
1175,-0.022644043
1176,-0.023437478
1177,-0.026702866
1178,-0.030181877
1179,-0.032867424
1180,-0.030792236
1181,-0.029754639
1182,-0.029357888
1183,-0.027557362
1184,-0.022491451
1185,-0.020935073
1186,-0.019409193
1187,-0.021331795
1188,-0.01889038
1189,-0.014587405
1190,-0.014068605
1191,-0.010650634
1192,-0.0045166025
1193,-0.0068359384
1194,-0.00704956
1195,-0.0041503916
1196,-0.0039978037
1197,-0.0063171387
1198,-0.002960205
1199,0.0029296875
1200,0.009735106
1201,0.028686527
1202,0.04544068
1203,0.053131104
1204,0.053924553
1205,0.054351795
1206,0.044494644
1207,0.0237732
1208,0.003936745
1209,-0.008972168
1210,-0.01544188
1211,-0.013092045
1212,-0.010498054
1213,-0.013519295
1214,-0.011840839
1215,-0.012664806
1216,-0.012451168
1217,-0.014862072
1218,-0.016693119
1219,-0.01516724
1220,-0.012268063
1221,-0.017639142
1222,-0.01651001
1223,-0.01684572
1224,-0.020385748
1225,-0.021789547
1226,-0.022644043
1227,-0.023803711
1228,-0.021240236
1229,-0.018249508
1230,-0.014465332
1231,-0.0088500995
1232,-0.00317383
1233,0.00073242374
1234,0.0049743634
1235,0.0073242188
1236,0.012329103
1237,0.015899656
1238,0.012573244
1239,0.00823975
1240,0.0039978027
1241,-0.0016479497
1242,-0.01019287
1243,-0.016723635
1244,-0.020965574
1245,-0.018585201
1246,-0.013031006
1247,-0.015106201
1248,-0.016571064
1249,-0.010955803
1250,-0.0064392164
1251,-0.0068664514
1252,-0.006713871
1253,-0.0044250526
1254,-0.0014038049
1255,-0.0018310286
1256,0.0039977916
1257,0.008483876
1258,0.00842287
1259,0.011596687
1260,0.0146484375
1261,0.015411366
1262,0.01040649
1263,0.007446289
1264,0.002014162
1265,0.00039672852
1266,-0.0024108887
1267,-0.0017089844
1268,-0.00039672665
1269,0.003021242
1270,-0.0025634766
1271,-0.0007629357
1272,0.0023498572
1273,0.0013122577
1274,-0.0033264142
1275,-0.0065612793
1276,-0.005065918
1277,-0.009399414
1278,-0.015869156
1279,-0.01733398
1280,-0.016723614
1281,-0.012481697
1282,-0.008026112
1283,-0.007232655
1284,-0.006256096
1285,-0.00238036
1286,0.000762932
1287,0.004486058
1288,0.006835941
1289,0.007995624
1290,0.012695309
1291,0.016601555
1292,0.01589964
1293,0.016174324
1294,0.019195542
1295,0.016296366
1296,0.012756346
1297,0.010894787
1298,0.0014648419
1299,-0.0122070275
1300,-0.019378671
1301,-0.022827163
1302,-0.02947998
1303,-0.034545906
1304,-0.03265381
1305,-0.028259277
1306,-0.023406968
1307,-0.01962278
1308,-0.0175476
1309,-0.015319817
1310,-0.010009773
1311,-0.0076904297
1312,-0.004180908
1313,0.0011596754
1314,0.011383027
1315,0.019897446
1316,0.0253601
1317,0.023040764
1318,0.025146466
1319,0.026397713
1320,0.023803711
1321,0.021301247
1322,0.024230964
1323,0.02337648
1324,0.017608639
1325,0.011535639
1326,0.010314947
1327,0.004272461
1328,0.0025634784
1329,0.004821783
1330,0.007904051
1331,0.015777588
1332,0.017913822
1333,0.020355226
1334,0.021453857
1335,0.019866943
1336,0.014526365
1337,0.016754152
1338,0.018646242
1339,0.019287117
1340,0.02301025
1341,0.027923595
1342,0.026885994
1343,0.025268547
1344,0.022064194
1345,0.015197746
1346,0.013580322
1347,0.017425552
1348,0.019775383
1349,0.02636718
1350,0.032196067
1351,0.035156265
1352,0.03488159
1353,0.03454593
1354,0.03665158
1355,0.039978012
1356,0.048431396
1357,0.055908203
1358,0.07821655
1359,0.14791876
1360,0.28240976
1361,0.38940442
1362,0.41278076
1363,0.41647333
1364,0.40740955
1365,0.32766712
1366,0.13861084
1367,-0.34536773
1368,-1.0257571
1369,-1.3298645
1370,-1.3895874
1371,-1.685944
1372,-1.6483154
1373,-1.0105591
1374,-0.37771642
1375,0.1340332
1376,0.5352174
1377,0.6760558
1378,0.6223142
1379,0.5299075
1380,0.43624896
1381,0.40682983
1382,0.39996344
1383,0.40716556
1384,0.44235212
1385,0.49960303
1386,0.5325011
1387,0.5216979
1388,0.4797973
1389,0.4248963
1390,0.3520813
1391,0.25625604
1392,0.1517638
1393,0.045410395
1394,-0.042388797
1395,-0.090789974
1396,-0.0919801
1397,-0.06436139
1398,-0.014038026
1399,0.043396026
1400,0.094207644
1401,0.11715686
1402,0.10659772
1403,0.06661987
1404,0.018188357
1405,-0.03613299
1406,-0.091155946
1407,-0.14334083
1408,-0.18643188
1409,-0.2260437
1410,-0.25497448
1411,-0.26953113
1412,-0.26330566
1413,-0.24075323
1414,-0.2070312
1415,-0.17196648
1416,-0.14511111
1417,-0.1315918
1418,-0.1383057
1419,-0.15576172
1420,-0.17126465
1421,-0.1643982
1422,-0.1557312
1423,-0.15109256
1424,-0.12564087
1425,-0.09597778
1426,-0.06472781
1427,-0.021697909
1428,0.007781923
1429,0.040924072
1430,0.11767584
1431,0.17987064
1432,0.20828243
1433,0.21347043
1434,0.18933102
1435,0.16198732
1436,0.14553834
1437,0.0996094
1438,0.035125725
1439,0.0015258789
1440,-0.01641845
1441,-0.050201397
1442,-0.09390262
1443,-0.13009644
1444,-0.15744017
1445,-0.18362425
1446,-0.21005248
1447,-0.24053949
1448,-0.27032462
1449,-0.29882807
1450,-0.30987543
1451,-0.29589838
1452,-0.25811785
1453,-0.20587164
1454,-0.13751215
1455,-0.06555194
1456,0.0036619902
1457,0.07217401
1458,0.1373902
1459,0.18975818
1460,0.2371214
1461,0.27978522
1462,0.31024176
1463,0.32891828
1464,0.34179682
1465,0.3421632
1466,0.3307191
1467,0.31234744
1468,0.28240967
1469,0.24618532
1470,0.21008298
1471,0.17666626
1472,0.1431275
1473,0.11697385
1474,0.09127796
1475,0.068725735
1476,0.047424376
1477,0.029357702
1478,0.009124786
1479,-0.010986298
1480,-0.029632539
1481,-0.048217893
1482,-0.06777945
1483,-0.0826416
1484,-0.095458955
1485,-0.11404422
1486,-0.12722778
1487,-0.13342288
1488,-0.13745117
1489,-0.14535533
1490,-0.14752194
1491,-0.13864136
1492,-0.13055421
1493,-0.12545778
1494,-0.11489868
1495,-0.099609375
1496,-0.08331299
1497,-0.06845093
1498,-0.055114746
1499,-0.04339601
1500,-0.03482054
1501,-0.027069077
1502,-0.02703859
1503,-0.023559555
1504,-0.01739502
1505,-0.012359604
1506,-0.012023941
1507,-0.008728042
1508,-0.0067749023
1509,-0.0074158013
1510,-0.010528579
1511,-0.0065612793
1512,-0.0045166314
1513,-0.00302127
1514,0.0034485161
1515,0.008544892
1516,0.010253906
1517,0.013916045
1518,0.019317612
1519,0.023468032
1520,0.028289825
1521,0.03668213
1522,0.042816177
1523,0.046844482
1524,0.0513916
1525,0.05212403
1526,0.052886978
1527,0.05374148
1528,0.05096437
1529,0.050109856
1530,0.04934694
1531,0.052856453
1532,0.05230712
1533,0.046997048
1534,0.046966556
1535,0.05282594
1536,0.039886482
1537,0.03067018
1538,0.031219505
1539,0.028625533
1540,0.019256592
1541,0.017089792
1542,0.013885513
1543,0.013641402
1544,0.007995591
1545,0.0049743503
1546,0.004119903
1547,0.0014953613
1548,0.0010375828
1549,0.00491333
1550,0.007598892
1551,0.006011948
1552,0.008056626
1553,0.009674072
1554,0.009155259
1555,0.009552002
1556,0.012603745
1557,0.01278688
1558,0.008026123
1559,0.003478989
1560,-0.0043029785
1561,-0.0131225735
1562,-0.024291992
1563,-0.035736114
1564,-0.042236343
1565,-0.04321289
1566,-0.044921905
1567,-0.042541496
1568,-0.03613279
1569,-0.026214592
1570,-0.02218628
1571,-0.019775383
1572,-0.01641845
1573,-0.012390111
1574,-0.015441891
1575,-0.01934813
1576,-0.02688596
1577,-0.03253174
1578,-0.038726818
1579,-0.044677723
1580,-0.04953002
1581,-0.04827881
1582,-0.042510994
1583,-0.034820545
1584,-0.02798462
1585,-0.020965576
1586,-0.014984131
1587,-0.009796128
1588,-0.007568367
1589,-0.007019043
1590,-0.0069885254
1591,-0.0030212477
1592,0.0010070652
1593,-0.00033567846
1594,0.00015261024
1595,0.0024413988
1596,-0.0014648438
1597,-0.00036619604
1598,0.002288811
1599,0.0033874586
1600,0.0024719313
1601,0.00485228
1602,0.0039672554
1603,0.0038146973
1604,-0.0010681115
1605,-0.0033874288
1606,-0.0011902079
1607,0.00027465075
1608,0.0005188063
1609,0.0038452297
1610,0.0075988695
1611,0.007995632
1612,0.0093688965
1613,0.008392349
1614,0.005035408
1615,0.0041503944
1616,0.0031127632
1617,9.156391e-05
1618,0.0012207292
1619,0.0044860803
1620,0.0068664365
1621,0.0059509277
1622,0.0036926419
1623,0.0023498386
1624,0.0008849837
1625,-0.0047607534
1626,-0.0071716085
1627,-0.00042726845
1628,0.0061645173
1629,0.008605976
1630,0.012542721
1631,0.01794431
1632,0.017883297
1633,0.019287117
1634,0.021942124
1635,0.02447509
1636,0.024475096
1637,0.024200443
1638,0.024139402
1639,0.02075195
1640,0.012298584
1641,0.00665283
1642,0.0043640137
1643,0.0009155255
1644,-0.0013122577
1645,-0.005401613
1646,-0.005218506
1647,-0.002746583
1648,-0.0018615723
1649,-0.0018310514
1650,0.001220704
1651,0.003753664
1652,0.0074768076
1653,0.008117677
1654,0.0047607403
1655,0.005065916
1656,0.0034484863
1657,-0.0009765644
1658,-0.006408697
1659,-0.0111084
1660,-0.011383058
1661,-0.009277347
1662,-0.004547121
1663,0.0020751948
1664,0.010009766
1665,0.014526365
1666,0.016693115
1667,0.0148010235
1668,0.012542725
1669,0.01184082
1670,0.0132751465
1671,0.009521484
1672,0.00918578
1673,0.010986328
1674,0.014556892
1675,0.013916012
1676,0.013763405
1677,0.015380874
1678,0.016235352
1679,0.0134277195
1680,0.010406502
1681,0.0063476637
1682,0.004241936
1683,0.0040588602
1684,0.002929695
1685,0.0025939718
1686,0.005188003
1687,0.010253929
1688,0.009796128
1689,0.0076293647
1690,0.009674095
1691,0.011260986
1692,0.007019043
1693,0.004760742
1694,0.0018005371
1695,0.0012512505
1696,0.0022583008
1697,0.0049438477
1698,0.009155266
1699,0.018463142
1700,0.029022217
1701,0.03295897
1702,0.030975357
1703,0.027496353
1704,0.018737778
1705,0.007659942
1706,-0.0022888184
1707,-0.014709473
1708,-0.028381318
1709,-0.03659056
1710,-0.04754643
1711,-0.056671128
1712,-0.063384965
1713,-0.06726077
1714,-0.06884766
1715,-0.069000214
1716,-0.06781006
1717,-0.06463626
1718,-0.060363773
1719,-0.05242919
1720,-0.04763793
1721,-0.039733894
1722,-0.032409668
1723,-0.02606199
1724,-0.021942146
1725,-0.017333977
1726,-0.014495857
1727,-0.011657685
1728,-0.0108947605
1729,-0.008514389
1730,-0.008026138
1731,-0.008453354
1732,-0.008026108
1733,-0.0063171536
1734,-0.0076294392
1735,-0.009124771
1736,-0.010223433
1737,-0.007782012
1738,-0.0068970025
1739,-0.0047302544
1740,-0.003753677
1741,-0.0032653809
1742,-0.00079344213
1743,0.004425049
1744,0.0070495754
1745,0.00781253
1746,0.014465347
1747,0.02230838
1748,0.025787383
1749,0.028015152
1750,0.032073975
1751,0.033508316
1752,0.029815659
1753,0.02532959
1754,0.021850564
1755,0.018188488
1756,0.015350327
1757,0.014770504
1758,0.010955822
1759,0.004913334
1760,0.0040588193
1761,0.0036621056
1762,-0.0023803487
1763,-0.0016784631
1764,0.0036315955
1765,0.007904038
1766,0.011932388
1767,0.019287113
1768,0.022674557
1769,0.02185058
1770,0.022033693
1771,0.022338863
1772,0.020904545
1773,0.018096924
1774,0.014617917
1775,0.010772704
1776,0.0090026865
1777,0.0032043462
1778,-0.0023193397
1779,-0.00036621
1780,0.0032958998
1781,0.0013732901
1782,0.0011291504
1783,0.0008239746
1784,-0.005767823
1785,-0.012420653
1786,-0.014892576
1787,-0.019073486
1788,-0.022338867
1789,-0.017639162
1790,-0.012756348
1791,-0.008270266
1792,-0.004974369
1793,0.00021362305
1794,-0.00021362491
1795,-0.0017089881
1796,-0.002746584
1797,-0.0028991718
1798,-0.0059509296
1799,-0.0032043476
1800,0.00027465634
1801,0.0021972656
1802,0.003112791
1803,0.0071105957
1804,0.008575439
1805,0.008880613
1806,0.008270264
1807,0.014007568
1808,0.020446777
1809,0.02307129
1810,0.023529053
1811,0.023254396
1812,0.020874023
1813,0.01818848
1814,0.01788331
1815,0.021484375
1816,0.027282707
1817,0.029754616
1818,0.032623302
1819,0.03430175
1820,0.033843994
1821,0.03213501
1822,0.032073975
1823,0.030273438
1824,0.03024295
1825,0.03149411
1826,0.028381318
1827,0.021881118
1828,0.016601562
1829,0.00894165
1830,0.00195314
1831,-0.001739502
1832,-0.006713867
1833,-0.0095214695
1834,-0.010131851
1835,-0.0134887695
1836,-0.016235322
1837,-0.015991211
1838,-0.018768296
1839,-0.02319333
1840,-0.021453857
1841,-0.020690933
1842,-0.0195923
1843,-0.017181404
1844,-0.018219002
1845,-0.020904548
1846,-0.022552513
1847,-0.028076164
1848,-0.032501224
1849,-0.032592803
1850,-0.031555183
1851,-0.027282696
1852,-0.020599362
1853,-0.021575933
1854,-0.023681639
1855,-0.020477297
1856,-0.0196228
1857,-0.02276611
1858,-0.02554321
1859,-0.026092526
1860,-0.024353024
1861,-0.02297974
1862,-0.017333977
1863,-0.0066223107
1864,0.004943829
1865,0.014495846
1866,0.02557373
1867,0.029907214
1868,0.033111565
1869,0.031494144
1870,0.029876702
1871,0.028015139
1872,0.026397707
1873,0.020172123
1874,0.012969978
1875,0.009765618
1876,0.0032653809
1877,-0.007293705
1878,-0.013183601
1879,-0.01736451
1880,-0.025299072
1881,-0.03411866
1882,-0.039459232
1883,-0.046386726
1884,-0.052093513
1885,-0.054443352
1886,-0.055450443
1887,-0.058349617
1888,-0.05880738
1889,-0.058654755
1890,-0.06393431
1891,-0.06997679
1892,-0.071777344
1893,-0.07040408
1894,-0.06521608
1895,-0.05999756
1896,-0.04827881
1897,-0.031402588
1898,-0.019256592
1899,-0.009643555
1900,0.0020141304
1901,0.010406494
1902,0.020935059
1903,0.033966005
1904,0.044921845
1905,0.052856475
1906,0.05804439
1907,0.062042207
1908,0.05953981
1909,0.056884795
1910,0.04901123
1911,0.052490234
1912,0.06085206
1913,0.06976322
1914,0.0718384
1915,0.07693484
1916,0.08798219
1917,0.09222412
1918,0.080841094
1919,0.069488525
1920,0.0635986
1921,0.05212404
1922,0.04244998
1923,0.037139878
1924,0.02917479
1925,0.021392837
1926,0.014007568
1927,0.0019836575
1928,-0.00964357
1929,-0.018127471
1930,-0.024169937
1931,-0.025909424
1932,-0.02828984
1933,-0.029541016
1934,-0.0254822
1935,-0.021026619
1936,-0.0164795
1937,-0.010681167
1938,-0.005371101
1939,-0.0021667555
1940,0.0045776293
1941,0.010192886
1942,0.010650635
1943,0.013610825
1944,0.01947023
1945,0.024292007
1946,0.02554322
1947,0.025787368
1948,0.026000991
1949,0.025848374
1950,0.025238022
1951,0.024291977
1952,0.023132294
1953,0.02456662
1954,0.024871826
1955,0.02230835
1956,0.01745604
1957,0.01461792
1958,0.011291519
1959,0.0052185208
1960,-0.0014343262
1961,-0.004760742
1962,-0.0116577
1963,-0.019958466
1964,-0.027618408
1965,-0.030395523
1966,-0.03488159
1967,-0.0356445
1968,-0.03805545
1969,-0.037078872
1970,-0.036437996
1971,-0.03732299
1972,-0.039916985
1973,-0.03546142
1974,-0.030517586
1975,-0.028533928
1976,-0.025299069
1977,-0.019287117
1978,-0.017425548
1979,-0.018829342
1980,-0.018981943
1981,-0.01953127
1982,-0.02285767
1983,-0.02334594
1984,-0.024719238
1985,-0.027709961
1986,-0.02941894
1987,-0.029327385
1988,-0.027862553
1989,-0.027374275
1990,-0.027496338
1991,-0.024841309
1992,-0.02255252
1993,-0.020416282
1994,-0.017242432
1995,-0.01473999
1996,-0.013153069
1997,-0.00970459
1998,-0.00772094
1999,-0.010589607
2000,-0.013427734
2001,-0.014007561
2002,-0.0152587965
2003,-0.016235366
2004,-0.018798843
2005,-0.01760862
2006,-0.01556398
2007,-0.012603775
2008,-0.008117676
2009,-0.0053100586
2010,-0.0021362454
2011,0.00091554224
2012,-0.0005493313
2013,-0.0027770847
2014,-0.0064697117
2015,-0.00863646
2016,-0.009277359
2017,-0.013000503
2018,-0.017669648
2019,-0.018493667
2020,-0.017303482
2021,-0.011962876
2022,-0.0049438477
2023,0.0045166165
2024,0.018218994
2025,0.03247069
2026,0.038787857
2027,0.04284671
2028,0.048553452
2029,0.04519651
2030,0.04077149
2031,0.036346436
2032,0.036102295
2033,0.032714836
2034,0.028839104
2035,0.025115974
2036,0.022979744
2037,0.021362312
2038,0.014740005
2039,0.0071411207
2040,0.004760744
2041,0.0013732892
2042,-0.0021362323
2043,-0.0006103497
2044,0.0011291485
2045,-0.0016479511
2046,0.0009155255
2047,0.0050964337
2048,0.008636475
2049,0.011352537
2050,0.015472408
2051,0.01651001
2052,0.014373779
2053,0.010406494
2054,0.00582886
2055,-0.00039672805
2056,-0.011444094
2057,-0.01296997
2058,-0.011596678
2059,-0.0119628925
2060,-0.009857178
2061,-0.0037231445
2062,0.0016784631
2063,0.008483887
2064,0.014312744
2065,0.017028807
2066,0.019805908
2067,0.021087646
2068,0.017944338
2069,0.014862061
2070,0.011108398
2071,0.006713869
2072,0.005279543
2073,0.0053100567
2074,0.00680542
2075,0.012268081
2076,0.016784675
2077,0.020172123
2078,0.021392815
2079,0.019989006
2080,0.017791726
2081,0.014251694
2082,0.011749264
2083,0.0116577
2084,0.009857178
2085,0.007659927
2086,0.011505127
2087,0.013092056
2088,0.011016861
2089,0.006561257
2090,0.010284446
2091,0.011993423
2092,0.0032959133
2093,0.0006103441
2094,0.004394509
2095,-9.1567636e-05
2096,-0.0028991625
2097,0.0019836351
2098,-0.0010070801
2099,-0.0023498833
2100,0.004058838
2101,0.0017395169
2102,-0.008331299
2103,-0.007019043
2104,-0.007934578
2105,-0.016387947
2106,-0.014587402
2107,-0.018524177
2108,-0.02279663
2109,-0.016479485
2110,-0.017333977
2111,-0.02258299
2112,-0.022338867
2113,-0.01879881
2114,-0.016510013
2115,-0.016540524
2116,-0.00814819
2117,-0.002288822
2118,0.0057372972
2119,0.014984131
2120,0.02212524
2121,0.023834236
2122,0.033752434
2123,0.03326416
2124,0.033752434
2125,0.038696267
2126,0.030364983
2127,0.020141587
2128,0.01934813
2129,0.005767815
2130,-0.0061340183
2131,-0.0056762397
2132,-0.021789536
2133,-0.034027085
2134,-0.036621064
2135,-0.056426972
2136,-0.074127175
2137,-0.08282469
2138,-0.0975952
2139,-0.109954834
2140,-0.10830689
2141,-0.109619126
2142,-0.11193848
2143,-0.10607912
2144,-0.100036636
2145,-0.09591676
2146,-0.0854187
2147,-0.07650757
2148,-0.072265625
2149,-0.06536865
2150,-0.055267394
2151,-0.048980772
2152,-0.04623416
2153,-0.048675418
2154,-0.05520633
2155,-0.062530726
2156,-0.061431736
2157,-0.066375524
2158,-0.06781024
2159,-0.045196712
2160,-0.013213992
2161,0.038207978
2162,0.103118956
2163,0.17163074
2164,0.25851437
2165,0.3665772
2166,0.44924942
2167,0.5033568
2168,0.5559387
2169,0.61087024
2170,0.6344298
2171,0.6102296
2172,0.5755919
2173,0.53659034
2174,0.45526123
2175,0.32177746
2176,0.17538428
2177,0.027313232
2178,-0.118652344
2179,-0.25369275
2180,-0.37246728
2181,-0.47225964
2182,-0.5553894
2183,-0.6207272
2184,-0.67761207
2185,-0.71313477
2186,-0.72802734
2187,-0.74554425
2188,-0.7563782
2189,-0.74636835
2190,-0.7419435
2191,-0.74105823
2192,-0.7317505
2193,-0.7131349
2194,-0.6697997
2195,-0.59619164
2196,-0.48611474
2197,-0.34347534
2198,-0.17416406
2199,0.053405285
2200,0.29244947
2201,0.481781
2202,0.6150514
2203,0.7271422
2204,0.7931516
2205,0.8061221
2206,0.80090344
2207,0.8284609
2208,0.9009399
2209,1.0002747
2210,1.1084595
2211,1.2070618
2212,1.2635802
2213,1.2588502
2214,1.1765747
2215,1.0465698
2216,0.88156104
2217,0.670166
2218,0.42480445
2219,0.1956172
2220,-0.032592535
2221,-0.28997827
2222,-0.5700686
2223,-0.84704566
2224,-1.1108088
2225,-1.3450012
2226,-1.5261838
2227,-1.6363522
2228,-1.6517942
2229,-1.5731812
2230,-1.4113466
2231,-1.182892
2232,-0.9141542
2233,-0.64056396
2234,-0.38851893
2235,-0.1704098
2236,0.0018005371
2237,0.12484765
2238,0.20556676
2239,0.24774182
2240,0.26382446
2241,0.26678467
2242,0.269104
2243,0.27590942
2244,0.29693604
2245,0.33712804
2246,0.40008557
2247,0.4701537
2248,0.5314332
2249,0.5737002
2250,0.5907289
2251,0.5799866
2252,0.54016125
2253,0.47995007
2254,0.40310675
2255,0.32614142
2256,0.26321414
2257,0.21118158
2258,0.17413354
2259,0.14999384
2260,0.14062506
2261,0.14413446
2262,0.15350342
2263,0.15457165
2264,0.16571021
2265,0.17645264
2266,0.16809076
2267,0.15136695
2268,0.12933344
2269,0.09259021
2270,0.04980433
2271,-0.0075379014
2272,-0.07458508
2273,-0.13302612
2274,-0.19137615
2275,-0.25048858
2276,-0.30407727
2277,-0.35565186
2278,-0.4042055
2279,-0.44421417
2280,-0.48205566
2281,-0.5039366
2282,-0.5010682
2283,-0.4815675
2284,-0.44940186
2285,-0.39425647
2286,-0.3243714
2287,-0.25717163
2288,-0.19320679
2289,-0.1347962
2290,-0.08343518
2291,-0.03805554
2292,-0.004821837
2293,0.019622743
2294,0.042205572
2295,0.05847156
2296,0.074157774
2297,0.086150885
2298,0.09182733
2299,0.09991461
2300,0.11373907
2301,0.12741083
2302,0.13906878
2303,0.15164196
2304,0.1627196
2305,0.16888434
2306,0.17129534
2307,0.1681518
2308,0.16699211
2309,0.16882329
2310,0.16943361
2311,0.17098999
2312,0.17929074
2313,0.17843626
2314,0.1711426
2315,0.16296388
2316,0.1482544
2317,0.12197876
2318,0.09765625
2319,0.073394775
2320,0.04928589
2321,0.03125
2322,0.017211914
2323,0.0056152344
2324,-0.0016784668
2325,-0.012451202
2326,-0.028259277
2327,-0.045318604
2328,-0.061767608
2329,-0.08178711
2330,-0.09539795
2331,-0.102050796
2332,-0.102569565
2333,-0.09762569
2334,-0.082977325
2335,-0.07354738
2336,-0.06320189
2337,-0.051269546
2338,-0.039978042
2339,-0.036590554
2340,-0.033447266
2341,-0.031646743
2342,-0.027740479
2343,-0.023712166
2344,-0.02078247
2345,-0.015319824
2346,-0.0025329613
2347,0.0021667485
2348,0.004486086
2349,0.0144348135
2350,0.023284916
2351,0.026062023
2352,0.028350838
2353,0.029724114
2354,0.03219604
2355,0.02444458
2356,0.015930176
2357,0.0025024228
2358,-0.013427757
2359,-0.029998783
2360,-0.03790281
2361,-0.04827881
2362,-0.051513683
2363,-0.054168694
2364,-0.0566101
2365,-0.051452637
2366,-0.045166023
2367,-0.0423584
2368,-0.038360573
2369,-0.03140261
2370,-0.019958481
2371,-0.0059204027
2372,0.007537827
2373,0.026672363
2374,0.038238548
2375,0.041259736
2376,0.046234123
2377,0.041564956
2378,0.029174812
2379,0.015960695
2380,0.0031128023
2381,-0.0035095196
2382,-0.005493162
2383,-0.007537842
2384,-0.005645752
2385,-0.004333496
2386,-0.005493164
2387,-0.006164551
2388,-0.008850079
2389,-0.011413574
2390,-0.009033196
2391,-0.0023498572
2392,0.0050964393
2393,0.008575436
2394,0.012573242
2395,0.018432599
2396,0.021240227
2397,0.014221186
2398,0.007446291
2399,-0.0027770987
2400,-0.007507324
2401,-0.010955811
2402,-0.019165039
2403,-0.020629887
2404,-0.0074157678
2405,0.0074157827
2406,0.024902333
2407,0.035949707
2408,0.04040529
2409,0.04315186
2410,0.033660877
2411,0.012329102
2412,-0.0065002423
2413,-0.024841305
2414,-0.038299564
2415,-0.044403076
2416,-0.04458618
2417,-0.03512572
2418,-0.015930176
2419,-0.00488282
2420,0.012939449
2421,0.026702907
2422,0.030334465
2423,0.027923562
2424,0.02374268
2425,0.010437027
2426,0.0034484835
2427,-0.0025329585
2428,-0.009246826
2429,-0.0038146963
2430,-0.0023193369
2431,-0.0011901855
2432,0.003417972
2433,0.0073547377
2434,0.008331299
2435,0.018585209
2436,0.025268555
2437,0.030487055
2438,0.02896118
2439,0.022247318
2440,0.019561775
2441,0.012054428
2442,0.00082398206
2443,-0.0052795485
2444,-0.005096428
2445,-0.0020446703
2446,0.0022583008
2447,-0.0063476637
2448,-0.012298565
2449,-0.016326908
2450,-0.024566665
2451,-0.03601075
2452,-0.038940426
2453,-0.039001465
2454,-0.034729004
2455,-0.037109375
2456,-0.028228752
2457,-0.019195564
2458,-0.010986332
2459,-0.005584702
2460,0.0011291392
2461,0.006408684
2462,0.013732918
2463,0.017120365
2464,0.017395023
2465,0.0171814
2466,0.02178955
2467,0.029693617
2468,0.026306156
2469,0.016998287
2470,0.012237551
2471,0.0011291523
2472,-0.018829346
2473,-0.035522457
2474,-0.042419426
2475,-0.039916985
2476,-0.027923577
2477,-0.014709469
2478,0.0012817308
2479,0.01986694
2480,0.026062015
2481,0.022979718
2482,0.014953602
2483,0.0016479548
2484,-0.015991202
2485,-0.026489265
2486,-0.033447266
2487,-0.037139885
2488,-0.031433105
2489,-0.0138549805
2490,0.000579834
2491,0.0147705
2492,0.023468018
2493,0.03570556
2494,0.04028318
2495,0.033264145
2496,0.024230959
2497,0.021209719
2498,0.013427734
2499,0.008087157
2500,0.006439212
2501,0.0039367713
2502,0.010162354
2503,0.008789059
2504,0.0040893545
2505,0.0010681162
2506,0.0030822773
2507,-0.0015258803
2508,-0.0067443857
2509,-0.013092041
2510,-0.013458251
2511,-0.012298583
2512,-0.015808104
2513,-0.017700197
2514,-0.012786867
2515,-0.008514404
2516,-0.0023498554
2517,0.0048217755
2518,0.011688231
2519,0.01864624
2520,0.025390625
2521,0.024475096
2522,0.023620604
2523,0.019226074
2524,0.0178833
2525,0.01922608
2526,0.019409185
2527,0.021850586
2528,0.034027085
2529,0.0420227
2530,0.04376222
2531,0.041717514
2532,0.03710936
2533,0.024597198
2534,0.011352554
2535,-0.006591812
2536,-0.023284882
2537,-0.034454346
2538,-0.044952363
2539,-0.049194325
2540,-0.050506596
2541,-0.051696777
2542,-0.04547117
2543,-0.030944824
2544,-0.021881111
2545,-0.014312745
2546,-0.0065307627
2547,-0.0035705566
2548,0.0021972656
2549,0.0022277832
2550,0.0048828106
2551,0.0043029767
2552,0.0078124977
2553,0.007720949
2554,0.009002687
2555,0.011260984
2556,0.014617919
2557,0.01904297
2558,0.017517095
2559,0.018737799
2560,0.018585213
2561,0.01690673
2562,0.011962891
2563,0.008941654
2564,0.0076904222
2565,0.009948716
2566,0.016571056
2567,0.022583
2568,0.029602043
2569,0.036193866
2570,0.04284668
2571,0.044067375
2572,0.038696304
2573,0.02853395
2574,0.016265854
2575,0.0037841797
2576,-0.011016861
2577,-0.023620605
2578,-0.030303955
2579,-0.033020027
2580,-0.030822769
2581,-0.027709939
2582,-0.028655991
2583,-0.028350834
2584,-0.027679455
2585,-0.0328064
2586,-0.03961184
2587,-0.047332764
2588,-0.05657957
2589,-0.057678223
2590,-0.056457527
2591,-0.05975341
2592,-0.05642701
2593,-0.043396004
2594,-0.029357888
2595,-0.017974876
2596,-0.0073242337
2597,0.0011291653
2598,0.007141106
2599,0.009216286
2600,0.0020141602
2601,-0.006866455
2602,-0.010620132
2603,-0.012420647
2604,-0.014526375
2605,-0.010345459
2606,-0.0075073466
2607,0.00067139417
2608,0.012756355
2609,0.022186294
2610,0.022399873
2611,0.028503418
2612,0.031494174
2613,0.032501202
2614,0.031066883
2615,0.027160645
2616,0.028045662
2617,0.03167724
2618,0.028778076
2619,0.027404785
2620,0.029235847
2621,0.029968258
2622,0.0319519
2623,0.031707756
2624,0.032348633
2625,0.034118667
2626,0.03378297
2627,0.02615355
2628,0.012268096
2629,0.0033264458
2630,-0.0045166016
2631,-0.015167236
2632,-0.025482174
2633,-0.02749633
2634,-0.025726315
2635,-0.02218629
2636,-0.022033693
2637,-0.022644034
2638,-0.020874022
2639,-0.017395021
2640,-0.017486572
2641,-0.02166748
2642,-0.020996092
2643,-0.014587401
2644,-0.0033264179
2645,0.003265379
2646,0.007995605
2647,0.016357422
2648,0.025360104
2649,0.026245115
2650,0.022094727
2651,0.016662596
2652,0.013305666
2653,0.011962887
2654,0.012359612
2655,0.010437004
2656,0.011962891
2657,0.014892578
2658,0.013793938
2659,0.0049438477
2660,-0.0062560886
2661,-0.013732906
2662,-0.020813007
2663,-0.023620605
2664,-0.02304077
2665,-0.014617922
2666,-0.0028381385
2667,0.008972166
2668,0.013366707
2669,0.013977058
2670,0.010559078
2671,0.0058288574
2672,0.00027466565
2673,-0.009399418
2674,-0.01727296
2675,-0.021179197
2676,-0.020843504
2677,-0.026580812
2678,-0.035369873
2679,-0.040740967
2680,-0.04055786
2681,-0.037384033
2682,-0.03674316
2683,-0.034332275
2684,-0.024444569
2685,-0.014526378
2686,-0.011505142
2687,-0.010223359
2688,-0.008728027
2689,-0.008087203
2690,-0.00573729
2691,-0.007019013
2692,-0.00793457
2693,-0.0046692193
2694,-0.0007018596
2695,0.0017090067
2696,0.0019225851
2697,0.002899155
2698,0.0040893853
2699,0.004974343
2700,-0.0004883036
2701,-0.006408669
2702,-0.0072326735
2703,-0.0033569708
2704,-0.002716042
2705,-0.005065903
2706,-0.004608169
2707,-0.0041504055
2708,-0.002777122
2709,-0.002349861
2710,-0.0021057352
2711,0.0036010593
2712,0.011383027
2713,0.015106171
2714,0.017700203
2715,0.018981926
2716,0.02166745
2717,0.026519775
2718,0.028625507
2719,0.029632557
2720,0.031494137
2721,0.031646747
2722,0.029388428
2723,0.02859496
2724,0.02264404
2725,0.020751953
2726,0.020721434
2727,0.022003176
2728,0.019104006
2729,0.023529058
2730,0.030029297
2731,0.035583492
2732,0.038818352
2733,0.041473396
2734,0.041778557
2735,0.042083733
2736,0.039886475
2737,0.036560044
2738,0.03665161
2739,0.03710936
2740,0.03738402
2741,0.0385437
2742,0.035003632
2743,0.032409668
2744,0.034057632
2745,0.039001465
2746,0.044067383
2747,0.052276626
2748,0.06512451
2749,0.07601929
2750,0.08081055
2751,0.08294681
2752,0.08395386
2753,0.09732059
2754,0.13284293
2755,0.18499768
2756,0.23953238
2757,0.29998755
2758,0.36492926
2759,0.35928345
2760,0.24343848
2761,0.054168522
2762,-0.09237683
2763,-0.65649414
2764,-1.3440859
2765,-1.5187991
2766,-1.6105956
2767,-1.817688
2768,-1.4668577
2769,-0.8417053
2770,-0.2831118
2771,0.22760034
2772,0.5405277
2773,0.6062622
2774,0.57885754
2775,0.53970337
2776,0.54830885
2777,0.5951232
2778,0.65429723
2779,0.7369689
2780,0.8090514
2781,0.8219911
2782,0.771698
2783,0.68664527
2784,0.57629395
2785,0.46218872
2786,0.34735096
2787,0.2210083
2788,0.0932008
2789,-0.014922738
2790,-0.096557856
2791,-0.14376855
2792,-0.16622913
2793,-0.17114258
2794,-0.16329992
2795,-0.1439513
2796,-0.13470441
2797,-0.14334118
2798,-0.16201794
2799,-0.18243384
2800,-0.20440677
2801,-0.21975723
2802,-0.21743792
2803,-0.19528192
2804,-0.17797858
2805,-0.18865976
2806,-0.18820204
2807,-0.16992189
2808,-0.17468262
2809,-0.19699095
2810,-0.16625977
2811,-0.099029556
2812,-0.04989624
2813,-0.011138901
2814,0.028778076
2815,0.035247788
2816,0.0023193434
2817,-0.042907707
2818,-0.09408569
2819,-0.13922118
2820,-0.17190549
2821,-0.18688965
2822,-0.18499756
2823,-0.17059332
2824,-0.160492
2825,-0.14849854
2826,-0.12438971
2827,-0.0939942
2828,-0.07574457
2829,-0.076049805
2830,-0.08215338
2831,-0.084258795
2832,-0.07916254
2833,-0.064544916
2834,-0.03619373
2835,0.0010377765
2836,0.0400694
2837,0.08099347
2838,0.12060547
2839,0.15185541
2840,0.1756286
2841,0.19674653
2842,0.2105102
2843,0.21344012
2844,0.21371454
2845,0.22140485
2846,0.22869878
2847,0.22787489
2848,0.22738642
2849,0.2305603
2850,0.22125244
2851,0.19961548
2852,0.17654416
2853,0.15316781
2854,0.13198861
2855,0.11883551
2856,0.10482785
2857,0.09460461
2858,0.09246844
2859,0.09732038
2860,0.09808335
2861,0.08767715
2862,0.07864389
2863,0.06637555
2864,0.04272461
2865,0.0104982555
2866,-0.02331531
2867,-0.055786133
2868,-0.089660525
2869,-0.11782831
2870,-0.13848895
2871,-0.15863055
2872,-0.17428601
2873,-0.17831427
2874,-0.17648324
2875,-0.18017583
2876,-0.17834479
2877,-0.16629028
2878,-0.15524292
2879,-0.14910887
2880,-0.13479614
2881,-0.11264038
2882,-0.0953369
2883,-0.08401488
2884,-0.06671147
2885,-0.0512695
2886,-0.044769257
2887,-0.039031982
2888,-0.029693604
2889,-0.021209717
2890,-0.014648423
2891,-0.0053100884
2892,0.0069885254
2893,0.017303467
2894,0.022644043
2895,0.027374297
2896,0.033996567
2897,0.036499053
2898,0.036376968
2899,0.03744507
2900,0.041961685
2901,0.042022705
2902,0.04138185
2903,0.045837432
2904,0.049346924
2905,0.04608155
2906,0.045990035
2907,0.049285896
2908,0.04589843
2909,0.03939821
2910,0.037780777
2911,0.039276123
2912,0.038391113
2913,0.035980225
2914,0.037933335
2915,0.042663563
2916,0.03918457
2917,0.034881584
2918,0.033782944
2919,0.036804184
2920,0.03216555
2921,0.02835086
2922,0.03106688
2923,0.031768814
2924,0.023864761
2925,0.01727295
2926,0.015777588
2927,0.013488784
2928,0.008789048
2929,0.0039673
2930,0.004760772
2931,-0.0036010891
2932,-0.01828003
2933,-0.028259233
2934,-0.03155516
2935,-0.046844468
2936,-0.053588845
2937,-0.04348755
2938,-0.037078857
2939,-0.036376923
2940,-0.031768795
2941,-0.025482196
2942,-0.023559593
2943,-0.0321655
2944,-0.039459214
2945,-0.038085945
2946,-0.04122926
2947,-0.045471184
2948,-0.042388916
2949,-0.032501217
2950,-0.025695805
2951,-0.017272942
2952,-0.00064088404
2953,0.018035885
2954,0.023773197
2955,0.028228756
2956,0.03430175
2957,0.038940433
2958,0.029754639
2959,0.020599369
2960,0.020141602
2961,0.01852417
2962,0.006652832
2963,0.00079345517
2964,0.005950926
2965,0.0038146991
2966,-0.0030822754
2967,-0.00036621094
2968,0.0060119666
2969,0.0014343262
2970,-0.0027160626
2971,3.0517578e-05
2972,0.0040283166
2973,-0.0007629413
2974,-0.004699707
2975,0.0021667462
2976,0.0043945294
2977,0.002105713
2978,0.0048828125
2979,0.010528557
2980,0.012115471
2981,0.0027770996
2982,-0.0010986179
2983,-0.005157478
2984,-0.018737793
2985,-0.029937731
2986,-0.033996575
2987,-0.035278324
2988,-0.04016113
2989,-0.046966545
2990,-0.04290772
2991,-0.04397583
2992,-0.047241222
2993,-0.040466316
2994,-0.03479006
2995,-0.026458748
2996,-0.018707298
2997,-0.0078124776
2998,0.004760742
2999,0.0036010742
3000,0.0070495233
3001,0.01684568
3002,0.02017212
3003,0.019622788
3004,0.019439675
3005,0.024169914
3006,0.027435299
3007,0.022155747
3008,0.025390647
3009,0.027374279
3010,0.027893059
3011,0.028503409
3012,0.026062027
3013,0.026336666
3014,0.025054926
3015,0.020996094
3016,0.019958496
3017,0.013732908
3018,0.0134887695
3019,0.012359619
3020,0.006286621
3021,0.0028381366
3022,-6.1035156e-05
3023,-0.0033569299
3024,-0.00552368
3025,-0.010498047
3026,-0.011993406
3027,-0.018463131
3028,-0.021759031
3029,-0.025238037
3030,-0.029632565
3031,-0.030303948
3032,-0.028228762
3033,-0.028167732
3034,-0.025817879
3035,-0.021942131
3036,-0.019042976
3037,-0.014434837
3038,-0.01696777
3039,-0.013366669
3040,-0.010833748
3041,-0.011993431
3042,-0.012664773
3043,-0.008544922
3044,-0.0037841946
3045,0.0024719536
3046,0.010559097
3047,0.02481082
3048,0.035919182
3049,0.03958129
3050,0.04864501
3051,0.04925537
3052,0.04418944
3053,0.039581295
3054,0.036865234
3055,0.028442381
3056,0.02041626
3057,0.008758549
3058,0.0063476562
3059,-0.005493164
3060,-0.015533444
3061,-0.017456053
3062,-0.012878418
3063,-0.017608643
3064,-0.015777588
3065,-0.01876831
3066,-0.020080566
3067,-0.022766113
3068,-0.029449463
3069,-0.035827637
3070,-0.0364685
3071,-0.036773697
3072,-0.03567505
3073,-0.029449467
3074,-0.030578628
3075,-0.023651153
3076,-0.0138855055
3077,-0.011230469
3078,-0.00033570826
3079,0.005462609
3080,0.010833748
3081,0.02130127
3082,0.026397675
3083,0.023773175
3084,0.033752423
3085,0.036560044
3086,0.039855946
3087,0.04800414
3088,0.055603027
3089,0.06246949
3090,0.06350708
3091,0.06134032
3092,0.060577407
3093,0.06127929
3094,0.049530014
3095,0.044525146
3096,0.040618896
3097,0.03460695
3098,0.025634766
3099,0.018157944
3100,0.006500274
3101,0.0025024265
3102,-0.0036926419
3103,-0.011260971
3104,-0.015167221
3105,-0.018707305
3106,-0.02154541
3107,-0.025238022
3108,-0.03173828
3109,-0.031250037
3110,-0.03588868
3111,-0.040985115
3112,-0.042816162
3113,-0.048156764
3114,-0.050659187
3115,-0.048675552
3116,-0.049774185
3117,-0.05038452
3118,-0.04629515
3119,-0.041046143
3120,-0.030700684
3121,-0.02465821
3122,-0.014556866
3123,-0.005371101
3124,0.0014343038
3125,0.004180927
3126,0.0028381497
3127,0.0012512058
3128,-0.004241947
3129,-0.006988518
3130,-0.00970459
3131,-0.006988544
3132,-0.007324215
3133,-0.00778199
3134,-0.004333496
3135,-0.0027465709
3136,-0.0050658956
3137,-0.004638672
3138,3.0506402e-05
3139,0.0013427697
3140,0.010650642
3141,0.012145992
3142,0.02081297
3143,0.030029282
3144,0.029876728
3145,0.033569343
3146,0.03918457
3147,0.04336549
3148,0.04705812
3149,0.046295166
3150,0.04208374
3151,0.045898438
3152,0.04003907
3153,0.02633667
3154,0.017425507
3155,0.014770485
3156,0.007934578
3157,0.0021667182
3158,-0.003753662
3159,-0.007171616
3160,-0.004333496
3161,-0.0056152493
3162,-0.005676225
3163,-0.0052490234
3164,-0.0026855767
3165,-0.004486099
3166,-0.0018920861
3167,-0.012878418
3168,-0.012878422
3169,-0.013946533
3170,-0.023406994
3171,-0.031463582
3172,-0.026031494
3173,-0.023864754
3174,-0.028686518
3175,-0.029968254
3176,-0.025634782
3177,-0.018585196
3178,-0.027679441
3179,-0.032928467
3180,-0.031341553
3181,-0.036132812
3182,-0.04214478
3183,-0.038940437
3184,-0.03643798
3185,-0.040679924
3186,-0.03442385
3187,-0.0253601
3188,-0.019744866
3189,-0.016387954
3190,-0.0069885403
3191,0.00573729
3192,0.015502915
3193,0.020355225
3194,0.0276184
3195,0.030731186
3196,0.028350808
3197,0.030364998
3198,0.026733413
3199,0.013122562
3200,0.008300781
3201,0.0072936937
3202,0.002258312
3203,0.0039062575
3204,0.009429939
3205,0.01733397
3206,0.03030397
3207,0.04205322
3208,0.046813957
3209,0.054412834
3210,0.058105484
3211,0.057769775
3212,0.052917488
3213,0.04318236
3214,0.041290276
3215,0.04153444
3216,0.019592278
3217,0.0023498386
3218,-0.0011291578
3219,-0.014251687
3220,-0.030181877
3221,-0.030029275
3222,-0.022460949
3223,-0.013702385
3224,-0.0019226223
3225,0.010864258
3226,0.014709473
3227,0.014221191
3228,0.012023918
3229,0.003631629
3230,-0.005371079
3231,-0.015045151
3232,-0.023895256
3233,-0.03201292
3234,-0.038330074
3235,-0.04187014
3236,-0.039733883
3237,-0.038055398
3238,-0.031951908
3239,-0.025939949
3240,-0.020202633
3241,-0.018066406
3242,-0.01669311
3243,-0.020385737
3244,-0.019958498
3245,-0.019805904
3246,-0.02825927
3247,-0.035766594
3248,-0.028686535
3249,-0.027221695
3250,-0.031768806
3251,-0.026519805
3252,-0.012237541
3253,-0.0063171536
3254,-0.004638687
3255,0.00067137927
3256,0.0052185133
3257,0.0047302097
3258,0.0053405687
3259,0.011657737
3260,0.021636963
3261,0.025177032
3262,0.026001003
3263,0.02941892
3264,0.02856445
3265,0.023376483
3266,0.021514893
3267,0.02133178
3268,0.017578145
3269,0.013000488
3270,0.0066223126
3271,-0.0026855427
3272,-0.013397219
3273,-0.026916502
3274,-0.03878785
3275,-0.044250477
3276,-0.039215088
3277,-0.029754639
3278,-0.017639138
3279,-0.0028991476
3280,0.013214119
3281,0.032928467
3282,0.04531861
3283,0.05163576
3284,0.059509277
3285,0.06686399
3286,0.06527709
3287,0.06588745
3288,0.062255863
3289,0.05297853
3290,0.046356186
3291,0.036071785
3292,0.02148439
3293,0.012268066
3294,0.007446274
3295,-0.0006103441
3296,-0.005859375
3297,-0.013885535
3298,-0.026916496
3299,-0.036071755
3300,-0.046112075
3301,-0.0608826
3302,-0.066314675
3303,-0.059814446
3304,-0.047119163
3305,-0.028656011
3306,-0.0019226037
3307,0.026794434
3308,0.052642822
3309,0.070007324
3310,0.08303833
3311,0.08435059
3312,0.07507325
3313,0.06192015
3314,0.049194336
3315,0.03048706
3316,0.011383027
3317,-0.0056762993
3318,-0.019134536
3319,-0.030639648
3320,-0.04058841
3321,-0.051025406
3322,-0.058074966
3323,-0.062316872
3324,-0.06546021
3325,-0.06863404
3326,-0.06784058
3327,-0.063568115
3328,-0.05764772
3329,-0.048004158
3330,-0.03671264
3331,-0.02243042
3332,-0.012725849
3333,-0.0025024265
3334,0.008544929
3335,0.012603752
3336,0.00921629
3337,0.003967274
3338,0.004577648
3339,0.0020446815
3340,-0.0049743764
3341,-0.010314964
3342,-0.0069274977
3343,-0.007141128
3344,-0.009033211
3345,-0.009582534
3346,-0.007812507
3347,-0.012298573
3348,-0.014831532
3349,-0.015838653
3350,-0.017333955
3351,-0.023559555
3352,-0.024719223
3353,-0.025115967
3354,-0.028991707
3355,-0.03225708
3356,-0.02954103
3357,-0.024169952
3358,-0.021453872
3359,-0.013763413
3360,-0.001312241
3361,0.0067443848
3362,0.014099106
3363,0.023193374
3364,0.033996627
3365,0.041992173
3366,0.04754637
3367,0.050201423
3368,0.05026247
3369,0.043212913
3370,0.0365906
3371,0.033782955
3372,0.02770995
3373,0.024414062
3374,0.027679443
3375,0.036315918
3376,0.040130615
3377,0.041778564
3378,0.044464108
3379,0.048309315
3380,0.049377434
3381,0.046539307
3382,0.039794914
3383,0.031555183
3384,0.024902366
3385,0.018157966
3386,0.008300781
3387,0.0010070875
3388,-0.006286636
3389,-0.009521499
3390,-0.015258834
3391,-0.018493637
3392,-0.018188454
3393,-0.0119629055
3394,-0.010223411
3395,-0.008270234
3396,-0.0037841946
3397,-0.0005798638
3398,-0.0045471042
3399,-0.006652847
3400,-0.0063171536
3401,-0.010192856
3402,-0.010467559
3403,-0.0052795745
3404,-0.0072631612
3405,-0.0083007775
3406,-0.008056678
3407,-0.006011963
3408,-0.0117797665
3409,-0.013702389
3410,-0.012481686
3411,-0.0140380785
3412,-0.014221199
3413,-0.015899658
3414,-0.018981945
3415,-0.019927986
3416,-0.020385752
3417,-0.024658209
3418,-0.025238033
3419,-0.028289795
3420,-0.030792236
3421,-0.025390627
3422,-0.027038574
3423,-0.023498543
3424,-0.014343275
3425,-0.004516594
3426,-0.0026550218
3427,0.0033264086
3428,0.010253901
3429,0.006256126
3430,0.0011901949
3431,0.0019836444
3432,0.002960194
3433,-0.006408695
3434,-0.007080082
3435,-0.0041503944
3436,-0.0041809194
3437,-0.009796139
3438,-0.0057983436
3439,0.0008849986
3440,-0.0013122559
3441,-0.0014953353
3442,0.0023193248
3443,-0.0006714016
3444,-0.004150383
3445,-0.010742173
3446,-0.014068611
3447,-0.015136708
3448,-0.014709443
3449,-0.013458248
3450,-0.0047912486
3451,0.0013427734
3452,0.0072936974
3453,0.015472416
3454,0.022277825
3455,0.024841286
3456,0.02420045
3457,0.0281067
3458,0.027282692
3459,0.021636955
3460,0.029357916
3461,0.030700684
3462,0.02722168
3463,0.026123049
3464,0.02545166
3465,0.017913826
3466,0.009460442
3467,0.014251724
3468,0.008697517
3469,0.0049743652
3470,0.0070190392
3471,0.010925308
3472,0.0066222847
3473,0.01101682
3474,0.0040588416
3475,0.0036620945
3476,0.006469704
3477,0.0013732873
3478,-0.0016479306
3479,-0.004272476
3480,-0.005126953
3481,-0.009704575
3482,-0.012756318
3483,-0.013702396
3484,-0.02325439
3485,-0.027374256
3486,-0.027557379
3487,-0.03323365
3488,-0.038726814
3489,-0.028320312
3490,-0.02911377
3491,-0.02645874
3492,-0.018646244
3493,-0.01675415
3494,-0.013793949
3495,-0.009277333
3496,-0.009246841
3497,-0.0018920973
3498,0.007965095
3499,0.009643551
3500,0.0137328915
3501,0.023620602
3502,0.02108764
3503,0.020446775
3504,0.022064209
3505,0.019317621
3506,0.016815187
3507,0.014801029
3508,0.009307864
3509,0.008819579
3510,0.01095581
3511,0.0076599102
3512,0.009307863
3513,0.005584717
3514,0.0064086895
3515,0.0060119648
3516,0.0010375977
3517,0.008514404
3518,0.008636467
3519,0.012420654
3520,0.022766124
3521,0.023864768
3522,0.018585201
3523,0.02331543
3524,0.010375984
3525,0.0008239858
3526,-0.0041504167
3527,-0.01574707
3528,-0.028137214
3529,-0.037170403
3530,-0.048522953
3531,-0.062042244
3532,-0.071014404
3533,-0.08413695
3534,-0.090484604
3535,-0.09069824
3536,-0.09805299
3537,-0.09738158
3538,-0.090270996
3539,-0.085998535
3540,-0.079315186
3541,-0.072052
3542,-0.06484985
3543,-0.054870605
3544,-0.05819702
3545,-0.05303958
3546,-0.0561828
3547,-0.055145264
3548,-0.049957305
3549,-0.037475705
3550,-0.035003543
3551,-0.029327244
3552,-0.013946652
3553,0.0030212998
3554,0.008117706
3555,0.019592464
3556,0.06677264
3557,0.13659653
3558,0.22106934
3559,0.2941286
3560,0.39193717
3561,0.49411
3562,0.55593866
3563,0.57128906
3564,0.59085083
3565,0.6119689
3566,0.5648805
3567,0.48910522
3568,0.42083704
3569,0.30792248
3570,0.16336071
3571,0.029541016
3572,-0.10739136
3573,-0.2127074
3574,-0.2896422
3575,-0.35757434
3576,-0.42059326
3577,-0.4897158
3578,-0.5661622
3579,-0.6514894
3580,-0.74377453
3581,-0.82434094
3582,-0.87802136
3583,-0.90362555
3584,-0.90036
3585,-0.8765259
3586,-0.8273928
3587,-0.7510984
3588,-0.6280211
3589,-0.49945092
3590,-0.3638003
3591,-0.18228114
3592,0.007171631
3593,0.17684913
3594,0.33645606
3595,0.47375512
3596,0.55511487
3597,0.6130067
3598,0.6512147
3599,0.69412285
3600,0.7514956
3601,0.8559264
3602,0.97836304
3603,1.0755006
3604,1.182739
3605,1.2716063
3606,1.261719
3607,1.18219
3608,1.0635681
3609,0.913208
3610,0.7416992
3611,0.51589966
3612,0.24157691
3613,-0.038940668
3614,-0.33203125
3615,-0.6352234
3616,-0.9217224
3617,-1.1708069
3618,-1.3747865
3619,-1.5114443
3620,-1.5653992
3621,-1.5227662
3622,-1.3887942
3623,-1.1783144
3624,-0.9228517
3625,-0.64208984
3626,-0.3802489
3627,-0.15957654
3628,0.010131955
3629,0.12466431
3630,0.19195569
3631,0.21633911
3632,0.2144165
3633,0.20208764
3634,0.19635022
3635,0.1949156
3636,0.22415185
3637,0.27972436
3638,0.35556024
3639,0.44027692
3640,0.5096742
3641,0.5541991
3642,0.5771485
3643,0.56207293
3644,0.5135498
3645,0.45867908
3646,0.38967907
3647,0.3203126
3648,0.2591553
3649,0.20516971
3650,0.16317749
3651,0.14608759
3652,0.14074683
3653,0.1474607
3654,0.16445917
3655,0.18078613
3656,0.20169055
3657,0.21304315
3658,0.2058717
3659,0.19311535
3660,0.16949469
3661,0.124420166
3662,0.069488525
3663,0.013946414
3664,-0.049286127
3665,-0.11892688
3666,-0.1918943
3667,-0.2631222
3668,-0.33703595
3669,-0.40469342
3670,-0.4643252
3671,-0.5068051
3672,-0.5347898
3673,-0.54907244
3674,-0.5368349
3675,-0.505432
3676,-0.46383655
3677,-0.41412362
3678,-0.34884655
3679,-0.2929992
3680,-0.23815906
3681,-0.18212903
3682,-0.131836
3683,-0.093566895
3684,-0.052001834
3685,-0.02291888
3686,-0.0057068467
3687,0.014251828
3688,0.029174805
3689,0.030822694
3690,0.03866595
3691,0.05899042
3692,0.07574451
3693,0.09524524
3694,0.1222229
3695,0.14398187
3696,0.16409281
3697,0.18362421
3698,0.18991119
3699,0.18875116
3700,0.19512922
3701,0.18698126
3702,0.1767579
3703,0.17623898
3704,0.17608641
3705,0.16857912
3706,0.16888429
3707,0.16528319
3708,0.15673825
3709,0.15170291
3710,0.14019777
3711,0.11752319
3712,0.10006714
3713,0.085235596
3714,0.052368134
3715,0.038330078
3716,0.021087646
3717,0.0038757026
3718,-0.011810333
3719,-0.008666992
3720,-0.020355225
3721,-0.022949189
3722,-0.023834229
3723,-0.03414914
3724,-0.042877167
3725,-0.055419862
3726,-0.057525665
3727,-0.07720946
3728,-0.08221431
3729,-0.083801255
3730,-0.08050537
3731,-0.08154296
3732,-0.07604979
3733,-0.06359863
3734,-0.0604553
3735,-0.04339599
3736,-0.03921508
3737,-0.030120859
3738,-0.028106682
3739,-0.025390623
3740,-0.029815678
3741,-0.040069595
3742,-0.03991698
3743,-0.042572014
3744,-0.033752456
3745,-0.033905037
3746,-0.023529015
3747,-0.01574707
3748,-0.018859886
3749,-0.015441865
3750,-0.016601548
3751,-0.011444092
3752,-0.009552002
3753,0.0079956055
3754,0.01788333
3755,0.029113784
3756,0.037567124
3757,0.04266356
3758,0.05099488
3759,0.047576893
3760,0.03909301
3761,0.042846657
3762,0.04495239
3763,0.041992188
3764,0.02630616
3765,0.024078365
3766,0.012939455
3767,0.014587402
3768,0.004791258
3769,0.003021242
3770,0.0066833477
3771,0.0134277325
3772,0.024475098
3773,0.030242935
3774,0.02993773
3775,0.023010254
3776,0.014495876
3777,-0.00079345703
3778,-0.016082767
3779,-0.02230835
3780,-0.017425522
3781,-0.018127438
3782,-0.0010376088
3783,0.015655529
3784,0.02609253
3785,0.018829338
3786,0.026306167
3787,0.013214111
3788,-0.00079345703
3789,-0.012359627
3790,-0.016693112
3791,-0.01962278
3792,-0.028381351
3793,-0.025939941
3794,-0.032501224
3795,-0.03475952
3796,-0.04327392
3797,-0.0507202
3798,-0.064483635
3799,-0.067108154
3800,-0.058319088
3801,-0.055999756
3802,-0.040069595
3803,-0.017547637
3804,0.008758515
3805,0.026092522
3806,0.040740922
3807,0.05303953
3808,0.05172729
3809,0.04913331
3810,0.041564934
3811,0.035552975
3812,0.015106197
3813,-0.00036620535
3814,-0.014465328
3815,-0.030944824
3816,-0.05001831
3817,-0.05905153
3818,-0.06521605
3819,-0.07302856
3820,-0.06542972
3821,-0.049041748
3822,-0.032104462
3823,-0.00579834
3824,0.033843964
3825,0.053436294
3826,0.0697632
3827,0.09246826
3828,0.107055664
3829,0.09768678
3830,0.09051514
3831,0.08401488
3832,0.06625366
3833,0.040924087
3834,0.020782486
3835,0.0020141453
3836,-0.0101623535
3837,-0.014129594
3838,-0.010345459
3839,0.00033565238
3840,0.010925315
3841,0.023956329
3842,0.03598021
3843,0.036163345
3844,0.027496353
3845,0.022827134
3846,0.007659897
3847,-0.019409135
3848,-0.039489716
3849,-0.046020538
3850,-0.055847175
3851,-0.05395504
3852,-0.048828125
3853,-0.03442385
3854,-0.02444458
3855,-0.010559076
3856,0.0013427734
3857,0.016845698
3858,0.021179207
3859,0.025238037
3860,0.03164672
3861,0.029296882
3862,0.019409195
3863,0.01083374
3864,0.0050354004
3865,-0.012695298
3866,-0.031249978
3867,-0.037841808
3868,-0.05068968
3869,-0.057861306
3870,-0.060119633
3871,-0.06393434
3872,-0.06750488
3873,-0.06152344
3874,-0.056182876
3875,-0.05624388
3876,-0.039489746
3877,-0.024353027
3878,-0.009857178
3879,-0.0018920675
3880,0.0049743354
3881,0.0062866434
3882,0.00067140907
3883,-0.006500244
3884,-0.0107727125
3885,-0.016418442
3886,-0.021789506
3887,-0.015899643
3888,-0.013153061
3889,-0.014862046
3890,-0.0021972507
3891,0.009277374
3892,0.011322036
3893,0.013854995
3894,0.020111084
3895,0.016754165
3896,0.011535667
3897,0.011444077
3898,0.0057983324
3899,-0.0041198507
3900,-0.008728057
3901,-0.014923118
3902,-0.0211792
3903,-0.023895279
3904,-0.022216842
3905,-0.016967818
3906,-0.004058853
3907,0.010131821
3908,0.02798459
3909,0.04843141
3910,0.059082054
3911,0.069946304
3912,0.078857444
3913,0.0787964
3914,0.07788084
3915,0.07498169
3916,0.06964113
3917,0.057983413
3918,0.049469
3919,0.03775023
3920,0.031250007
3921,0.023315437
3922,0.019165024
3923,0.019256555
3924,0.01538083
3925,0.017364502
3926,0.014801025
3927,0.015289277
3928,0.00869751
3929,0.0069885403
3930,0.0063476562
3931,0.0031128079
3932,0.007232651
3933,0.003265366
3934,0.00015260279
3935,-0.007995576
3936,-0.010375947
3937,-0.019622788
3938,-0.024047822
3939,-0.018554643
3940,-0.017211922
3941,-0.012329109
3942,-0.012176514
3943,-0.002777107
3944,-0.00082396716
3945,0.0011291504
3946,0.004669152
3947,0.006164558
3948,0.012207061
3949,0.0075073466
3950,0.0085448995
3951,0.007232696
3952,0.0054016486
3953,9.152293e-05
3954,-0.00024415553
3955,0.0023498833
3956,-0.0026550144
3957,-0.0016174316
3958,-0.008514412
3959,-0.013305642
3960,-0.020873979
3961,-0.0231018
3962,-0.027313225
3963,-0.03591919
3964,-0.03616332
3965,-0.039825402
3966,-0.0423584
3967,-0.04327395
3968,-0.041107174
3969,-0.040557843
3970,-0.04040527
3971,-0.03515625
3972,-0.03436279
3973,-0.030700698
3974,-0.031799313
3975,-0.025543213
3976,-0.015899662
3977,-0.009521492
3978,-0.0024719313
3979,0.00445557
3980,0.00881958
3981,0.0070800707
3982,0.007049557
3983,0.0041503757
3984,-0.0018920898
3985,-0.0062255897
3986,-0.008117687
3987,-0.008728012
3988,-0.014709454
3989,-0.009918239
3990,-0.00018309057
3991,0.0021057166
3992,0.003540028
3993,0.0079345815
3994,0.009490982
3995,0.0034179352
3996,0.0019226186
3997,0.0018310621
3998,-0.0014648847
3999,-6.1035156e-05
4000,0.0033264086
4001,0.0044555664
4002,0.0011902004
4003,0.0029296875
4004,0.004394524
4005,0.0013427809
4006,0.0016174428
4007,0.0031127632
4008,0.0074767917
4009,0.0041504204
4010,0.00741579
4011,0.011474587
4012,0.007415779
4013,0.0019531362
4014,0.0008850023
4015,0.0002441369
4016,-0.0041503906
4017,-0.0045166053
4018,-0.001007095
4019,-0.00057984143
4020,-0.0040588453
4021,-0.00033568963
4022,-0.0038757287
4023,-0.007965073
4024,-0.0027770996
4025,0.0017089956
4026,0.0043945312
4027,0.009857189
4028,0.015655514
4029,0.015472401
4030,0.014007557
4031,0.0147399865
4032,0.018890377
4033,0.017944328
4034,0.02267456
4035,0.030761719
4036,0.032562256
4037,0.032684326
4038,0.03488159
4039,0.032867428
4040,0.027618408
4041,0.0230713
4042,0.020935047
4043,0.012908943
4044,0.007568378
4045,0.0028076097
4046,-0.00079347566
4047,-0.005004853
4048,-0.004913334
4049,-0.0018005557
4050,0.0010070652
4051,0.006958019
4052,0.011444088
4053,0.016204845
4054,0.019958481
4055,0.016448967
4056,0.013397217
4057,0.0061035305
4058,0.0029296726
4059,-0.0032348558
4060,-0.008727998
4061,-0.011108406
4062,-0.011993408
4063,-0.016235322
4064,-0.021606445
4065,-0.02563478
4066,-0.02841188
4067,-0.034790024
4068,-0.039825432
4069,-0.041656494
4070,-0.03952027
4071,-0.03689574
4072,-0.031677246
4073,-0.023010252
4074,-0.016723631
4075,-0.011749268
4076,-0.009002686
4077,-0.004486084
4078,-0.0066528246
4079,-0.009796139
4080,-0.009521481
4081,-0.013153091
4082,-0.016021714
4083,-0.022430427
4084,-0.027771
4085,-0.028320305
4086,-0.027709961
4087,-0.02841185
4088,-0.025695786
4089,-0.012969986
4090,-0.0017395094
4091,0.0039062575
4092,0.013427734
4093,0.019103982
4094,0.0129700005
4095,0.0057068095
4096,0.005096413
4097,-0.0004272461
4098,-0.005584687
4099,0.0006408617
4100,0.011138901
4101,0.02136232
4102,0.028778106
4103,0.034912124
4104,0.033843976
4105,0.031555183
4106,0.02996827
4107,0.026855472
4108,0.022796627
4109,0.021026615
4110,0.022796627
4111,0.022521973
4112,0.026062008
4113,0.030181885
4114,0.02944946
4115,0.02999879
4116,0.031127922
4117,0.030334488
4118,0.026031509
4119,0.025848404
4120,0.022888206
4121,0.017028809
4122,0.005920425
4123,-0.011138916
4124,-0.028869651
4125,-0.031433105
4126,-0.016601548
4127,-0.020477317
4128,-0.018646255
4129,0.014831558
4130,0.031829856
4131,0.037322998
4132,0.035705566
4133,0.032379158
4134,0.040191665
4135,0.04113768
4136,0.03970337
4137,0.044952378
4138,0.042785615
4139,0.034240723
4140,0.035888642
4141,0.038665757
4142,0.043823227
4143,0.057952866
4144,0.08889775
4145,0.1504823
4146,0.26431277
4147,0.41680908
4148,0.47512817
4149,0.44937158
4150,0.3977356
4151,0.2341001
4152,-0.06463599
4153,-0.6191103
4154,-1.3000183
4155,-1.6563416
4156,-1.6647645
4157,-1.8038943
4158,-1.6363828
4159,-0.98467994
4160,-0.30914307
4161,0.16360497
4162,0.5222478
4163,0.7058413
4164,0.7486876
4165,0.72949207
4166,0.70913714
4167,0.725891
4168,0.743286
4169,0.76470953
4170,0.7749025
4171,0.7449951
4172,0.7046204
4173,0.6611328
4174,0.5777282
4175,0.45855713
4176,0.34045422
4177,0.21340954
4178,0.095703006
4179,-0.0029296875
4180,-0.086669505
4181,-0.14636242
4182,-0.17544568
4183,-0.18435669
4184,-0.1847226
4185,-0.17883313
4186,-0.17498761
4187,-0.1838991
4188,-0.20581055
4189,-0.22756949
4190,-0.23474115
4191,-0.23461914
4192,-0.22357166
4193,-0.20275873
4194,-0.18658444
4195,-0.18832396
4196,-0.20034796
4197,-0.21377568
4198,-0.23208623
4199,-0.2329712
4200,-0.20825197
4201,-0.1748352
4202,-0.14416504
4203,-0.1048584
4204,-0.07321164
4205,-0.07217407
4206,-0.10748291
4207,-0.14929199
4208,-0.18322763
4209,-0.19604501
4210,-0.18237305
4211,-0.11114502
4212,0.012572944
4213,0.14022821
4214,0.23968524
4215,0.31243888
4216,0.33190906
4217,0.31381232
4218,0.28018183
4219,0.23010242
4220,0.18368535
4221,0.15414426
4222,0.12573242
4223,0.07739258
4224,0.01968383
4225,-0.036193848
4226,-0.080627464
4227,-0.10971072
4228,-0.13165283
4229,-0.15359497
4230,-0.17578124
4231,-0.18820189
4232,-0.18933107
4233,-0.18157956
4234,-0.15530387
4235,-0.12338251
4236,-0.090911895
4237,-0.056915253
4238,-0.024536073
4239,0.0029295385
4240,0.025634706
4241,0.048156828
4242,0.06689447
4243,0.089019746
4244,0.10562137
4245,0.124175996
4246,0.14340207
4247,0.16455089
4248,0.18157957
4249,0.1994934
4250,0.21066286
4251,0.21615599
4252,0.21234131
4253,0.20330814
4254,0.18652344
4255,0.16647336
4256,0.14981079
4257,0.13302615
4258,0.11392206
4259,0.095336854
4260,0.07751477
4261,0.054595977
4262,0.025237978
4263,-0.008026034
4264,-0.038268834
4265,-0.06793219
4266,-0.10028079
4267,-0.12756333
4268,-0.14938366
4269,-0.16500863
4270,-0.17388922
4271,-0.1777039
4272,-0.17257696
4273,-0.16082764
4274,-0.14718631
4275,-0.12997435
4276,-0.11151123
4277,-0.092102036
4278,-0.07510376
4279,-0.056823738
4280,-0.03842161
4281,-0.020324692
4282,-0.0061035156
4283,0.009826653
4284,0.025390632
4285,0.03619381
4286,0.04522705
4287,0.04687497
4288,0.04626465
4289,0.037750237
4290,0.024688723
4291,0.0074462835
4292,-0.008605948
4293,-0.020904541
4294,-0.02850341
4295,-0.030242924
4296,-0.030212399
4297,-0.02465818
4298,-0.018249504
4299,-0.015502971
4300,-0.015808105
4301,-0.013885483
4302,-0.014923103
4303,-0.01376345
4304,-0.011260979
4305,-0.0037841648
4306,0.0029601976
4307,0.008483857
4308,0.014343284
4309,0.02062989
4310,0.027587898
4311,0.029388417
4312,0.027557373
4313,0.024780285
4314,0.023651138
4315,0.020385716
4316,0.022796627
4317,0.02230835
4318,0.023437487
4319,0.022949206
4320,0.024719242
4321,0.0189209
4322,0.013854979
4323,0.015014646
4324,0.014251709
4325,0.010345459
4326,0.015624994
4327,0.017852781
4328,0.012573242
4329,0.0111694485
4330,0.012237541
4331,0.010437004
4332,0.0026550405
4333,-0.005920414
4334,-0.012908943
4335,-0.020416234
4336,-0.02749633
4337,-0.02838136
4338,-0.024353027
4339,-0.02044677
4340,-0.015136724
4341,-0.007507326
4342,-0.0017395008
4343,-0.0007629385
4344,0.00064086774
4345,0.0004272468
4346,0.0022888186
4347,0.0028686523
4348,0.004547118
4349,0.0036010752
4350,0.0011596675
4351,-0.00012207002
4352,0.0004577636
4353,-0.0015258789
4354,0.0004577638
4355,0.002502442
4356,0.0028686528
4357,0.0017700193
4358,0.0021972647
4359,-0.00097656157
4360,-0.004455567
4361,-0.007812502
4362,-0.01086426
4363,-0.014770506
4364,-0.017181396
4365,-0.017883303
4366,-0.019989014
4367,-0.020507809
4368,-0.015075669
4369,-0.012054458
4370,-0.010253925
4371,-0.006988533
4372,-0.0032043532
4373,0.0006408505
4374,0.0069579855
4375,0.014160167
4376,0.025085479
4377,0.038909912
4378,0.048461914
4379,0.056396503
4380,0.056152344
4381,0.050994877
4382,0.042724602
4383,0.034484863
4384,0.022918686
4385,0.014038101
4386,0.010955811
4387,0.007995583
4388,0.0032043383
4389,0.00497438
4390,0.009490937
4391,0.007019043
4392,0.0029907376
4393,0.00070189685
4394,-0.004302986
4395,-0.013183579
4396,-0.021728523
4397,-0.030639693
4398,-0.03836059
4399,-0.04092405
4400,-0.04153444
4401,-0.039154068
4402,-0.03579712
4403,-0.030487072
4404,-0.024688724
4405,-0.018371582
4406,-0.015289307
4407,-0.014251707
4408,-0.013031008
4409,-0.014282236
4410,-0.018890388
4411,-0.021392819
4412,-0.023223877
4413,-0.022399914
4414,-0.016601548
4415,-0.00866697
4416,-0.0029907413
4417,0.0046997145
4418,0.008239746
4419,0.011199955
4420,0.011138931
4421,0.008880608
4422,0.006256111
4423,0.0017395169
4424,-0.0023498535
4425,-0.004058849
4426,-0.0026550218
4427,0.001129128
4428,0.0045166016
4429,0.0075378343
4430,0.012603745
4431,0.017974872
4432,0.017059326
4433,0.013519278
4434,0.011688244
4435,0.009124763
4436,0.00119018
4437,-0.006011961
4438,-0.0146484375
4439,-0.020507812
4440,-0.021942157
4441,-0.021148674
4442,-0.022918705
4443,-0.022705078
4444,-0.019104023
4445,-0.017852794
4446,-0.017547593
4447,-0.016326912
4448,-0.011199988
4449,-0.0021362305
4450,0.0097350925
4451,0.022155747
4452,0.03265381
4453,0.045471173
4454,0.058074944
4455,0.065765396
4456,0.06512451
4457,0.06042479
4458,0.05422972
4459,0.04959109
4460,0.04238891
4461,0.033508293
4462,0.029541016
4463,0.025573738
4464,0.017242424
4465,0.005462624
4466,-0.0072326884
4467,-0.019409172
4468,-0.028320335
4469,-0.035095222
4470,-0.03811647
4471,-0.035156257
4472,-0.028228752
4473,-0.018859852
4474,-0.01083377
4475,-0.0076599047
4476,-0.0034789853
4477,3.7252903e-09
4478,0.0010681152
4479,-0.0056762695
4480,-0.013519287
4481,-0.020202635
4482,-0.023742678
4483,-0.027770994
4484,-0.02947998
4485,-0.029632568
4486,-0.025756834
4487,-0.018066408
4488,-0.010375977
4489,-0.0044555664
4490,0.00012206845
4491,0.0107421875
4492,0.024139402
4493,0.03274536
4494,0.0369873
4495,0.04275512
4496,0.04489135
4497,0.038330086
4498,0.027740475
4499,0.016357407
4500,0.0051269606
4501,-0.00433347
4502,-0.007873535
4503,-0.011840828
4504,-0.0138855055
4505,-0.011505112
4506,-0.00729369
4507,-0.0077209547
4508,-0.010955811
4509,-0.008026112
4510,-0.00637817
4511,-0.0070495605
4512,-0.0047302246
4513,0.00094604306
4514,0.00021362305
4515,-0.0020751972
4516,-0.0019531269
4517,-0.0059814453
4518,-0.018493656
4519,-0.024414066
4520,-0.022857666
4521,-0.026306152
4522,-0.02902222
4523,-0.021942137
4524,-0.016571045
4525,-0.019592285
4526,-0.019927971
4527,-0.017761216
4528,-0.018981922
4529,-0.019897461
4530,-0.015686046
4531,-0.011383064
4532,-0.014312752
4533,-0.015167266
4534,-0.0107727125
4535,-0.010772727
4536,-0.012329124
4537,-0.005187981
4538,0.00695803
4539,0.012390129
4540,0.022247337
4541,0.030822761
4542,0.03460692
4543,0.03347777
4544,0.037994392
4545,0.036315903
4546,0.031738274
4547,0.031280514
4548,0.03189087
4549,0.024108889
4550,0.016784666
4551,0.012634279
4552,0.005554201
4553,-0.0056152362
4554,-0.01055908
4555,-0.011016844
4556,-0.012664796
4557,-0.014831542
4558,-0.008666994
4559,-0.004302979
4560,-0.0033569336
4561,-0.0013732912
4562,0.001647948
4563,0.0006408701
4564,0.0007324219
4565,0.0039367676
4566,0.003082275
4567,-0.0054931617
4568,-0.010406496
4569,-0.015625
4570,-0.023437504
4571,-0.031066904
4572,-0.03463746
4573,-0.03393554
4574,-0.029815666
4575,-0.021820076
4576,-0.013336159
4577,-0.009429902
4578,-0.005126957
4579,-0.00292968
4580,-0.0017700195
4581,0.00033568963
4582,0.0054626465
4583,0.0051574633
4584,0.0058898926
4585,0.0047607496
4586,0.005554199
4587,0.0029602088
4588,0.0037536658
4589,0.008666992
4590,0.012542736
4591,0.013244625
4592,0.02182008
4593,0.02954103
4594,0.027191155
4595,0.027984615
4596,0.035797134
4597,0.032501217
4598,0.025390627
4599,0.026824953
4600,0.025177006
4601,0.009613045
4602,0.001342766
4603,-0.0021362416
4604,-0.007781975
4605,-0.01470948
4606,-0.008270275
4607,-0.00079346076
4608,0.0032653864
4609,0.012634277
4610,0.025115967
4611,0.031188961
4612,0.03170776
4613,0.037445076
4614,0.04193116
4615,0.03784181
4616,0.032531746
4617,0.032409683
4618,0.026702851
4619,0.016235337
4620,0.008331336
4621,0.0035705566
4622,-0.007385269
4623,-0.014862075
4624,-0.018951371
4625,-0.022247277
4626,-0.027496323
4627,-0.02526857
4628,-0.022247285
4629,-0.023956291
4630,-0.02764894
4631,-0.027709957
4632,-0.027923591
4633,-0.030975368
4634,-0.034088142
4635,-0.03109741
4636,-0.021026623
4637,-0.01031495
4638,-0.0010376005
4639,0.0073547373
4640,0.015045168
4641,0.0154418945
4642,0.0134887695
4643,0.011535641
4644,0.0042419434
4645,-0.0024108887
4646,-0.0005798377
4647,0.00057983026
4648,-0.0034179688
4649,-0.0063781664
4650,-0.0062255934
4651,-0.010406492
4652,-0.020294184
4653,-0.0269165
4654,-0.031707764
4655,-0.037261955
4656,-0.043334953
4657,-0.044708245
4658,-0.043396007
4659,-0.038085945
4660,-0.026458748
4661,-0.010009766
4662,0.0018005371
4663,0.009246819
4664,0.026184075
4665,0.03839114
4666,0.034301765
4667,0.032409653
4668,0.033660892
4669,0.026336681
4670,0.021209719
4671,0.014007565
4672,0.003967285
4673,0.0017089844
4674,0.0028991702
4675,-0.0018310547
4676,-0.005920411
4677,-0.0065612784
4678,-0.002868652
4679,-0.0050964365
4680,-0.011016847
4681,-0.011383056
4682,-0.01220703
4683,-0.018493652
4684,-0.02642822
4685,-0.029296868
4686,-0.03082275
4687,-0.030487053
4688,-0.0210266
4689,-0.006164521
4690,-0.009216297
4691,-0.011535648
4692,0.0058593675
4693,0.014587406
4694,0.0085448995
4695,0.01812743
4696,0.037780747
4697,0.051605232
4698,0.059387226
4699,0.050506596
4700,0.03567504
4701,0.025146488
4702,0.015197756
4703,-3.0517578e-05
4704,-0.0093688965
4705,-0.012786865
4706,-0.01040649
4707,-0.010559082
4708,-0.014404299
4709,-0.013549807
4710,-0.002685545
4711,0.0036621094
4712,0.008544918
4713,0.011871336
4714,0.008392336
4715,0.0009460412
4716,-0.005981447
4717,-0.018066406
4718,-0.030548098
4719,-0.036285404
4720,-0.035736084
4721,-0.036071777
4722,-0.03735351
4723,-0.036987305
4724,-0.031860344
4725,-0.028045658
4726,-0.024780259
4727,-0.022735573
4728,-0.01953125
4729,-0.016815193
4730,-0.014465295
4731,-0.014251709
4732,-0.017791778
4733,-0.022155754
4734,-0.026824936
4735,-0.028076157
4736,-0.030700684
4737,-0.0283508
4738,-0.016204834
4739,0.0030517578
4740,0.022216812
4741,0.041748047
4742,0.059356675
4743,0.071075454
4744,0.08035278
4745,0.079986565
4746,0.07064821
4747,0.059539802
4748,0.05111693
4749,0.041809075
4750,0.031311035
4751,0.01171875
4752,0.00198365
4753,-0.0008850079
4754,-0.009338379
4755,-0.0175476
4756,-0.013641351
4757,-0.0055847177
4758,0.010528567
4759,0.022888182
4760,0.026885986
4761,0.030059807
4762,0.028625496
4763,0.022247314
4764,0.013305664
4765,0.0045776255
4766,0.0041198954
4767,0.008850094
4768,0.01449585
4769,0.017761227
4770,0.018585205
4771,0.020721436
4772,0.024993919
4773,0.02560427
4774,0.026397742
4775,0.03195195
4776,0.037322983
4777,0.04135132
4778,0.042053238
4779,0.037353516
4780,0.02474977
4781,0.014923096
4782,0.0029602349
4783,-0.010559052
4784,-0.022674546
4785,-0.03149414
4786,-0.037017792
4787,-0.039215073
4788,-0.045471206
4789,-0.050933853
4790,-0.052917503
4791,-0.0553284
4792,-0.055938747
4793,-0.048767105
4794,-0.04251098
4795,-0.042266857
4796,-0.03750612
4797,-0.037139896
4798,-0.040069584
4799,-0.04241944
4800,-0.040649414
4801,-0.037536617
4802,-0.027221695
4803,-0.014373787
4804,-0.001251217
4805,0.008789077
4806,0.012969971
4807,0.013122551
4808,0.013000488
4809,0.008941658
4810,-0.0005798377
4811,-0.0051879957
4812,-0.0028686635
4813,0.0005187839
4814,0.0068359375
4815,0.012939464
4816,0.021026623
4817,0.02203368
4818,0.0203247
4819,0.016693128
4820,0.006622321
4821,-0.0012512263
4822,-0.008728027
4823,-0.012634277
4824,-0.01547241
4825,-0.01638794
4826,-0.021026611
4827,-0.02029419
4828,-0.018066417
4829,-0.016662598
4830,-0.012603752
4831,-0.0065002553
4832,0.0010375939
4833,0.0050659254
4834,0.0071106143
4835,0.0077514686
4836,0.006317131
4837,0.0035705678
4838,0.0014038272
4839,-0.0058898963
4840,-0.0138244815
4841,-0.017944317
4842,-0.023773175
4843,-0.030822754
4844,-0.02938845
4845,-0.023498565
4846,-0.014221191
4847,-0.00097657
4848,0.012695283
4849,0.027709953
4850,0.04122922
4851,0.048675515
4852,0.05325319
4853,0.0605774
4854,0.06472777
4855,0.06536864
4856,0.06182861
4857,0.051849373
4858,0.043426525
4859,0.03503417
4860,0.022216804
4861,0.014556915
4862,0.011169419
4863,0.0113220215
4864,0.013031036
4865,0.010589592
4866,0.004058853
4867,0.00036622584
4868,-0.0052795485
4869,-0.0075683817
4870,-0.0068359375
4871,-0.0047302097
4872,-0.004028335
4873,-0.0012207329
4874,0.0022888258
4875,0.0002136305
4876,-0.0047607645
4877,-0.0065613016
4878,-0.005676277
4879,-0.0067138895
4880,-0.011260994
4881,-0.020080559
4882,-0.028259289
4883,-0.032806426
4884,-0.04040525
4885,-0.044128407
4886,-0.043060318
4887,-0.03930664
4888,-0.037200917
4889,-0.035217285
4890,-0.035888672
4891,-0.035186768
4892,-0.033172615
4893,-0.030151363
4894,-0.028167736
4895,-0.022735588
4896,-0.015533447
4897,-0.006164558
4898,0.0028076246
4899,0.007476829
4900,0.007629402
4901,0.017974842
4902,0.027099624
4903,0.02560423
4904,0.020812988
4905,0.024414072
4906,0.02374268
4907,0.0140380785
4908,0.0035095364
4909,-0.0016174298
4910,-0.0058898926
4911,-0.012969971
4912,-0.01998901
4913,-0.023803722
4914,-0.026062012
4915,-0.031005874
4916,-0.03451537
4917,-0.03390503
4918,-0.038299583
4919,-0.041595466
4920,-0.043884262
4921,-0.04467775
4922,-0.043762207
4923,-0.04403685
4924,-0.043518066
4925,-0.03817749
4926,-0.032897934
4927,-0.032806396
4928,-0.033172607
4929,-0.032012925
4930,-0.031646743
4931,-0.03503418
4932,-0.043945312
4933,-0.04736331
4934,-0.052490234
4935,-0.051971436
4936,-0.044555664
4937,-0.029022187
4938,0.0079956055
4939,0.075531036
4940,0.14212042
4941,0.2156372
4942,0.31558228
4943,0.40707394
4944,0.46176147
4945,0.5126953
4946,0.5746765
4947,0.6072082
4948,0.58749384
4949,0.5509035
4950,0.5062561
4951,0.42291272
4952,0.29629552
4953,0.15225232
4954,0.015167236
4955,-0.10556018
4956,-0.21926904
4957,-0.32662964
4958,-0.4147036
4959,-0.491333
4960,-0.568115
4961,-0.6469115
4962,-0.72192377
4963,-0.78298926
4964,-0.81561273
4965,-0.8223572
4966,-0.8090211
4967,-0.7706603
4968,-0.7288207
4969,-0.6885684
4970,-0.6352843
4971,-0.56222534
4972,-0.48541296
4973,-0.38757324
4974,-0.23413098
4975,-0.060821652
4976,0.085235834
4977,0.22235131
4978,0.35787964
4979,0.44625866
4980,0.4926145
4981,0.5361941
4982,0.59506226
4983,0.67904663
4984,0.7810059
4985,0.90203875
4986,1.0295105
4987,1.1337283
4988,1.2145386
4989,1.2457885
4990,1.2091066
4991,1.1231385
4992,1.0015566
4993,0.849823
4994,0.6591189
4995,0.40975952
4996,0.118927
4997,-0.18371558
4998,-0.50231934
4999,-0.8390198
5000,-1.1580203
5001,-1.4252623
5002,-1.6153868
5003,-1.7047118
5004,-1.6748658
5005,-1.5379333
5006,-1.310974
5007,-1.018158
5008,-0.70248425
5009,-0.40863013
5010,-0.16149902
5011,0.023528814
5012,0.14175427
5013,0.21197498
5014,0.23913574
5015,0.24023438
5016,0.23516846
5017,0.24154663
5018,0.26492321
5019,0.30606103
5020,0.36517322
5021,0.443115
5022,0.5227967
5023,0.58865356
5024,0.6286008
5025,0.6393127
5026,0.61846924
5027,0.5666504
5028,0.49136353
5029,0.41134644
5030,0.33758536
5031,0.2668457
5032,0.21389782
5033,0.1839292
5034,0.16192621
5035,0.15109277
5036,0.15960681
5037,0.16485602
5038,0.16769433
5039,0.17425525
5040,0.17169201
5041,0.16055322
5042,0.13943493
5043,0.10635376
5044,0.06530774
5045,0.01977551
5046,-0.037353635
5047,-0.09963977
5048,-0.16720557
5049,-0.23727405
5050,-0.30703735
5051,-0.37316883
5052,-0.4368593
5053,-0.4890443
5054,-0.5235597
5055,-0.53906226
5056,-0.54095453
5057,-0.52407837
5058,-0.49127203
5059,-0.44546503
5060,-0.39553836
5061,-0.33996582
5062,-0.2864685
5063,-0.23757935
5064,-0.19326794
5065,-0.15548694
5066,-0.12438965
5067,-0.100464106
5068,-0.07598883
5069,-0.052642703
5070,-0.023712397
5071,0.008514345
5072,0.045959473
5073,0.085632324
5074,0.122772336
5075,0.15115362
5076,0.17550659
5077,0.19088757
5078,0.2008971
5079,0.21093753
5080,0.21755981
5081,0.21685779
5082,0.21817032
5083,0.21737674
5084,0.2144469
5085,0.20913701
5086,0.20059216
5087,0.18847653
5088,0.17703246
5089,0.16256712
5090,0.1482544
5091,0.14010619
5092,0.1317749
5093,0.119964585
5094,0.10946655
5095,0.09185791
5096,0.06539917
5097,0.04122922
5098,0.022033721
5099,-0.00045776367
5100,-0.021209747
5101,-0.0335083
5102,-0.040985078
5103,-0.048339814
5104,-0.057678193
5105,-0.06359863
5106,-0.065826386
5107,-0.062438905
5108,-0.059112504
5109,-0.059082016
5110,-0.05966188
5111,-0.057861328
5112,-0.05514522
5113,-0.055267364
5114,-0.05221559
5115,-0.0447693
5116,-0.032348625
5117,-0.013275132
5118,0.003570553
5119,0.020477291
5120,0.035827633
5121,0.039886467
5122,0.035766594
5123,0.028717056
5124,0.018524125
5125,0.004302986
5126,-0.010955796
5127,-0.018646233
5128,-0.018066421
5129,-0.019744858
5130,-0.019195557
5131,-0.0150451735
5132,-0.013702396
5133,-0.017028816
5134,-0.019195568
5135,-0.020355217
5136,-0.026794408
5137,-0.04211426
5138,-0.05407717
5139,-0.061309814
5140,-0.07336423
5141,-0.08084106
5142,-0.07476805
5143,-0.06579591
5144,-0.058349624
5145,-0.0500488
5146,-0.03924559
5147,-0.028594986
5148,-0.021423325
5149,-0.018005341
5150,-0.015197724
5151,-0.012268066
5152,-0.01580809
5153,-0.022644043
5154,-0.028869644
5155,-0.031890854
5156,-0.03155519
5157,-0.02172853
5158,-0.006439179
5159,0.0078125
5160,0.02893065
5161,0.04943849
5162,0.06591798
5163,0.07678223
5164,0.08294679
5165,0.08035278
5166,0.07559204
5167,0.067291275
5168,0.059020985
5169,0.051238988
5170,0.04537964
5171,0.041290276
5172,0.04199218
5173,0.035217293
5174,0.022552487
5175,0.011688236
5176,-0.004364021
5177,-0.023498524
5178,-0.039398193
5179,-0.050109863
5180,-0.04974364
5181,-0.04251097
5182,-0.03057862
5183,-0.01373291
5184,0.0047302283
5185,0.0168457
5186,0.022827145
5187,0.021392826
5188,0.02960205
5189,0.041107178
5190,0.04812622
5191,0.048309326
5192,0.047912594
5193,0.044799805
5194,0.03823854
5195,0.030456536
5196,0.02157592
5197,0.015411399
5198,0.0076599047
5199,-0.00054933876
5200,-0.007446274
5201,-0.012054451
5202,-0.01593019
5203,-0.019622825
5204,-0.025695778
5205,-0.03140259
5206,-0.034515396
5207,-0.036804203
5208,-0.038299557
5209,-0.0362549
5210,-0.025787357
5211,-0.011047355
5212,0.00021362118
5213,0.010375975
5214,0.014068605
5215,0.015533447
5216,0.016296385
5217,0.01965331
5218,0.023559567
5219,0.02954102
5220,0.030609123
5221,0.028167717
5222,0.026458755
5223,0.027923584
5224,0.02835083
5225,0.020935059
5226,0.013030998
5227,0.0038757548
5228,-0.010314941
5229,-0.02163697
5230,-0.027282692
5231,-0.028076146
5232,-0.025543224
5233,-0.01776123
5234,-0.01223753
5235,-0.010864235
5236,-0.017303456
5237,-0.027282726
5238,-0.03860473
5239,-0.05059813
5240,-0.055053707
5241,-0.05245973
5242,-0.05120851
5243,-0.046813965
5244,-0.036010742
5245,-0.026824966
5246,-0.022247292
5247,-0.016601559
5248,-0.014190659
5249,-0.018280037
5250,-0.02999875
5251,-0.04220581
5252,-0.04769896
5253,-0.054046616
5254,-0.06143187
5255,-0.058380127
5256,-0.041778535
5257,-0.02563475
5258,-0.013183564
5259,-0.000579834
5260,0.011077866
5261,0.019866973
5262,0.024169907
5263,0.03237915
5264,0.038024917
5265,0.04272461
5266,0.051361084
5267,0.05987549
5268,0.06414794
5269,0.0701599
5270,0.07464595
5271,0.069824226
5272,0.06112674
5273,0.046936035
5274,0.035125718
5275,0.02914429
5276,0.030944832
5277,0.027496338
5278,0.02423096
5279,0.029663071
5280,0.03491212
5281,0.028717041
5282,0.017150879
5283,0.013610855
5284,0.010223411
5285,0.0049438626
5286,-0.0025329515
5287,-0.011962883
5288,-0.017333955
5289,-0.008270279
5290,-0.0008545071
5291,-0.00048829615
5292,0.001190193
5293,0.008819573
5294,0.009460449
5295,0.0035094917
5296,0.0006408766
5297,0.0056457818
5298,0.015014656
5299,0.024627678
5300,0.023834243
5301,0.016693152
5302,0.01855468
5303,0.013336182
5304,-0.008453354
5305,-0.02319336
5306,-0.02545163
5307,-0.034820527
5308,-0.046142608
5309,-0.042205814
5310,-0.032623284
5311,-0.02410889
5312,-0.009155281
5313,0.0074157715
5314,0.01391599
5315,0.011901852
5316,0.015472416
5317,0.015930142
5318,0.00942992
5319,0.00021363422
5320,-0.0050354116
5321,-0.0061035194
5322,-0.011657741
5323,-0.020355228
5324,-0.022094745
5325,-0.02273558
5326,-0.023406986
5327,-0.022613544
5328,-0.028076177
5329,-0.037811264
5330,-0.043304436
5331,-0.0416565
5332,-0.03808593
5333,-0.0386963
5334,-0.045074455
5335,-0.049530037
5336,-0.049987786
5337,-0.049530037
5338,-0.056091294
5339,-0.05825804
5340,-0.045837417
5341,-0.026489258
5342,-0.015716538
5343,-0.0097961575
5344,-0.0032043308
5345,0.0046081394
5346,0.0078430325
5347,0.00881958
5348,0.006011933
5349,0.008300781
5350,0.012115508
5351,0.016021714
5352,0.018371552
5353,0.02072145
5354,0.021759048
5355,0.0262146
5356,0.032104492
5357,0.037414573
5358,0.032043457
5359,0.026397675
5360,0.026184067
5361,0.026519805
5362,0.020629868
5363,0.024414048
5364,0.03527832
5365,0.042236336
5366,0.04595948
5367,0.055389408
5368,0.05404663
5369,0.042449944
5370,0.03564454
5371,0.03005981
5372,0.020538341
5373,0.014862064
5374,0.01342776
5375,0.011871342
5376,0.007904053
5377,0.0031127855
5378,0.00097657
5379,-0.0045776404
5380,-0.017425556
5381,-0.022827141
5382,-0.02035521
5383,-0.017425533
5384,-0.015136726
5385,-0.011901859
5386,-0.010131836
5387,-0.007446289
5388,-0.00790406
5389,-0.009765623
5390,-0.008575436
5391,0.0048217718
5392,0.022247314
5393,0.037872322
5394,0.047210712
5395,0.05197144
5396,0.05053711
5397,0.0463562
5398,0.036071792
5399,0.019592255
5400,0.0014037788
5401,-0.010314956
5402,-0.016876206
5403,-0.02334594
5404,-0.03060916
5405,-0.033752456
5406,-0.027832001
5407,-0.024841301
5408,-0.029113796
5409,-0.026489265
5410,-0.023773178
5411,-0.023010265
5412,-0.020446789
5413,-0.01672364
5414,-0.010559091
5415,0.0004272461
5416,0.006988531
5417,0.0076599196
5418,0.00289917
5419,0.00051878206
5420,-0.00036620907
5421,-0.0024108887
5422,-0.0067749154
5423,-0.005493179
5424,0.0028076172
5425,0.0052795503
5426,0.002716072
5427,0.00067139417
5428,-0.005615242
5429,-0.017333984
5430,-0.023468008
5431,-0.025421148
5432,-0.02508546
5433,-0.021697996
5434,-0.010894779
5435,-0.0028686523
5436,0.0011291523
5437,0.0028076181
5438,0.0066833487
5439,0.0066833505
5440,0.012298585
5441,0.014923095
5442,0.012908933
5443,0.008514403
5444,0.011199951
5445,0.011505129
5446,0.0022888184
5447,-0.009185791
5448,-0.016174316
5449,-0.02304077
5450,-0.027191162
5451,-0.031219484
5452,-0.030334475
5453,-0.020141598
5454,-0.013549808
5455,-0.010345459
5456,-0.0053100586
5457,-0.0055847205
5458,-0.01382447
5459,-0.021209706
5460,-0.02999879
5461,-0.0342102
5462,-0.029724099
5463,-0.022277817
5464,-0.0105896
5465,-0.004089348
5466,-9.1545284e-05
5467,0.006378174
5468,0.00985717
5469,0.0021972507
5470,-0.0074768066
5471,-0.0038147122
5472,0.011108398
5473,0.018768325
5474,0.020874046
5475,0.02651976
5476,0.020904519
5477,0.00921632
5478,0.0049743764
5479,-0.0011902042
5480,-0.005706787
5481,-0.0059509166
5482,0.00039673224
5483,0.011718731
5484,0.016418442
5485,0.010772705
5486,0.0051879957
5487,0.003967274
5488,0.003814675
5489,-0.0029907152
5490,-0.011962891
5491,-0.010192886
5492,-0.007476799
5493,6.104633e-05
5494,0.01208495
5495,0.02233886
5496,0.032897964
5497,0.047271732
5498,0.04986571
5499,0.045593254
5500,0.04748535
5501,0.04696655
5502,0.032897964
5503,0.016479485
5504,0.014068611
5505,0.00790406
5506,-0.0029907078
5507,-0.01086425
5508,-0.005859375
5509,-0.005096443
5510,-0.00543214
5511,-0.0032043606
5512,0.0030517504
5513,0.007354729
5514,0.007934552
5515,0.010711666
5516,0.017730713
5517,0.027252208
5518,0.035308808
5519,0.039215073
5520,0.03649901
5521,0.03665161
5522,0.038269028
5523,0.037200928
5524,0.032928467
5525,0.057373047
5526,0.12738039
5527,0.23147583
5528,0.28805545
5529,0.31195062
5530,0.2979126
5531,0.2857666
5532,0.18634039
5533,0.23815906
5534,-0.06668097
5535,-0.76312244
5536,-1.0723876
5537,-1.0978701
5538,-1.5551454
5539,-1.6788025
5540,-1.175781
5541,-0.57986474
5542,-0.01702869
5543,0.47375512
5544,0.6921387
5545,0.64993286
5546,0.48855597
5547,0.34774768
5548,0.28558373
5549,0.23880017
5550,0.24621558
5551,0.3334657
5552,0.45278937
5553,0.5562745
5554,0.6199951
5555,0.6195373
5556,0.5887145
5557,0.54833996
5558,0.47015393
5559,0.3582763
5560,0.24694824
5561,0.14981091
5562,0.07473773
5563,0.034881353
5564,0.016448855
5565,0.018584967
5566,0.030608892
5567,0.04168713
5568,0.026550412
5569,-0.015197873
5570,-0.07229602
5571,-0.13571125
5572,-0.20092762
5573,-0.25329572
5574,-0.28176856
5575,-0.28829956
5576,-0.29376227
5577,-0.30621344
5578,-0.30392477
5579,-0.28674316
5580,-0.27127063
5581,-0.25466916
5582,-0.23043822
5583,-0.21005249
5584,-0.20236208
5585,-0.2061768
5586,-0.20904538
5587,-0.21206665
5588,-0.22131342
5589,-0.2296449
5590,-0.22579947
5591,-0.20687851
5592,-0.17605597
5593,-0.12643433
5594,-0.047881722
5595,0.031707764
5596,0.098602176
5597,0.16427618
5598,0.22921771
5599,0.2503659
5600,0.25115952
5601,0.26297003
5602,0.28790283
5603,0.29510477
5604,0.28652954
5605,0.2871094
5606,0.28475952
5607,0.26766974
5608,0.24108884
5609,0.20498657
5610,0.163391
5611,0.12005624
5612,0.050232023
5613,-0.03237936
5614,-0.10876474
5615,-0.17648298
5616,-0.23434448
5617,-0.2702943
5618,-0.28994757
5619,-0.3065796
5620,-0.33020025
5621,-0.35452276
5622,-0.36972043
5623,-0.3603515
5624,-0.32455456
5625,-0.26971442
5626,-0.19821173
5627,-0.114868104
5628,-0.030639768
5629,0.045288086
5630,0.1121521
5631,0.16915888
5632,0.21588135
5633,0.2528078
5634,0.27941886
5635,0.29614246
5636,0.29876703
5637,0.28952023
5638,0.27276614
5639,0.24850464
5640,0.2172241
5641,0.18182373
5642,0.14395143
5643,0.10745242
5644,0.07449341
5645,0.04812622
5646,0.025054961
5647,0.00781253
5648,0.0028076172
5649,0.00079345703
5650,-0.006988555
5651,-0.01083374
5652,-0.012207031
5653,-0.015441924
5654,-0.02154544
5655,-0.02670288
5656,-0.030151367
5657,-0.029907227
5658,-0.03201294
5659,-0.033020005
5660,-0.0345459
5661,-0.03158571
5662,-0.027038574
5663,-0.028625473
5664,-0.027923584
5665,-0.025482193
5666,-0.025299057
5667,-0.02905269
5668,-0.03475952
5669,-0.04058838
5670,-0.042877182
5671,-0.049346916
5672,-0.056488052
5673,-0.060150146
5674,-0.060089104
5675,-0.05688476
5676,-0.053985596
5677,-0.049835205
5678,-0.043609623
5679,-0.036346443
5680,-0.03253174
5681,-0.033630364
5682,-0.034728996
5683,-0.030212417
5684,-0.027130127
5685,-0.026947021
5686,-0.02835083
5687,-0.027587876
5688,-0.025482185
5689,-0.022491448
5690,-0.021850578
5691,-0.021057129
5692,-0.013397202
5693,-0.0048828274
5694,-0.00064088404
5695,0.009796143
5696,0.016723648
5697,0.018157944
5698,0.024871804
5699,0.03359987
5700,0.034606963
5701,0.036346428
5702,0.042236365
5703,0.044799812
5704,0.039398186
5705,0.041046135
5706,0.041259788
5707,0.037323
5708,0.032104492
5709,0.027862549
5710,0.023376467
5711,0.018676758
5712,0.009887695
5713,0.004058838
5714,-0.0020446777
5715,-0.008544922
5716,-0.018127441
5717,-0.02352905
5718,-0.028289795
5719,-0.03366089
5720,-0.039245605
5721,-0.039855964
5722,-0.041778572
5723,-0.0423584
5724,-0.043273922
5725,-0.035369866
5726,-0.02221679
5727,-0.0047912523
5728,0.010955818
5729,0.0293274
5730,0.045471173
5731,0.05325317
5732,0.055694565
5733,0.0562439
5734,0.056091312
5735,0.05538942
5736,0.053680405
5737,0.04766845
5738,0.04687501
5739,0.0474243
5740,0.04333494
5741,0.033813484
5742,0.023834243
5743,0.013458252
5744,0.002288811
5745,-0.012298584
5746,-0.026733384
5747,-0.034362778
5748,-0.029144295
5749,-0.025909424
5750,-0.02984615
5751,-0.024963398
5752,-0.014282234
5753,-0.0120849535
5754,-0.012084965
5755,-0.012847904
5756,-0.016571026
5757,-0.020416249
5758,-0.02365112
5759,-0.017639147
5760,-0.015228266
5761,-0.0126647875
5762,-0.010040283
5763,-0.0014343243
5764,0.0031738263
5765,0.005554203
5766,0.006195072
5767,0.0121154785
5768,0.017150879
5769,0.014373779
5770,0.005554214
5771,-0.0007934682
5772,-0.011108398
5773,-0.023345944
5774,-0.031188956
5775,-0.039917
5776,-0.04827881
5777,-0.048858635
5778,-0.049194332
5779,-0.04531861
5780,-0.033874527
5781,-0.025451645
5782,-0.015014663
5783,-0.0027771145
5784,0.00491333
5785,0.015869156
5786,0.017913796
5787,0.014526367
5788,0.014556907
5789,0.020416245
5790,0.019500725
5791,0.015716564
5792,0.010467531
5793,0.012969956
5794,0.010833744
5795,0.0052490216
5796,-0.0030517653
5797,-0.0038452148
5798,-0.00534058
5799,-0.0025024414
5800,0.0011901855
5801,0.0039062463
5802,0.0016174279
5803,0.003540039
5804,-0.0016479492
5805,0.0021972656
5806,0.0071105957
5807,0.012451172
5808,0.01257324
5809,0.017883303
5810,0.014068604
5811,0.00552368
5812,-0.006286621
5813,-0.013122555
5814,-0.022094728
5815,-0.022247318
5816,-0.01681519
5817,-0.00839234
5818,-0.0053100437
5819,-0.0061950833
5820,-0.014038086
5821,-0.022491455
5822,-0.029815685
5823,-0.03112793
5824,-0.032409668
5825,-0.03192141
5826,-0.026885979
5827,-0.015777595
5828,-0.004241951
5829,0.0072631985
5830,0.015960678
5831,0.018188477
5832,0.01889038
5833,0.015625015
5834,0.0092773475
5835,0.00064085424
5836,-0.0028991923
5837,0.0024414062
5838,0.015808083
5839,0.03359983
5840,0.049163822
5841,0.05468751
5842,0.062133797
5843,0.069366455
5844,0.067535415
5845,0.056793205
5846,0.051879898
5847,0.046508778
5848,0.036407456
5849,0.029724121
5850,0.03280639
5851,0.034240678
5852,0.035888687
5853,0.03634639
5854,0.03567505
5855,0.025329575
5856,0.007476777
5857,-0.010864273
5858,-0.029388458
5859,-0.04537967
5860,-0.05493164
5861,-0.059265114
5862,-0.057403572
5863,-0.045349106
5864,-0.02609251
5865,-0.0128479
5866,0.0030212253
5867,0.016387977
5868,0.022857673
5869,0.02529908
5870,0.022186294
5871,0.0072021484
5872,-0.009277351
5873,-0.01641845
5874,-0.024932858
5875,-0.0293274
5876,-0.03384399
5877,-0.033508312
5878,-0.026733417
5879,-0.02102661
5880,-0.017547598
5881,-0.01617432
5882,-0.01843262
5883,-0.01705933
5884,-0.016906738
5885,-0.022247318
5886,-0.025024418
5887,-0.024291994
5888,-0.021942142
5889,-0.014678959
5890,-0.009521477
5891,-0.008636478
5892,-0.011627197
5893,-0.011627205
5894,-0.015319824
5895,-0.01712035
5896,-0.017150901
5897,-0.019134548
5898,-0.016662572
5899,-0.012512185
5900,-0.007965103
5901,-0.0048828274
5902,-0.0015868843
5903,0.009338394
5904,0.024230935
5905,0.032196052
5906,0.042663608
5907,0.04498291
5908,0.039245598
5909,0.03164674
5910,0.023956299
5911,0.010009764
5912,0.0011901851
5913,-0.0057678213
5914,-0.012664795
5915,-0.018707275
5916,-0.021728521
5917,-0.022186285
5918,-0.013549808
5919,-0.00146484
5920,0.010223379
5921,0.019531243
5922,0.027038582
5923,0.028808601
5924,0.025329584
5925,0.01419067
5926,0.004760743
5927,-0.004577636
5928,-0.01086426
5929,-0.015075687
5930,-0.008483885
5931,-0.0037841816
5932,0.010345459
5933,0.020507814
5934,0.026733402
5935,0.028350824
5936,0.026763909
5937,0.013854969
5938,0.008392341
5939,0.003173843
5940,-0.005889911
5941,-0.011688234
5942,-0.008728003
5943,-0.012207031
5944,-0.015319835
5945,-0.013549805
5946,-0.01928711
5947,-0.022460934
5948,-0.022430418
5949,-0.020751953
5950,-0.015319824
5951,-0.00592041
5952,0.00045776553
5953,0.014251708
5954,0.015716553
5955,0.0072631845
5956,-0.00082397554
5957,-0.004608155
5958,-0.009979248
5959,-0.011108399
5960,-0.009216307
5961,-0.006774904
5962,-0.0057373084
5963,-0.004638668
5964,-0.0031433105
5965,0.0019531231
5966,0.004119873
5967,0.013031008
5968,0.018615723
5969,0.02819824
5970,0.03533936
5971,0.03247071
5972,0.019500736
5973,0.01309203
5974,0.006073002
5975,-0.0022583008
5976,-0.012084978
5977,-0.016784685
5978,-0.01977539
5979,-0.020751955
5980,-0.027435303
5981,-0.030426025
5982,-0.032165527
5983,-0.032043457
5984,-0.032989495
5985,-0.020172127
5986,-0.0028076097
5987,0.012451172
5988,0.021392822
5989,0.029907225
5990,0.031982422
5991,0.028228752
5992,0.020599367
5993,0.013397214
5994,0.009094236
5995,0.006713867
5996,0.009002685
5997,0.009033203
5998,0.010681152
5999,0.011108397
6000,0.013702391
6001,0.009063721
6002,0.010498047
6003,0.012420654
6004,0.014404297
6005,0.007751465
6006,0.001190193
6007,-0.0056152344
6008,-0.007354744
6009,-0.010040276
6010,-0.011505127
6011,-0.008148208
6012,0.0017089769
6013,0.0029296875
6014,0.0067443848
6015,0.010223389
6016,0.006896984
6017,0.0004882887
6018,0.00042723492
6019,-0.00585936
6020,-0.012756333
6021,-0.015838629
6022,-0.019073496
6023,-0.021820066
6024,-0.02227784
6025,-0.023223877
6026,-0.02374268
6027,-0.019195557
6028,-0.01449585
6029,-0.0076293964
6030,-0.00024414062
6031,0.006927492
6032,0.00827026
6033,0.0017700191
6034,0.001647952
6035,0.0016174335
6036,-0.0010375977
6037,-0.0023498489
6038,0.0004882831
6039,-0.0011901846
6040,-0.00109863
6041,-0.004272461
6042,-0.010742186
6043,-0.012115477
6044,-0.0099487305
6045,-0.010223389
6046,-0.006591797
6047,-0.007843018
6048,-0.00885009
6049,-0.0101318285
6050,-0.005065918
6051,-0.002929695
6052,0.0048217773
6053,0.0112915
6054,0.016479477
6055,0.019042954
6056,0.020080572
6057,0.016662601
6058,0.0067749023
6059,0.0015258789
6060,-0.0036926223
6061,-0.011901856
6062,-0.017791748
6063,-0.01995849
6064,-0.023651116
6065,-0.025634773
6066,-0.024200447
6067,-0.019989021
6068,-0.009857185
6069,0.0011901744
6070,0.011291482
6071,0.02114869
6072,0.027557388
6073,0.03533936
6074,0.039855957
6075,0.03948975
6076,0.04006958
6077,0.044769287
6078,0.04940796
6079,0.047637932
6080,0.04678344
6081,0.04595948
6082,0.040771484
6083,0.030975342
6084,0.020019546
6085,0.011444084
6086,0.006469719
6087,0.0032654032
6088,0.001098603
6089,0.0011596382
6090,-0.0016174465
6091,-0.0021057278
6092,-0.005279556
6093,-0.009399429
6094,-0.012969986
6095,-0.018554695
6096,-0.026275642
6097,-0.03326413
6098,-0.037445046
6099,-0.041229274
6100,-0.04397583
6101,-0.04910277
6102,-0.049530037
6103,-0.048767105
6104,-0.047058113
6105,-0.04187011
6106,-0.031127922
6107,-0.019165032
6108,-0.009338386
6109,-0.0010070652
6110,0.0013122559
6111,0.002044674
6112,0.0010986365
6113,0.00054932386
6114,-0.0022583082
6115,-0.006256111
6116,-0.01159668
6117,-0.01272583
6118,-0.016937248
6119,-0.023895282
6120,-0.024200466
6121,-0.018829323
6122,-0.01586917
6123,-0.012725875
6124,-0.007293679
6125,-0.0014953464
6126,-0.0015564188
6127,-0.0038757548
6128,-0.0028075874
6129,-0.0014343038
6130,0.0015869141
6131,0.00796508
6132,0.0074463114
6133,0.010467544
6134,0.019348167
6135,0.021240264
6136,0.025451645
6137,0.032012947
6138,0.037536643
6139,0.041198734
6140,0.04782103
6141,0.04904174
6142,0.04507446
6143,0.041198738
6144,0.037170418
6145,0.02639769
6146,0.018524162
6147,0.012939461
6148,0.009216309
6149,0.0025329292
6150,0.0025940016
6151,0.001007095
6152,0.00021362305
6153,0.00088500977
6154,6.104261e-05
6155,-0.0070190467
6156,-0.00012208149
6157,0.0083923265
6158,0.008361813
6159,0.0045166053
6160,0.012329083
6161,0.010681145
6162,0.0010375939
6163,-0.0026245154
6164,-0.002716072
6165,-0.005126957
6166,0.0015869066
6167,-0.0013732687
6168,-0.013183616
6169,-0.020446803
6170,-0.026916496
6171,-0.042358384
6172,-0.04898073
6173,-0.046081554
6174,-0.04669188
6175,-0.04110717
6176,-0.026153568
6177,-0.023162838
6178,-0.02120971
6179,-0.0125122145
6180,-0.009185795
6181,-0.01556395
6182,-0.017425533
6183,-0.019287113
6184,-0.025634795
6185,-0.029357918
6186,-0.029571503
6187,-0.030853264
6188,-0.024261475
6189,-0.0172119
6190,-0.019805908
6191,-0.015899666
6192,-0.005859375
6193,0.005859375
6194,0.015319809
6195,0.027709961
6196,0.036407493
6197,0.040100113
6198,0.04843144
6199,0.048858643
6200,0.04159546
6201,0.03842163
6202,0.040222175
6203,0.033721924
6204,0.027923591
6205,0.030883789
6206,0.037353516
6207,0.04019165
6208,0.04736328
6209,0.049743645
6210,0.055480964
6211,0.06518556
6212,0.06079101
6213,0.049865723
6214,0.040191665
6215,0.030029312
6216,0.018188462
6217,0.0031432956
6218,0.0010681152
6219,0.0007324219
6220,0.0005798042
6221,0.00573729
6222,0.005065948
6223,0.0009765476
6224,0.0025939792
6225,0.00021363795
6226,-0.003478989
6227,-0.0115967095
6228,-0.0131225735
6229,-0.0205383
6230,-0.033050552
6231,-0.039276138
6232,-0.039367653
6233,-0.0429077
6234,-0.033355735
6235,-0.027130134
6236,-0.02847289
6237,-0.032012943
6238,-0.031372078
6239,-0.040313724
6240,-0.04837037
6241,-0.053649902
6242,-0.057189934
6243,-0.05114746
6244,-0.04434204
6245,-0.03433229
6246,-0.025451653
6247,-0.018981948
6248,-0.007110607
6249,-0.0011291429
6250,0.007995613
6251,0.019439705
6252,0.027648933
6253,0.03799437
6254,0.041168228
6255,0.041137706
6256,0.04302978
6257,0.0359497
6258,0.03466797
6259,0.022430416
6260,0.014190674
6261,0.008422844
6262,0.0033874586
6263,-0.00497438
6264,-0.007415779
6265,-0.017089844
6266,-0.02053834
6267,-0.031372078
6268,-0.033691406
6269,-0.044311523
6270,-0.05783081
6271,-0.058898915
6272,-0.06408693
6273,-0.060180657
6274,-0.06317138
6275,-0.059417725
6276,-0.053314224
6277,-0.055603042
6278,-0.059265137
6279,-0.05441284
6280,-0.054229766
6281,-0.053466797
6282,-0.05703734
6283,-0.047973633
6284,-0.04046628
6285,-0.052703857
6286,-0.042236328
6287,-0.034851044
6288,-0.040802002
6289,-0.034240723
6290,-0.018249542
6291,-0.008453369
6292,-0.0038146973
6293,-0.004760772
6294,0.01852417
6295,0.05154419
6296,0.08517453
6297,0.12701416
6298,0.19409183
6299,0.27481073
6300,0.33364862
6301,0.37173462
6302,0.40695184
6303,0.4521179
6304,0.4691163
6305,0.46026623
6306,0.42922974
6307,0.3864441
6308,0.31329358
6309,0.20950341
6310,0.07147187
6311,-0.05252099
6312,-0.15371716
6313,-0.2404784
6314,-0.3179934
6315,-0.3805849
6316,-0.41198713
6317,-0.44415277
6318,-0.49380508
6319,-0.5402831
6320,-0.57894886
6321,-0.62432873
6322,-0.6421509
6323,-0.6466063
6324,-0.6458436
6325,-0.62789905
6326,-0.6055908
6327,-0.58026135
6328,-0.54559326
6329,-0.5026245
6330,-0.42364514
6331,-0.2975465
6332,-0.16793787
6333,0.0043028593
6334,0.22314477
6335,0.42297387
6336,0.5653385
6337,0.66418445
6338,0.77017224
6339,0.82794213
6340,0.8198243
6341,0.84457374
6342,0.9089966
6343,0.95907605
6344,1.004425
6345,1.033661
6346,1.0277101
6347,0.9890441
6348,0.877777
6349,0.7145996
6350,0.54623437
6351,0.3738706
6352,0.18347168
6353,-0.019714117
6354,-0.23132348
6355,-0.44076586
6356,-0.65655494
6357,-0.8781129
6358,-1.0722662
6359,-1.2102659
6360,-1.2745967
6361,-1.2417299
6362,-1.1311342
6363,-0.973053
6364,-0.7745361
6365,-0.5656128
6366,-0.36975098
6367,-0.20031762
6368,-0.054748356
6369,0.050231934
6370,0.106659055
6371,0.122039855
6372,0.10952759
6373,0.08703601
6374,0.077056766
6375,0.0877378
6376,0.12646472
6377,0.19494641
6378,0.275055
6379,0.358734
6380,0.43634033
6381,0.492096
6382,0.5204163
6383,0.51632684
6384,0.49194324
6385,0.44573975
6386,0.38095093
6387,0.31030267
6388,0.25390616
6389,0.19860849
6390,0.1468507
6391,0.10531592
6392,0.08584595
6393,0.062683344
6394,0.05267322
6395,0.05303943
6396,0.05453515
6397,0.06048584
6398,0.080718756
6399,0.090270996
6400,0.092407584
6401,0.08364892
6402,0.061340213
6403,0.027160764
6404,-0.025573611
6405,-0.080444455
6406,-0.13793969
6407,-0.18719482
6408,-0.23040795
6409,-0.2695009
6410,-0.30740377
6411,-0.33425912
6412,-0.35766608
6413,-0.36865237
6414,-0.375763
6415,-0.36477664
6416,-0.3375549
6417,-0.29632574
6418,-0.25439465
6419,-0.20477307
6420,-0.16140747
6421,-0.119781464
6422,-0.09640509
6423,-0.08270261
6424,-0.07550031
6425,-0.06365955
6426,-0.06655872
6427,-0.063293695
6428,-0.058990657
6429,-0.05383286
6430,-0.044067264
6431,-0.026794672
6432,-0.009765506
6433,0.014434874
6434,0.04888904
6435,0.07534778
6436,0.09680191
6437,0.11447129
6438,0.13296506
6439,0.14596546
6440,0.15472415
6441,0.1565857
6442,0.16305539
6443,0.16256711
6444,0.15472429
6445,0.14920044
6446,0.13754275
6447,0.12725833
6448,0.12408449
6449,0.11654663
6450,0.104522705
6451,0.09881594
6452,0.087402344
6453,0.07412718
6454,0.056915283
6455,0.03622435
6456,0.020751938
6457,0.0043334663
6458,-0.0031433105
6459,-0.0088806
6460,-0.012451172
6461,-0.014892608
6462,-0.013397232
6463,-0.020050034
6464,-0.022888198
6465,-0.02526857
6466,-0.024139412
6467,-0.025207497
6468,-0.025024414
6469,-0.016815193
6470,-0.008392334
6471,-0.012908943
6472,-0.01577761
6473,-0.016876258
6474,-0.020385757
6475,-0.027282737
6476,-0.028869629
6477,-0.029235847
6478,-0.030731201
6479,-0.031707764
6480,-0.029205315
6481,-0.031707764
6482,-0.036834717
6483,-0.0404663
6484,-0.04724121
6485,-0.0479126
6486,-0.043029793
6487,-0.039031975
6488,-0.03054808
6489,-0.023864768
6490,-0.016571023
6491,-0.010406487
6492,-0.0082092285
6493,-0.008911148
6494,-0.013427734
6495,-0.018859863
6496,-0.012390152
6497,-0.007049568
6498,-0.008148193
6499,-0.0035095364
6500,0.0030212402
6501,0.004699737
6502,0.0031738132
6503,0.0009460002
6504,0.0034485012
6505,0.004119888
6506,-0.0026550442
6507,-0.0011596531
6508,0.0046081543
6509,0.011016846
6510,0.025054947
6511,0.0395813
6512,0.051605202
6513,0.06271363
6514,0.06365965
6515,0.06326293
6516,0.05880738
6517,0.046264645
6518,0.042602517
6519,0.04043579
6520,0.040802002
6521,0.049133297
6522,0.055328347
6523,0.05230713
6524,0.04827884
6525,0.04190065
6526,0.036407456
6527,0.031402603
6528,0.02273561
6529,0.020019501
6530,0.018249497
6531,0.015716553
6532,0.013305649
6533,0.006957993
6534,-0.000518769
6535,-0.0047302246
6536,-0.014007553
6537,-0.019165024
6538,-0.023162812
6539,-0.026306123
6540,-0.031738266
6541,-0.03744507
6542,-0.043823212
6543,-0.047851562
6544,-0.055847168
6545,-0.06259157
6546,-0.06695558
6547,-0.07064819
6548,-0.06814574
6549,-0.058532715
6550,-0.046234135
6551,-0.030517593
6552,-0.009613037
6553,0.009490978
6554,0.02752686
6555,0.04260254
6556,0.05706788
6557,0.06433106
6558,0.0552063
6559,0.040222168
6560,0.028869629
6561,0.009063732
6562,-0.017303478
6563,-0.036346447
6564,-0.039398186
6565,-0.035308838
6566,-0.036560077
6567,-0.035797127
6568,-0.03460694
6569,-0.037078865
6570,-0.03112793
6571,-0.015716545
6572,0.0011596605
6573,0.023101803
6574,0.048126236
6575,0.060913097
6576,0.055938713
6577,0.040130615
6578,0.012542721
6579,-0.013763426
6580,-0.034606926
6581,-0.045989998
6582,-0.050689697
6583,-0.046630852
6584,-0.043457024
6585,-0.034179695
6586,-0.027832039
6587,-0.02584837
6588,-0.025299072
6589,-0.022125259
6590,-0.013549782
6591,-0.010406472
6592,-0.009246826
6593,-0.0031432956
6594,0.0027466044
6595,0.0042114183
6596,0.005493164
6597,0.006347649
6598,0.0057372823
6599,0.0017700046
6600,0.0016174167
6601,-0.003936805
6602,-0.002319321
6603,-0.0003662184
6604,0.002258271
6605,0.015838623
6606,0.033142112
6607,0.044464096
6608,0.054687478
6609,0.06353761
6610,0.06866457
6611,0.060821526
6612,0.048980705
6613,0.03533937
6614,0.022430412
6615,0.010498043
6616,0.0073242113
6617,0.0069885366
6618,0.0023193173
6619,0.0072021335
6620,0.014465321
6621,0.012146004
6622,0.0068359226
6623,0.0014953464
6624,-0.015411377
6625,-0.032257073
6626,-0.042541515
6627,-0.048431396
6628,-0.053100593
6629,-0.045105
6630,-0.02374268
6631,-0.0040283147
6632,0.00177002
6633,0.014099121
6634,0.024017336
6635,0.025573734
6636,0.022155767
6637,0.0220337
6638,0.024505626
6639,0.020263672
6640,0.009124763
6641,0.0034179725
6642,0.0011291504
6643,-0.0069580153
6644,-0.014465336
6645,-0.0139770545
6646,-0.013305664
6647,-0.012603758
6648,-0.015472412
6649,-0.013671876
6650,-0.0046691876
6651,0.0066223145
6652,0.016784672
6653,0.02127075
6654,0.022613525
6655,0.022949211
6656,0.020599376
6657,0.016937245
6658,0.009063721
6659,0.0048217736
6660,0.0027771145
6661,-0.0015564114
6662,-0.0044250377
6663,-0.013061523
6664,-0.021270737
6665,-0.028533924
6666,-0.028442375
6667,-0.026855465
6668,-0.021942135
6669,-0.013244629
6670,-0.0044250526
6671,9.1550406e-05
6672,0.00628662
6673,0.0053710938
6674,0.0019531245
6675,-0.0026550312
6676,-3.0521303e-05
6677,9.155227e-05
6678,-0.0034484854
6679,-0.0078430185
6680,-0.011474609
6681,-0.015533449
6682,-0.016601566
6683,-0.01345825
6684,-0.007019041
6685,-0.001373292
6686,0.005065917
6687,0.0033569345
6688,-0.0020446787
6689,-0.007904058
6690,-0.013549805
6691,-0.020599362
6692,-0.022735588
6693,-0.014709465
6694,-0.009216312
6695,-0.0017395094
6696,0.006500244
6697,0.014343265
6698,0.027252179
6699,0.033264145
6700,0.03265381
6701,0.029693602
6702,0.02206421
6703,0.012390133
6704,0.0016784668
6705,-0.0066223126
6706,-0.015594483
6707,-0.01876831
6708,-0.017028805
6709,-0.012115478
6710,-0.007873535
6711,-0.005218507
6712,0.0024108915
6713,0.012786865
6714,0.021942139
6715,0.029815668
6716,0.032012932
6717,0.030334465
6718,0.02441407
6719,0.016174309
6720,0.008392323
6721,-0.0017089881
6722,-0.008728009
6723,-0.01181031
6724,-0.011413578
6725,-0.010894768
6726,-0.013122553
6727,-0.016754156
6728,-0.018310545
6729,-0.017059322
6730,-0.016510006
6731,-0.016845701
6732,-0.016357422
6733,-0.014923095
6734,-0.01638794
6735,-0.022735596
6736,-0.028106693
6737,-0.031677246
6738,-0.033050545
6739,-0.031219479
6740,-0.033630382
6741,-0.033172604
6742,-0.027191132
6743,-0.02078247
6744,-0.020660408
6745,-0.016204812
6746,-0.008300774
6747,-0.00057981163
6748,0.0019225925
6749,0.00067137927
6750,0.0005798638
6751,0.0008849874
6752,0.008056641
6753,0.018188462
6754,0.024749778
6755,0.030761726
6756,0.036834717
6757,0.037414543
6758,0.038696308
6759,0.036346443
6760,0.03665161
6761,0.03811646
6762,0.041229255
6763,0.041107185
6764,0.03942871
6765,0.03591919
6766,0.030517563
6767,0.02328492
6768,0.0133056715
6769,0.00787352
6770,0.001159668
6771,-0.004608147
6772,-0.005798325
6773,-0.005126942
6774,-9.1567636e-05
6775,0.003967263
6776,0.004852306
6777,0.0010986477
6778,-0.0044555813
6779,-0.011291511
6780,-0.02175903
6781,-0.026550278
6782,-0.026672386
6783,-0.025817882
6784,-0.02084351
6785,-0.016204832
6786,-0.012420654
6787,-0.010375977
6788,-0.008148195
6789,-0.0014953624
6790,-0.0030212402
6791,-0.0015258789
6792,0.003295899
6793,0.008453369
6794,0.014190675
6795,0.019714355
6796,0.023742678
6797,0.017578121
6798,0.012908936
6799,0.0050964355
6800,-0.0034790076
6801,-0.009246832
6802,-0.011871338
6803,-0.007812502
6804,-0.004119875
6805,-0.003021244
6806,-0.00067139044
6807,-0.00091553107
6808,-0.0013732929
6809,-0.0035400447
6810,-0.0048522986
6811,-0.0040588398
6812,-0.011444095
6813,-0.011840822
6814,-0.017181396
6815,-0.02243042
6816,-0.026458742
6817,-0.028411865
6818,-0.027557373
6819,-0.02618409
6820,-0.021179184
6821,-0.014862046
6822,-0.010284413
6823,-0.003936775
6824,1.8626451e-08
6825,0.005615253
6826,0.011993397
6827,0.01577757
6828,0.022216816
6829,0.024749767
6830,0.026306149
6831,0.028930655
6832,0.027923584
6833,0.027954102
6834,0.026611326
6835,0.024261476
6836,0.020690918
6837,0.014251709
6838,0.012512207
6839,0.012390137
6840,0.012573235
6841,0.0117492825
6842,0.014678948
6843,0.012359615
6844,0.009918228
6845,0.009094235
6846,0.0056152195
6847,0.006591819
6848,0.007110577
6849,0.0077819675
6850,0.011047374
6851,0.014282238
6852,0.0071410984
6853,0.0026855692
6854,-0.004882768
6855,-0.0111389235
6856,-0.023223892
6857,-0.025939934
6858,-0.024505608
6859,-0.022918697
6860,-0.02099609
6861,-0.020477295
6862,-0.022857662
6863,-0.022216799
6864,-0.021575931
6865,-0.016479492
6866,-0.009521486
6867,0.003601074
6868,0.0066223145
6869,0.010375976
6870,0.010009766
6871,0.005432131
6872,-0.001007081
6873,-0.0012512198
6874,-0.002899169
6875,-0.0019226074
6876,-0.0031738253
6877,-0.006652831
6878,-0.01541138
6879,-0.022155762
6880,-0.02441406
6881,-0.025665285
6882,-0.014923096
6883,-0.005065918
6884,0.011810299
6885,0.025970455
6886,0.046691895
6887,0.051879887
6888,0.052825928
6889,0.067443855
6890,0.1570434
6891,0.28500366
6892,0.3610229
6893,0.2723999
6894,0.18441752
6895,0.18118286
6896,0.24942026
6897,0.25424194
6898,-0.016052365
6899,-0.39520255
6900,-0.5001524
6901,-0.60671985
6902,-1.1784364
6903,-1.425934
6904,-1.110321
6905,-0.7107543
6906,-0.32138073
6907,0.1918031
6908,0.46200573
6909,0.4560243
6910,0.3093264
6911,0.17379802
6912,0.088623345
6913,0.017700255
6914,-0.02935791
6915,0.02004999
6916,0.14233392
6917,0.30636573
6918,0.43780518
6919,0.52246094
6920,0.55761707
6921,0.57543933
6922,0.55023205
6923,0.49847415
6924,0.40332034
6925,0.2997436
6926,0.2129823
6927,0.14727783
6928,0.119506896
6929,0.13333124
6930,0.16131604
6931,0.18826294
6932,0.20922858
6933,0.16983032
6934,0.10336316
6935,0.0023803115
6936,-0.10333288
6937,-0.22448707
6938,-0.30459553
6939,-0.3683167
6940,-0.40878296
6941,-0.42565912
6942,-0.40744
6943,-0.3766479
6944,-0.32312012
6945,-0.2560731
6946,-0.21334837
6947,-0.1719055
6948,-0.14627072
6949,-0.13656615
6950,-0.14907838
6951,-0.15118402
6952,-0.16375726
6953,-0.16885373
6954,-0.16653448
6955,-0.14883429
6956,-0.09762567
6957,-0.019470334
6958,0.06506339
6959,0.13406363
6960,0.24142456
6961,0.30749518
6962,0.29232788
6963,0.30245957
6964,0.29425046
6965,0.24227905
6966,0.16772461
6967,0.12438963
6968,0.043792725
6969,-0.021728516
6970,-0.09289554
6971,-0.13943484
6972,-0.1913147
6973,-0.207428
6974,-0.2350159
6975,-0.26348877
6976,-0.28366083
6977,-0.29943836
6978,-0.309265
6979,-0.2857666
6980,-0.23413086
6981,-0.19403064
6982,-0.15768427
6983,-0.128937
6984,-0.078307986
6985,-0.05731207
6986,-0.00415051
6987,0.03930664
6988,0.12103295
6989,0.16897559
6990,0.2599486
6991,0.318512
6992,0.38027954
6993,0.40731812
6994,0.43118295
6995,0.4159239
6996,0.38409418
6997,0.34518433
6998,0.29098517
6999,0.24652106
7000,0.1950379
7001,0.15850824
7002,0.11328119
7003,0.08099383
7004,0.05194086
7005,0.016998231
7006,-0.0014647841
7007,-0.029327452
7008,-0.045776427
7009,-0.06085211
7010,-0.066467285
7011,-0.08328241
7012,-0.08407575
7013,-0.085388094
7014,-0.09036249
7015,-0.08428955
7016,-0.082733124
7017,-0.068756044
7018,-0.07092279
7019,-0.049438506
7020,-0.048919678
7021,-0.028533936
7022,-0.03274533
7023,-0.022491425
7024,-0.03012085
7025,-0.028961167
7026,-0.04333496
7027,-0.04516603
7028,-0.061340302
7029,-0.06695555
7030,-0.07571414
7031,-0.082366936
7032,-0.091430634
7033,-0.09259034
7034,-0.09799195
7035,-0.104736306
7036,-0.10906981
7037,-0.10720825
7038,-0.11334229
7039,-0.11160277
7040,-0.09649658
7041,-0.089080796
7042,-0.07119751
7043,-0.054626495
7044,-0.03247069
7045,-0.026062012
7046,0.00030514598
7047,0.0011596382
7048,0.013214111
7049,0.01687622
7050,0.039215088
7051,0.028015152
7052,0.044281006
7053,0.043090805
7054,0.05349733
7055,0.051940918
7056,0.07479857
7057,0.069671616
7058,0.08108521
7059,0.07702637
7060,0.0807495
7061,0.059143074
7062,0.04629518
7063,0.030181877
7064,0.016662586
7065,0.010711672
7066,0.009948728
7067,0.00668335
7068,0.008392334
7069,0.008117675
7070,0.008331299
7071,0.0030822773
7072,0.00097656157
7073,0.00051879697
7074,0.0054931664
7075,0.0036926307
7076,0.013549804
7077,0.018615725
7078,0.01803589
7079,0.0206604
7080,0.021453857
7081,0.022979725
7082,0.01766967
7083,0.015563969
7084,0.0070800893
7085,0.00885009
7086,-0.007354751
7087,-0.016540501
7088,-0.030609138
7089,-0.026763942
7090,-0.03063964
7091,-0.021118158
7092,-0.0138244685
7093,-0.0022888165
7094,0.0015564002
7095,0.019104002
7096,0.017456057
7097,0.022338867
7098,0.024047844
7099,0.02896119
7100,0.0256958
7101,0.02911377
7102,0.026947021
7103,0.020904541
7104,0.015808113
7105,0.009643562
7106,-0.0016174391
7107,-0.009338394
7108,-0.022766113
7109,-0.021423344
7110,-0.021545425
7111,-0.009582531
7112,-0.010864258
7113,0.0082092285
7114,0.00451662
7115,0.010437027
7116,0.0010376126
7117,0.0077514797
7118,-0.0019531287
7119,-0.006103508
7120,-0.014739998
7121,-0.013183627
7122,-0.025573723
7123,-0.03051757
7124,-0.029602066
7125,-0.03378296
7126,-0.036621086
7127,-0.036834717
7128,-0.03170776
7129,-0.04345703
7130,-0.03393555
7131,-0.035797127
7132,-0.026458725
7133,-0.027252208
7134,-0.01086425
7135,-0.017089821
7136,-0.010528564
7137,-0.019165065
7138,-0.009521455
7139,-0.02136232
7140,-0.015563965
7141,-0.014190666
7142,-0.0078124776
7143,-0.0027771145
7144,-0.00018308312
7145,0.007690452
7146,0.016967766
7147,0.02175901
7148,0.026000977
7149,0.030090343
7150,0.026123047
7151,0.026916485
7152,0.024017341
7153,0.014343236
7154,0.009063721
7155,0.0003356859
7156,0.0023803748
7157,-0.012084965
7158,-0.011627194
7159,-0.016021721
7160,-0.0089721605
7161,-0.008422844
7162,0.004241932
7163,0.01211549
7164,0.017334003
7165,0.021148678
7166,0.018920878
7167,0.018951425
7168,0.0162964
7169,0.016967777
7170,0.007873527
7171,0.010528563
7172,0.0028686495
7173,-0.0038757361
7174,-0.014770504
7175,-0.011718746
7176,-0.013793943
7177,-0.015716553
7178,-0.010009766
7179,0.0002441425
7180,0.0032653809
7181,0.012146
7182,0.01333618
7183,0.017395018
7184,0.022644047
7185,0.031066896
7186,0.035156243
7187,0.044036865
7188,0.045989994
7189,0.04913331
7190,0.04858398
7191,0.043090813
7192,0.030395515
7193,0.020568833
7194,0.012725808
7195,0.008209214
7196,-0.0010986328
7197,-0.010070808
7198,-0.016113289
7199,-0.0291138
7200,-0.039764404
7201,-0.053619396
7202,-0.059204105
7203,-0.059265144
7204,-0.051666263
7205,-0.044555683
7206,-0.03167725
7207,-0.020568844
7208,-0.007659912
7209,-0.005645752
7210,-0.0026550312
7211,0.004333498
7212,0.0055541974
7213,0.001159668
7214,0.00030517764
7215,0.0024414044
7216,0.0034179725
7217,0.0073242188
7218,0.013519287
7219,0.025451662
7220,0.03170777
7221,0.03884888
7222,0.044891357
7223,0.04907225
7224,0.044860847
7225,0.036346443
7226,0.023162827
7227,0.011932366
7228,0.0013732985
7229,-0.012878422
7230,-0.016632088
7231,-0.015502948
7232,-0.008605968
7233,-0.009185787
7234,-0.0050964467
7235,-0.008850127
7236,-0.013824452
7237,-0.022888172
7238,-0.030487068
7239,-0.036590576
7240,-0.040527333
7241,-0.03857422
7242,-0.037994385
7243,-0.0362854
7244,-0.035461426
7245,-0.029998768
7246,-0.031799316
7247,-0.027709961
7248,-0.027648918
7249,-0.02011107
7250,-0.011810303
7251,-0.0024719387
7252,0.0045471266
7253,0.008087173
7254,0.009216309
7255,0.009796131
7256,0.010986343
7257,0.007904075
7258,0.006866459
7259,0.008117665
7260,0.014099121
7261,0.012268066
7262,0.010864269
7263,0.014709488
7264,0.010345459
7265,0.0051879697
7266,-3.0528754e-05
7267,-0.0026244968
7268,-0.007843014
7269,-0.009399433
7270,-0.0042114407
7271,-0.0039977953
7272,-0.0035095327
7273,0.0031737983
7274,0.012023911
7275,0.016021755
7276,0.028015137
7277,0.03970335
7278,0.05261231
7279,0.05081178
7280,0.04943847
7281,0.036804195
7282,0.023956306
7283,0.001983624
7284,-0.008880604
7285,-0.014038067
7286,-0.0064086877
7287,0.00021361932
7288,0.00790406
7289,0.013519276
7290,0.01773071
7291,0.016601562
7292,0.013305657
7293,0.012634281
7294,0.010681141
7295,0.01470948
7296,0.015625015
7297,0.014526352
7298,0.0073852465
7299,0.00030518323
7300,-0.005340591
7301,-0.012939431
7302,-0.018035889
7303,-0.023986831
7304,-0.024017353
7305,-0.024749752
7306,-0.027191155
7307,-0.029937748
7308,-0.028320333
7309,-0.02941894
7310,-0.026855461
7311,-0.025695805
7312,-0.022277828
7313,-0.02041626
7314,-0.020599367
7315,-0.016815195
7316,-0.015441913
7317,-0.018554688
7318,-0.018035889
7319,-0.020538338
7320,-0.02606202
7321,-0.030303929
7322,-0.03311155
7323,-0.03802491
7324,-0.03503415
7325,-0.027343735
7326,-0.01473999
7327,-0.00592041
7328,0.0034484938
7329,0.014648423
7330,0.021423355
7331,0.024780266
7332,0.028900117
7333,0.036132798
7334,0.038787875
7335,0.039947506
7336,0.03790281
7337,0.03811647
7338,0.037963867
7339,0.035247788
7340,0.023864748
7341,0.016662603
7342,0.010345455
7343,0.010742186
7344,0.0068359403
7345,0.00546265
7346,0.005126953
7347,0.010375977
7348,0.008575439
7349,0.011993416
7350,0.0121154785
7351,0.01565551
7352,0.013305642
7353,0.011535652
7354,0.010223404
7355,0.0072936825
7356,0.0014343113
7357,-0.0065307505
7358,-0.013977051
7359,-0.014556881
7360,-0.011596683
7361,-0.015472412
7362,-0.0142516885
7363,-0.0066528264
7364,0.0024108887
7365,0.0069274902
7366,0.010437012
7367,0.012878418
7368,0.020538326
7369,0.018951423
7370,0.013519291
7371,0.011718746
7372,0.013244629
7373,0.0056457855
7374,-0.001586888
7375,-0.0077209547
7376,-0.003051769
7377,-0.008880589
7378,-0.016723618
7379,-0.018249538
7380,-0.010620125
7381,-0.012023896
7382,-0.013977043
7383,-0.0148926005
7384,-0.0133056715
7385,-0.011596676
7386,-0.013366699
7387,-0.012664794
7388,-0.0075988774
7389,-0.0069580087
7390,-0.009063721
7391,-0.0138549805
7392,-0.017364504
7393,-0.02102661
7394,-0.025665281
7395,-0.0314331
7396,-0.022857662
7397,-0.014404282
7398,-0.0072936863
7399,-0.00772094
7400,-0.0056762584
7401,-0.0015563816
7402,0.0002136305
7403,-0.0028076135
7404,-0.004638683
7405,-0.002624493
7406,-0.0022888333
7407,-0.0010376163
7408,0.000579834
7409,0.006713867
7410,0.014129609
7411,0.023529038
7412,0.029296875
7413,0.036499023
7414,0.042694088
7415,0.048858643
7416,0.05010987
7417,0.040039048
7418,0.03646852
7419,0.029754627
7420,0.021179192
7421,0.0065612867
7422,0.0005187951
7423,-0.00042724982
7424,0.0053711087
7425,0.00042723492
7426,0.004455548
7427,0.0031127706
7428,6.1035156e-05
7429,0.00042723864
7430,-0.0018310845
7431,-0.0047912635
7432,-0.0026855245
7433,-0.0028076284
7434,-0.0075378567
7435,-0.0037841797
7436,-0.0073547475
7437,-0.0109253
7438,-0.013854958
7439,-0.017181389
7440,-0.02011108
7441,-0.021270737
7442,-0.026092514
7443,-0.028869633
7444,-0.0274048
7445,-0.035461433
7446,-0.03555298
7447,-0.037109375
7448,-0.0376587
7449,-0.03842163
7450,-0.027923588
7451,-0.020568844
7452,-0.014099121
7453,-0.009674065
7454,-0.005035389
7455,-0.0007324256
7456,-0.0020446815
7457,-0.0047302395
7458,0.00061035156
7459,0.010894772
7460,0.015472431
7461,0.026702859
7462,0.03201294
7463,0.03750611
7464,0.038574226
7465,0.027679425
7466,0.01635741
7467,0.009094242
7468,-0.0020751946
7469,-0.016204834
7470,-0.017761232
7471,-0.02194214
7472,-0.018066403
7473,-0.015441883
7474,-0.0139465295
7475,-0.007781986
7476,0.0068969764
7477,0.007385269
7478,0.010803213
7479,0.019317616
7480,0.022125253
7481,0.024719253
7482,0.025878908
7483,0.018463135
7484,0.018890385
7485,0.018859865
7486,0.013061523
7487,0.011352541
7488,0.012084961
7489,0.013732908
7490,0.014099123
7491,0.013366699
7492,0.009429924
7493,0.01535036
7494,0.016540535
7495,0.013183605
7496,0.008575443
7497,0.00796508
7498,0.0048523135
7499,-0.0030212514
7500,-0.016693123
7501,-0.03057862
7502,-0.0307617
7503,-0.040527344
7504,-0.047546394
7505,-0.049194347
7506,-0.04739379
7507,-0.04776001
7508,-0.04772949
7509,-0.046051037
7510,-0.044372533
7511,-0.027679443
7512,-0.02044677
7513,-0.0121154785
7514,-0.0024414062
7515,0.004913315
7516,0.004119888
7517,0.0066222996
7518,0.008270249
7519,0.0022583082
7520,0.010162346
7521,0.006225571
7522,0.010803215
7523,0.015014663
7524,0.014709458
7525,0.014038064
7526,0.011901844
7527,0.0084533505
7528,0.008880608
7529,0.009887718
7530,0.0005493127
7531,0.009979248
7532,0.018798824
7533,0.014831558
7534,0.029327393
7535,0.03186035
7536,0.028411863
7537,0.028259281
7538,0.028961174
7539,0.021484377
7540,0.029022217
7541,0.03268432
7542,0.026397709
7543,0.03768921
7544,0.036895763
7545,0.036285415
7546,0.032287598
7547,0.034118675
7548,0.03182984
7549,0.03536986
7550,0.037200913
7551,0.035339355
7552,0.03637694
7553,0.030700684
7554,0.031616226
7555,0.021331772
7556,0.011322051
7557,0.0067749023
7558,-0.0004272312
7559,-0.005340576
7560,-0.002166763
7561,0.0008239746
7562,-0.0015869141
7563,-0.0030822903
7564,-0.015716568
7565,-0.032196015
7566,-0.03686522
7567,-0.057128936
7568,-0.073822
7569,-0.07873531
7570,-0.086395286
7571,-0.097076416
7572,-0.08914182
7573,-0.090942375
7574,-0.0999756
7575,-0.092651375
7576,-0.096069336
7577,-0.101684585
7578,-0.10153198
7579,-0.10327147
7580,-0.099365234
7581,-0.09136966
7582,-0.07785034
7583,-0.06503296
7584,-0.049316406
7585,-0.037841797
7586,-0.022888184
7587,-0.011474609
7588,-0.0126953125
7589,-0.0049743652
7590,0.009521455
7591,0.01461792
7592,0.026611328
7593,0.031463623
7594,0.071899414
7595,0.124542266
7596,0.16525272
7597,0.21374512
7598,0.30108646
7599,0.37408453
7600,0.39422613
7601,0.42382815
7602,0.4720154
7603,0.49819934
7604,0.4759521
7605,0.42919934
7606,0.38571155
7607,0.299896
7608,0.16845715
7609,0.029449582
7610,-0.116973996
7611,-0.21902454
7612,-0.31356823
7613,-0.38088995
7614,-0.43264782
7615,-0.4661864
7616,-0.4838868
7617,-0.52117926
7618,-0.5599976
7619,-0.5982666
7620,-0.62860125
7621,-0.6538696
7622,-0.6636963
7623,-0.6612854
7624,-0.63220215
7625,-0.604187
7626,-0.57223487
7627,-0.53771985
7628,-0.4667362
7629,-0.37567103
7630,-0.2693479
7631,-0.11334252
7632,0.0370481
7633,0.20257616
7634,0.35482812
7635,0.48345935
7636,0.5879209
7637,0.6775209
7638,0.80807495
7639,0.9480593
7640,1.032654
7641,1.1031494
7642,1.2081908
7643,1.2619631
7644,1.237152
7645,1.1587524
7646,1.1055908
7647,1.0030515
7648,0.821594
7649,0.5957947
7650,0.3668821
7651,0.12271094
7652,-0.16513062
7653,-0.42083716
7654,-0.6114197
7655,-0.74819946
7656,-0.8570554
7657,-0.92370594
7658,-0.93734753
7659,-0.9194031
7660,-0.9136964
7661,-0.88769567
7662,-0.8641968
7663,-0.8263855
7664,-0.7886964
7665,-0.75115967
7666,-0.70806897
7667,-0.6475829
7668,-0.577484
7669,-0.5118104
7670,-0.41937232
7671,-0.33639526
7672,-0.22766125
7673,-0.12734985
7674,0.008361697
7675,0.14404297
7676,0.31127918
7677,0.44705188
7678,0.56866443
7679,0.64553857
7680,0.6773072
7681,0.6600646
7682,0.59127814
7683,0.51763934
7684,0.4328614
7685,0.3578797
7686,0.2839356
7687,0.2378235
7688,0.20571901
7689,0.17175293
7690,0.15753177
7691,0.13995358
7692,0.14468378
7693,0.14212027
7694,0.15655515
7695,0.15600598
7696,0.15557846
7697,0.16061395
7698,0.1613465
7699,0.15286243
7700,0.14602655
7701,0.14114368
7702,0.11846924
7703,0.10592657
7704,0.07305902
7705,0.03854382
7706,-0.0070186853
7707,-0.041778505
7708,-0.09063727
7709,-0.13061517
7710,-0.17398077
7711,-0.21057141
7712,-0.24563593
7713,-0.2738952
7714,-0.2948611
7715,-0.30603027
7716,-0.30490094
7717,-0.2941589
7718,-0.27996835
7719,-0.26400754
7720,-0.24124146
7721,-0.22540285
7722,-0.20352171
7723,-0.19430545
7724,-0.17922974
7725,-0.16943368
7726,-0.15460199
7727,-0.13995367
7728,-0.12005615
7729,-0.10272202
7730,-0.07333374
7731,-0.044647276
7732,-0.0137633085
7733,0.014678985
7734,0.03689581
7735,0.060577184
7736,0.08660871
7737,0.10192883
7738,0.12973025
7739,0.15338117
7740,0.1688844
7741,0.17642224
7742,0.19235232
7743,0.19619752
7744,0.18798827
7745,0.18649292
7746,0.17611693
7747,0.17025754
7748,0.15899657
7749,0.14935303
7750,0.12420656
7751,0.1117859
7752,0.09179686
7753,0.07846069
7754,0.058258057
7755,0.04763791
7756,0.038604707
7757,0.023467988
7758,0.011810273
7759,-0.00045782328
7760,-0.017303526
7761,-0.035461456
7762,-0.05303955
7763,-0.06677246
7764,-0.08306882
7765,-0.08532715
7766,-0.08639528
7767,-0.08319087
7768,-0.077697724
7769,-0.06146241
7770,-0.06283568
7771,-0.050659176
7772,-0.03741456
7773,-0.02420041
7774,-0.016326897
7775,-0.002136249
7776,-0.0016784854
7777,-0.00054932386
7778,-0.00680542
7779,-0.018981922
7780,-0.02755739
7781,-0.035736084
7782,-0.043762196
7783,-0.03961181
7784,-0.03994751
7785,-0.043334953
7786,-0.036468506
7787,-0.04025268
7788,-0.033599854
7789,-0.03042604
7790,-0.031280525
7791,-0.035644516
7792,-0.04074098
7793,-0.0434265
7794,-0.047210693
7795,-0.042694107
7796,-0.043640137
7797,-0.03353882
7798,-0.027496323
7799,-0.013214111
7800,-0.010681152
7801,-0.003997788
7802,0.00045779347
7803,0.008148164
7804,0.008514419
7805,0.007446319
7806,0.008544892
7807,0.013366699
7808,0.015991211
7809,0.020751923
7810,0.024108887
7811,0.034515366
7812,0.03277585
7813,0.02651979
7814,0.022064254
7815,0.021057159
7816,0.021667495
7817,0.032348648
7818,0.044586204
7819,0.05474854
7820,0.07461545
7821,0.08258056
7822,0.07727051
7823,0.07101439
7824,0.067657456
7825,0.06222535
7826,0.05456544
7827,0.043945298
7828,0.032379135
7829,0.0263367
7830,0.011688247
7831,0.009063721
7832,0.00585939
7833,0.005767852
7834,0.004455574
7835,0.0059814304
7836,0.00036621094
7837,-0.006958008
7838,-0.020141616
7839,-0.035156257
7840,-0.040252656
7841,-0.0460205
7842,-0.056121804
7843,-0.06713866
7844,-0.07302857
7845,-0.08801271
7846,-0.097167954
7847,-0.09970093
7848,-0.10675047
7849,-0.10140993
7850,-0.085754424
7851,-0.06188962
7852,-0.038909912
7853,-0.007720962
7854,0.01895143
7855,0.04458621
7856,0.05651857
7857,0.058013916
7858,0.05172731
7859,0.04559327
7860,0.033477783
7861,0.024414055
7862,0.025909424
7863,0.024322487
7864,0.030914292
7865,0.034759525
7866,0.040222153
7867,0.041076645
7868,0.045349125
7869,0.0498352
7870,0.06600952
7871,0.07897949
7872,0.08795167
7873,0.091857895
7874,0.09155275
7875,0.08053589
7876,0.062286347
7877,0.045288086
7878,0.022735596
7879,0.0010681152
7880,-0.018249542
7881,-0.030822754
7882,-0.038726807
7883,-0.040863052
7884,-0.040527374
7885,-0.038147002
7886,-0.033599883
7887,-0.029602066
7888,-0.028991722
7889,-0.029754639
7890,-0.03109739
7891,-0.036285385
7892,-0.045379605
7893,-0.060150146
7894,-0.06951904
7895,-0.07748412
7896,-0.077117905
7897,-0.07434083
7898,-0.062561035
7899,-0.050903328
7900,-0.037353523
7901,-0.025726303
7902,-0.016204841
7903,-0.010101303
7904,0.00051882863
7905,0.009674042
7906,0.020141631
7907,0.029846214
7908,0.03610231
7909,0.040740967
7910,0.05123901
7911,0.053527832
7912,0.054290786
7913,0.055389393
7914,0.054992672
7915,0.053588875
7916,0.055511482
7917,0.051849373
7918,0.05212403
7919,0.049499504
7920,0.048736565
7921,0.04971315
7922,0.048980698
7923,0.036529496
7924,0.021179214
7925,0.0064697415
7926,-0.0092163235
7927,-0.028442383
7928,-0.04537964
7929,-0.0546875
7930,-0.060485825
7931,-0.060546853
7932,-0.056152355
7933,-0.054351807
7934,-0.048583977
7935,-0.042999268
7936,-0.041625988
7937,-0.042053215
7938,-0.04037475
7939,-0.04049682
7940,-0.04364013
7941,-0.043395996
7942,-0.035003684
7943,-0.027496375
7944,-0.019744866
7945,-0.009643547
7946,0.0012817085
7947,0.0058899075
7948,0.014373787
7949,0.023498543
7950,0.033325188
7951,0.04193115
7952,0.049926773
7953,0.058807373
7954,0.0635986
7955,0.06134034
7956,0.052429207
7957,0.042144783
7958,0.028381333
7959,0.013519291
7960,-0.0021362342
7961,-0.01644896
7962,-0.027709961
7963,-0.032196052
7964,-0.032775886
7965,-0.032745343
7966,-0.024597168
7967,-0.016937258
7968,-0.008789064
7969,-0.0028381343
7970,0.0036621091
7971,0.012786865
7972,0.01852417
7973,0.023895267
7974,0.033203132
7975,0.038604744
7976,0.019165032
7977,-0.0030822754
7978,-0.019622805
7979,-0.03753663
7980,-0.0503235
7981,-0.042388923
7982,-0.020599369
7983,0.008697512
7984,0.03479004
7985,0.043914795
7986,0.039428715
7987,0.01977539
7988,-0.001281742
7989,-0.02075195
7990,-0.031127926
7991,-0.03833008
7992,-0.037689213
7993,-0.034484863
7994,-0.03244019
7995,-0.028381351
7996,-0.019256584
7997,-0.009582512
7998,-0.0010070838
7999,0.008087166
8000,0.017669681
8001,0.025573734
8002,0.026794428
8003,0.02163696
8004,0.013793938
8005,0.0015563982
8006,-0.0094299335
8007,-0.021209711
8008,-0.029785158
8009,-0.03439331
8010,-0.032806408
8011,-0.035369866
8012,-0.033966057
8013,-0.03216555
8014,-0.028594956
8015,-0.018829353
8016,-0.009521477
8017,-0.00085449964
8018,0.0077209547
8019,0.017028801
8020,0.024841323
8021,0.030914273
8022,0.034912083
8023,0.03628541
8024,0.03985595
8025,0.039855942
8026,0.038299568
8027,0.03781128
8028,0.034118645
8029,0.028228763
8030,0.02301025
8031,0.02355957
8032,0.01940918
8033,0.017883312
8034,0.017333977
8035,0.0210266
8036,0.020172134
8037,0.01773072
8038,0.015014626
8039,0.011016838
8040,0.006072998
8041,0.0027160682
8042,0.0010071024
8043,-0.0029601976
8044,-0.0031127967
8045,-0.0075072832
8046,-0.011108406
8047,-0.013641361
8048,-0.014678951
8049,-0.019836418
8050,-0.023803715
8051,-0.025573716
8052,-0.029754627
8053,-0.035736077
8054,-0.034973137
8055,-0.029449455
8056,-0.02508545
8057,-0.017730715
8058,-0.0073547345
8059,0.0019531222
8060,0.009033202
8061,0.01861572
8062,0.02355957
8063,0.030670166
8064,0.0335083
8065,0.030303955
8066,0.025268544
8067,0.02035524
8068,0.013153076
8069,0.004791245
8070,0.00070191175
8071,0.0010681376
8072,0.0007934533
8073,-0.0012817532
8074,-0.0036926046
8075,-0.01086425
8076,-0.012237567
8077,-0.013275135
8078,-0.018768296
8079,-0.018493654
8080,-0.007904053
8081,3.0530617e-05
8082,0.0052185003
8083,0.011749268
8084,0.015960693
8085,0.016174324
8086,0.011016838
8087,0.004089359
8088,-0.0076293983
8089,-0.0192566
8090,-0.033996582
8091,-0.04388427
8092,-0.05343629
8093,-0.06045533
8094,-0.061798096
8095,-0.05758667
8096,-0.05090331
8097,-0.044616714
8098,-0.041229233
8099,-0.035339355
8100,-0.027679443
8101,-0.021270737
8102,-0.013336182
8103,-0.0031433254
8104,0.0035705864
8105,0.01171875
8106,0.016662613
8107,0.022766113
8108,0.027709961
8109,0.031433098
8110,0.0340271
8111,0.038024902
8112,0.039947502
8113,0.040313706
8114,0.04071045
8115,0.043243423
8116,0.043426506
8117,0.04400633
8118,0.041168198
8119,0.034454346
8120,0.028839111
8121,0.024627693
8122,0.015106201
8123,0.008056641
8124,0.0012207218
8125,-0.0051879846
8126,-0.009521499
8127,-0.016906723
8128,-0.024658203
8129,-0.030944843
8130,-0.0368042
8131,-0.04071044
8132,-0.036956787
8133,-0.03240966
8134,-0.029052727
8135,-0.026855476
8136,-0.022613537
8137,-0.018066414
8138,-0.013580319
8139,-0.009521481
8140,-0.0040588714
8141,0.003051754
8142,0.00848392
8143,0.013854973
8144,0.016082741
8145,0.021942154
8146,0.0269165
8147,0.029266354
8148,0.032073986
8149,0.03012085
8150,0.023864735
8151,0.01379395
8152,0.009063719
8153,0.00405884
8154,0.004699709
8155,0.0061340304
8156,0.010833738
8157,0.011657715
8158,0.016540527
8159,0.010803223
8160,0.0105896015
8161,0.012359619
8162,0.01254271
8163,0.011718765
8164,0.012817379
8165,0.017822243
8166,0.016571037
8167,0.015228298
8168,0.016052231
8169,0.016052239
8170,0.009887703
8171,0.0072937235
8172,0.0024108887
8173,-0.00039672852
8174,-0.0021056943
8175,-0.0007934645
8176,0.0005187765
8177,0.0015869439
8178,0.0011902079
8179,0.0020446628
8180,0.0084839165
8181,0.015441924
8182,0.017883286
8183,0.019714348
8184,0.020233147
8185,0.017669685
8186,0.008148216
8187,-0.0063476562
8188,-0.006439209
8189,0.043182403
8190,0.17028818
8191,0.30264282
8192,0.34823608
8193,0.33215314
8194,0.34191895
8195,0.31323236
8196,0.23168933
8197,-0.03930658
8198,-0.613037
8199,-1.0446776
8200,-1.170593
8201,-1.4412233
8202,-1.6468812
8203,-1.2692871
8204,-0.63848877
8205,0.0021971464
8206,0.5909425
8207,0.91607666
8208,0.9182738
8209,0.77633685
8210,0.57543945
8211,0.38348377
8212,0.23217767
8213,0.14370725
8214,0.13476554
8215,0.1756592
8216,0.23828126
8217,0.30374146
8218,0.35073853
8219,0.37219238
8220,0.38278198
8221,0.3630982
8222,0.30664057
8223,0.21881098
8224,0.11630255
8225,0.02130121
8226,-0.04583758
8227,-0.072143555
8228,-0.0688476
8229,-0.042877346
8230,0.00051897764
8231,0.040496886
8232,0.04547113
8233,0.017333925
8234,-0.0204162
8235,-0.047455043
8236,-0.059570312
8237,-0.056365907
8238,-0.04422
8239,-0.020996153
8240,-0.06298828
8241,-0.10662854
8242,-0.13308722
8243,-0.17559803
8244,-0.22805786
8245,-0.19897467
8246,-0.12933362
8247,-0.076416075
8248,-0.049163803
8249,-0.048828125
8250,-0.07223512
8251,-0.1053772
8252,-0.15499876
8253,-0.23751831
8254,-0.30719
8255,-0.33953863
8256,-0.35208145
8257,-0.36514282
8258,-0.36163333
8259,-0.3279724
8260,-0.26654053
8261,-0.19265723
8262,-0.12475568
8263,-0.080200076
8264,-0.056854486
8265,-0.036834776
8266,-0.012756288
8267,0.016815424
8268,0.058044434
8269,0.11480707
8270,0.16491723
8271,0.1919555
8272,0.19726539
8273,0.2178649
8274,0.25131243
8275,0.22793579
8276,0.22976676
8277,0.27551273
8278,0.29782122
8279,0.28720093
8280,0.2868042
8281,0.27130127
8282,0.25238037
8283,0.22409059
8284,0.19152832
8285,0.1594849
8286,0.12515259
8287,0.088653475
8288,0.05685416
8289,0.03060925
8290,0.009338319
8291,-0.008117765
8292,-0.020660162
8293,-0.02645865
8294,-0.028534055
8295,-0.029205143
8296,-0.03048721
8297,-0.031646788
8298,-0.029754639
8299,-0.027740508
8300,-0.028503507
8301,-0.02758789
8302,-0.026397705
8303,-0.026062042
8304,-0.02798462
8305,-0.03363034
8306,-0.042663604
8307,-0.05227664
8308,-0.06448361
8309,-0.074279755
8310,-0.08401491
8311,-0.09124757
8312,-0.092498764
8313,-0.09155276
8314,-0.08911135
8315,-0.086486824
8316,-0.082641594
8317,-0.07992554
8318,-0.0765686
8319,-0.07519532
8320,-0.07144165
8321,-0.06634522
8322,-0.05825804
8323,-0.054412827
8324,-0.047576904
8325,-0.036437973
8326,-0.025695786
8327,-0.019256577
8328,-0.011993423
8329,0.00018312037
8330,0.015197769
8331,0.02859497
8332,0.03872682
8333,0.047027603
8334,0.054107666
8335,0.05505372
8336,0.050048843
8337,0.04421997
8338,0.039184567
8339,0.03759764
8340,0.03289795
8341,0.028686527
8342,0.02313232
8343,0.019317623
8344,0.013854984
8345,0.013946532
8346,0.013183594
8347,0.017486576
8348,0.018859865
8349,0.020050047
8350,0.014587402
8351,0.0056762695
8352,-0.007232668
8353,-0.016296387
8354,-0.026428223
8355,-0.030639648
8356,-0.03012085
8357,-0.024963379
8358,-0.019348146
8359,-0.011444092
8360,-0.006774904
8361,-0.004760744
8362,-0.0032653809
8363,-0.0037231483
8364,-0.0066833515
8365,-0.0067748986
8366,-0.0132751465
8367,-0.023468018
8368,-0.023101818
8369,-0.025543202
8370,-0.02798462
8371,-0.015197784
8372,-0.0043945312
8373,0.004241951
8374,0.018981915
8375,0.029205322
8376,0.031921387
8377,0.029205304
8378,0.0183716
8379,0.008117685
8380,-0.00292968
8381,-0.011566162
8382,-0.021179195
8383,-0.027587906
8384,-0.029510483
8385,-0.028411858
8386,-0.026397731
8387,-0.020874038
8388,-0.014282234
8389,-0.006835945
8390,0.0037231445
8391,0.014190696
8392,0.018829338
8393,0.02444461
8394,0.028961182
8395,0.03268432
8396,0.030364998
8397,0.02801513
8398,0.019348145
8399,0.013244649
8400,0.0018920954
8401,-0.006958008
8402,-0.012878416
8403,-0.015563965
8404,-0.016845703
8405,-0.015625004
8406,-0.0143737495
8407,-0.011901844
8408,-0.005584728
8409,0.004272461
8410,0.009460483
8411,0.01770018
8412,0.02825926
8413,0.033691406
8414,0.039459236
8415,0.043273926
8416,0.045440674
8417,0.04754638
8418,0.051177986
8419,0.05117797
8420,0.049560543
8421,0.045806877
8422,0.04064943
8423,0.035064682
8424,0.028259292
8425,0.025054961
8426,0.021514907
8427,0.022338867
8428,0.023773223
8429,0.025207505
8430,0.024139404
8431,0.024353027
8432,0.019897446
8433,0.015625015
8434,0.011291489
8435,0.008758545
8436,0.006134033
8437,0.001525864
8438,-0.0035400242
8439,-0.0074768215
8440,-0.014038101
8441,-0.02545166
8442,-0.03579712
8443,-0.04391484
8444,-0.049774185
8445,-0.0574646
8446,-0.06481932
8447,-0.06344605
8448,-0.058166478
8449,-0.05407714
8450,-0.05014039
8451,-0.043762214
8452,-0.039031968
8453,-0.031158447
8454,-0.029052742
8455,-0.030883789
8456,-0.03567505
8457,-0.03451537
8458,-0.03713989
8459,-0.040618904
8460,-0.04190062
8461,-0.039886475
8462,-0.039245628
8463,-0.034790024
8464,-0.030273438
8465,-0.0247498
8466,-0.018646225
8467,-0.009429902
8468,0.0039978027
8469,0.014984146
8470,0.024780288
8471,0.032409668
8472,0.0366211
8473,0.036071777
8474,0.03552247
8475,0.03237915
8476,0.031616177
8477,0.031494156
8478,0.029876731
8479,0.026275631
8480,0.026367184
8481,0.02221681
8482,0.016723642
8483,0.012084959
8484,0.006866453
8485,0.0036621103
8486,-0.0031127906
8487,-0.0077819787
8488,-0.0101013165
8489,-0.010620119
8490,-0.011108398
8491,-0.0076904297
8492,-0.0015258789
8493,0.0011901837
8494,0.0011901855
8495,0.0024108905
8496,0.0006103497
8497,9.155646e-05
8498,0.002319336
8499,0.0010986328
8500,0.0017089862
8501,0.004119873
8502,0.0050964355
8503,0.0056762695
8504,0.0041503906
8505,0.0016784705
8506,0.0035400372
8507,0.003936764
8508,0.00070190243
8509,-0.0023498507
8510,-0.0013427734
8511,-0.00057983585
8512,0.0018310538
8513,0.002105713
8514,0.0050964365
8515,0.0072937026
8516,0.0035400386
8517,3.0517112e-05
8518,-0.0024108877
8519,3.051944e-05
8520,0.005462645
8521,0.016662598
8522,0.025634766
8523,0.032684326
8524,0.034179684
8525,0.0336914
8526,0.025726315
8527,0.014099132
8528,0.0029602125
8529,-0.0042724796
8530,-0.011749268
8531,-0.017181385
8532,-0.01773072
8533,-0.014007587
8534,-0.008972181
8535,-0.0049743634
8536,-0.0025939941
8537,-0.00015258975
8538,0.00039673038
8539,-0.00216675
8540,-0.005371092
8541,-0.007141115
8542,-0.005859375
8543,-0.005706787
8544,-0.007965088
8545,-0.010253907
8546,-0.013122557
8547,-0.017425537
8548,-0.019714355
8549,-0.019500734
8550,-0.01660156
8551,-0.0058288537
8552,0.0076599102
8553,0.018920898
8554,0.027313236
8555,0.03457642
8556,0.03643799
8557,0.031799316
8558,0.02737426
8559,0.02252198
8560,0.014984146
8561,0.0062866174
8562,9.1560185e-05
8563,-0.006225586
8564,-0.008178715
8565,-0.011230458
8566,-0.013183586
8567,-0.011291519
8568,-0.0077819936
8569,-0.007080082
8570,-0.005035393
8571,-0.0046691895
8572,-0.0047302265
8573,-0.0044555664
8574,-0.0042419434
8575,-0.0066833515
8576,-0.007232664
8577,-0.00869751
8578,-0.013122557
8579,-0.020812986
8580,-0.02416992
8581,-0.025878906
8582,-0.023773195
8583,-0.020568848
8584,-0.01727295
8585,-0.012329102
8586,-0.0066833496
8587,-0.004699707
8588,-0.0030822754
8589,-0.002746582
8590,-0.0053100623
8591,-0.007171642
8592,-0.005859375
8593,-0.0047912635
8594,-0.0021972694
8595,0.00042722374
8596,0.0052795447
8597,0.006347671
8598,0.0063781776
8599,0.00784301
8600,0.009613041
8601,0.010284435
8602,0.014190679
8603,0.013519293
8604,0.011749269
8605,0.0057067843
8606,0.00067138486
8607,-0.0050353985
8608,-0.009704592
8609,-0.010711672
8610,-0.007598879
8611,-0.004699709
8612,-0.0016479474
8613,0.0067443866
8614,0.015075684
8615,0.021514896
8616,0.026336674
8617,0.028839113
8618,0.027252197
8619,0.022644041
8620,0.013702393
8621,0.0029602032
8622,-0.010253906
8623,-0.025177006
8624,-0.038208008
8625,-0.050689705
8626,-0.06283569
8627,-0.07086182
8628,-0.074096665
8629,-0.07037355
8630,-0.06094359
8631,-0.04623413
8632,-0.03152466
8633,-0.017303482
8634,-0.0017700344
8635,0.0097350925
8636,0.018096894
8637,0.025238007
8638,0.031433105
8639,0.03472898
8640,0.036865234
8641,0.03579712
8642,0.03494265
8643,0.035705566
8644,0.036712658
8645,0.035736088
8646,0.038116485
8647,0.04364014
8648,0.0463562
8649,0.0477295
8650,0.04928589
8651,0.04702758
8652,0.040222175
8653,0.030609142
8654,0.027832031
8655,0.02868652
8656,0.026458755
8657,0.022613525
8658,0.022918671
8659,0.017791763
8660,0.009887695
8661,-0.0035095215
8662,-0.01565551
8663,-0.02322384
8664,-0.025054902
8665,-0.02816771
8666,-0.023010235
8667,-0.01580809
8668,-0.008666992
8669,-0.0012817271
8670,0.0042724684
8671,0.0025634617
8672,-0.003143318
8673,-0.008117702
8674,-0.010040276
8675,-0.013183586
8676,-0.015899658
8677,-0.0111389235
8678,-0.007080056
8679,-0.0028381273
8680,-0.0008240044
8681,0.0003661886
8682,-0.002746597
8683,-0.005493168
8684,-0.012695316
8685,-0.017272953
8686,-0.017669683
8687,-0.0166626
8688,-0.014587398
8689,-0.006469724
8690,0.0024414062
8691,0.009155275
8692,0.012329102
8693,0.014129641
8694,0.017120361
8695,0.01876831
8696,0.019897461
8697,0.023590088
8698,0.02844239
8699,0.031951904
8700,0.039031994
8701,0.03994751
8702,0.03582765
8703,0.033538833
8704,0.025054947
8705,0.011047363
8706,-0.004058853
8707,-0.018859819
8708,-0.030883752
8709,-0.03546144
8710,-0.03640748
8711,-0.03582763
8712,-0.033966035
8713,-0.0293274
8714,-0.032104522
8715,-0.034454335
8716,-0.03704834
8717,-0.03771974
8718,-0.041351315
8719,-0.03894043
8720,-0.035583504
8721,-0.028839119
8722,-0.025573727
8723,-0.018188473
8724,-0.011749256
8725,-0.008148193
8726,-0.007080063
8727,-0.008972142
8728,-0.014984142
8729,-0.023162864
8730,-0.03121949
8731,-0.03582763
8732,-0.037658714
8733,-0.032745354
8734,-0.0253601
8735,-0.020172149
8736,-0.008544929
8737,0.00088499486
8738,0.0063476413
8739,0.011047363
8740,0.018096909
8741,0.025482178
8742,0.030212402
8743,0.029876709
8744,0.029571533
8745,0.028381363
8746,0.02761839
8747,0.026794408
8748,0.023986828
8749,0.022949222
8750,0.021972656
8751,0.022583008
8752,0.021057134
8753,0.016021723
8754,0.010101317
8755,0.006134034
8756,-9.154994e-05
8757,-0.0051879864
8758,-0.009307862
8759,-0.009490965
8760,-0.009796141
8761,-0.009277344
8762,-0.0076293945
8763,-0.004913328
8764,0.00061035156
8765,0.0070800763
8766,0.0120544415
8767,0.01577759
8768,0.02154541
8769,0.022399902
8770,0.019104006
8771,0.017883305
8772,0.02462768
8773,0.039550774
8774,0.048858643
8775,0.050903335
8776,0.06622314
8777,0.06768797
8778,0.03976442
8779,0.0101318285
8780,-0.014923111
8781,-0.04745484
8782,-0.070251495
8783,-0.07629397
8784,-0.070465066
8785,-0.055450447
8786,-0.03509523
8787,-0.019195557
8788,-0.007934571
8789,-0.001190186
8790,0.0050354004
8791,0.006866454
8792,0.005401612
8793,0.001037599
8794,-0.002105714
8795,-0.00085449265
8796,-9.15532e-05
8797,0.00039672945
8798,0.003997802
8799,0.008483886
8800,0.011474609
8801,0.014587404
8802,0.01873779
8803,0.023559568
8804,0.025085447
8805,0.02392578
8806,0.020416241
8807,0.015045181
8808,0.008880638
8809,0.0017395094
8810,-0.0002441369
8811,0.00012212247
8812,0.0047912635
8813,0.00674437
8814,0.009063717
8815,0.0073242374
8816,0.0024413764
8817,-0.004486084
8818,-0.009735119
8819,-0.016571052
8820,-0.021545414
8821,-0.02752683
8822,-0.031555194
8823,-0.031158468
8824,-0.029663088
8825,-0.02838134
8826,-0.02627564
8827,-0.023925785
8828,-0.02105713
8829,-0.019958502
8830,-0.01962281
8831,-0.014923092
8832,-0.009368889
8833,-0.0013427772
8834,0.0082092285
8835,0.017211922
8836,0.024444584
8837,0.029479973
8838,0.032989495
8839,0.03509521
8840,0.03656006
8841,0.035308838
8842,0.031524662
8843,0.027038556
8844,0.018615726
8845,0.0046997108
8846,-0.009429913
8847,-0.023132343
8848,-0.039123524
8849,-0.05328367
8850,-0.068878174
8851,-0.07839966
8852,-0.085571274
8853,-0.09036255
8854,-0.0899353
8855,-0.08535768
8856,-0.080017105
8857,-0.07098392
8858,-0.05831909
8859,-0.04336548
8860,-0.027954116
8861,-0.014892563
8862,-0.004211426
8863,0.00030517578
8864,0.004699707
8865,0.0035705715
8866,-0.0011291653
8867,-0.0072021484
8868,-0.012756333
8869,-0.014831528
8870,-0.019958526
8871,-0.026489258
8872,-0.021575868
8873,-0.0009765327
8874,0.008056611
8875,0.01361087
8876,0.05252084
8877,0.117492706
8878,0.17562868
8879,0.23800662
8880,0.31152347
8881,0.40008545
8882,0.46270746
8883,0.4859923
8884,0.5104064
8885,0.5414429
8886,0.52700806
8887,0.47976673
8888,0.419922
8889,0.319916
8890,0.17498767
8891,0.017242193
8892,-0.13885474
8893,-0.27578735
8894,-0.38534588
8895,-0.4633178
8896,-0.537079
8897,-0.6172488
8898,-0.67538464
8899,-0.7215881
8900,-0.7749939
8901,-0.81088257
8902,-0.81787115
8903,-0.8056642
8904,-0.7667235
8905,-0.7315062
8906,-0.6965027
8907,-0.6422423
8908,-0.557495
8909,-0.44970703
8910,-0.31665063
8911,-0.1748656
8912,0.008331299
8913,0.2309568
8914,0.42254615
8915,0.5317385
8916,0.6568605
8917,0.7615968
8918,0.76284826
8919,0.7276614
8920,0.73504657
8921,0.7513736
8922,0.7637023
8923,0.80343604
8924,0.86709595
8925,0.91757214
8926,0.967743
8927,1.0131835
8928,1.0076598
8929,0.9657593
8930,0.9069824
8931,0.78747535
8932,0.60656714
8933,0.37271118
8934,0.094451666
8935,-0.21551514
8936,-0.52023315
8937,-0.80444336
8938,-1.0527949
8939,-1.2496334
8940,-1.3699338
8941,-1.405151
8942,-1.3608092
8943,-1.249756
8944,-1.0883788
8945,-0.8953857
8946,-0.6923218
8947,-0.5082396
8948,-0.35211205
8949,-0.2285155
8950,-0.13363624
8951,-0.06637597
8952,-0.017700315
8953,0.018158078
8954,0.05154419
8955,0.08331311
8956,0.11947632
8957,0.16488647
8958,0.21743798
8959,0.27520776
8960,0.32891846
8961,0.3744508
8962,0.40805072
8963,0.43411273
8964,0.44604504
8965,0.44311517
8966,0.43283072
8967,0.4221192
8968,0.40103167
8969,0.3704224
8970,0.35910037
8971,0.34283453
8972,0.3097839
8973,0.28399646
8974,0.2766419
8975,0.26861566
8976,0.25137317
8977,0.23587036
8978,0.2308349
8979,0.2163086
8980,0.18682873
8981,0.15209949
8982,0.107849
8983,0.05099523
8984,-0.013153076
8985,-0.07897973
8986,-0.14538562
8987,-0.20962512
8988,-0.27099633
8989,-0.3217469
8990,-0.36285365
8991,-0.39297473
8992,-0.41293347
8993,-0.4212952
8994,-0.42056262
8995,-0.41024774
8996,-0.39227292
8997,-0.36785883
8998,-0.33364868
8999,-0.29919428
9000,-0.26474005
9001,-0.23193353
9002,-0.19775385
9003,-0.16604614
9004,-0.13262957
9005,-0.10168457
9006,-0.07345569
9007,-0.04696679
9008,-0.019867122
9009,0.0066223145
9010,0.030822754
9011,0.050567508
9012,0.07141101
9013,0.092559874
9014,0.108428955
9015,0.12722763
9016,0.1463623
9017,0.16326916
9018,0.18045065
9019,0.20089722
9020,0.21786505
9021,0.2275087
9022,0.22756962
9023,0.22363272
9024,0.21774295
9025,0.20394897
9026,0.18798825
9027,0.17257692
9028,0.1562195
9029,0.13687137
9030,0.116241455
9031,0.09341431
9032,0.06994632
9033,0.042175293
9034,0.020202637
9035,0.006164551
9036,-0.0013122559
9037,-0.008880645
9038,-0.0071105957
9039,-0.0048828125
9040,-0.00390628
9041,-0.014862061
9042,-0.033172607
9043,-0.0597229
9044,-0.08392337
9045,-0.10586545
9046,-0.11990358
9047,-0.12124638
9048,-0.10781859
9049,-0.09225461
9050,-0.07360845
9051,-0.053314224
9052,-0.037933327
9053,-0.028930634
9054,-0.021575928
9055,-0.016479515
9056,-0.0184021
9057,-0.02206419
9058,-0.024780273
9059,-0.024078384
9060,-0.025421154
9061,-0.020416263
9062,-0.013031003
9063,-0.009643555
9064,-0.012145998
9065,-0.014465333
9066,-0.023681644
9067,-0.04019165
9068,-0.055755615
9069,-0.06744383
9070,-0.079834
9071,-0.088562004
9072,-0.090606675
9073,-0.08587648
9074,-0.08074953
9075,-0.06881714
9076,-0.054138184
9077,-0.037536666
9078,-0.020629853
9079,0.0016784668
9080,0.024414033
9081,0.040893555
9082,0.052886993
9083,0.062347397
9084,0.0692444
9085,0.07189943
9086,0.06701659
9087,0.064819336
9088,0.06457521
9089,0.058746345
9090,0.04885864
9091,0.038146965
9092,0.023345925
9093,0.011077877
9094,0.0045776404
9095,0.0030822828
9096,0.00289917
9097,0.0069885254
9098,0.014160156
9099,0.01901245
9100,0.019378662
9101,0.020812988
9102,0.020050047
9103,0.01852417
9104,0.012573245
9105,0.0058288556
9106,-0.0020141602
9107,-0.007965089
9108,-0.008392334
9109,-0.005645754
9110,-0.0024108905
9111,-0.0021667504
9112,0.00253296
9113,0.0061950684
9114,0.0016174321
9115,-0.008728029
9116,-0.016021729
9117,-0.021331787
9118,-0.025848389
9119,-0.029846195
9120,-0.031799316
9121,-0.035369877
9122,-0.03546142
9123,-0.032257076
9124,-0.026580837
9125,-0.019897446
9126,-0.0049438104
9127,0.019714367
9128,0.04428099
9129,0.060821556
9130,0.06622315
9131,0.06515503
9132,0.050659187
9133,0.027404802
9134,0.0076293927
9135,-0.0056152344
9136,-0.017669676
9137,-0.026916504
9138,-0.032958984
9139,-0.035339355
9140,-0.041625977
9141,-0.044952404
9142,-0.036804207
9143,-0.017944325
9144,-0.0006713979
9145,0.017059311
9146,0.036651623
9147,0.05728151
9148,0.06893922
9149,0.06924441
9150,0.056427002
9151,0.038024895
9152,0.015380867
9153,-0.010681152
9154,-0.03820803
9155,-0.054351814
9156,-0.061096173
9157,-0.056915276
9158,-0.0463562
9159,-0.027587906
9160,-0.010040272
9161,0.0029602125
9162,0.010314941
9163,0.011291504
9164,0.006195089
9165,-0.0015563983
9166,-0.010131836
9167,-0.0184021
9168,-0.02703856
9169,-0.030639645
9170,-0.02975465
9171,-0.02706907
9172,-0.019989014
9173,-0.0067749023
9174,0.0069580004
9175,0.024566643
9176,0.035064712
9177,0.05007936
9178,0.066497795
9179,0.07019044
9180,0.06936646
9181,0.06958006
9182,0.06344605
9183,0.0558777
9184,0.04632567
9185,0.034515366
9186,0.025177002
9187,0.024658173
9188,0.024414033
9189,0.025360122
9190,0.028167695
9191,0.03024289
9192,0.028015167
9193,0.022338852
9194,0.010467514
9195,-0.0036621094
9196,-0.01620482
9197,-0.026916489
9198,-0.03170778
9199,-0.033630356
9200,-0.033752397
9201,-0.02648925
9202,-0.016143791
9203,-0.00680539
9204,0.0014953613
9205,0.011688225
9206,0.012054436
9207,0.0037536547
9208,-0.013336197
9209,-0.032440193
9210,-0.054534934
9211,-0.08001709
9212,-0.10202029
9213,-0.11282349
9214,-0.1232605
9215,-0.13156128
9216,-0.12899782
9217,-0.119720474
9218,-0.10144043
9219,-0.07366943
9220,-0.039794967
9221,-0.009857178
9222,0.013153091
9223,0.02450557
9224,0.031127885
9225,0.028015152
9226,0.027069092
9227,0.027770981
9228,0.03237915
9229,0.0369263
9230,0.04373172
9231,0.04541017
9232,0.042999297
9233,0.04031375
9234,0.039978065
9235,0.0430298
9236,0.049438484
9237,0.056732193
9238,0.059631348
9239,0.062255852
9240,0.06253052
9241,0.05944825
9242,0.050720207
9243,0.03729249
9244,0.026794426
9245,0.017120384
9246,0.0056152493
9247,-0.0019836426
9248,-0.009552024
9249,-0.012481667
9250,-0.0067138597
9251,0.002197247
9252,0.010620113
9253,0.019683845
9254,0.026367191
9255,0.027893081
9256,0.026794456
9257,0.020111084
9258,0.010589577
9259,9.1567636e-05
9260,-0.007873535
9261,-0.013122544
9262,-0.01962281
9263,-0.025482155
9264,-0.02807618
9265,-0.031249996
9266,-0.033935566
9267,-0.038635258
9268,-0.040893544
9269,-0.03930664
9270,-0.03552248
9271,-0.028076177
9272,-0.018890377
9273,-0.008056641
9274,0.0082092285
9275,0.02001953
9276,0.025878906
9277,0.025512695
9278,0.01660156
9279,0.002471922
9280,-0.011108397
9281,-0.021881104
9282,-0.03079224
9283,-0.03686523
9284,-0.032470696
9285,-0.021545406
9286,-0.008544933
9287,0.009002687
9288,0.02783204
9289,0.039947495
9290,0.04077147
9291,0.034179695
9292,0.025726316
9293,0.015045168
9294,0.0039978027
9295,0.0010375958
9296,0.0035095252
9297,0.0048828144
9298,0.003967285
9299,0.0007019136
9300,-0.00064086914
9301,-0.0021362305
9302,-0.002563469
9303,-0.0002136156
9304,0.007873535
9305,0.009033203
9306,0.0018615797
9307,-0.006958019
9308,-0.014282227
9309,-0.023834223
9310,-0.028900148
9311,-0.024444591
9312,-0.015411374
9313,-0.009368897
9314,-0.0027160626
9315,0.0039978027
9316,0.0053100595
9317,-0.0006713867
9318,-0.0068969727
9319,-0.010833742
9320,-0.015258789
9321,-0.017486572
9322,-0.022155762
9323,-0.03009033
9324,-0.03210449
9325,-0.02755737
9326,-0.02709961
9327,-0.020751942
9328,-0.007873524
9329,0.0007018931
9330,0.0063781776
9331,0.017211929
9332,0.026000973
9333,0.032714833
9334,0.04040527
9335,0.047668457
9336,0.04974365
9337,0.045776363
9338,0.04455567
9339,0.03649902
9340,0.02673341
9341,0.020751942
9342,0.01849366
9343,0.013763431
9344,0.012542732
9345,0.01614378
9346,0.018829372
9347,0.012176506
9348,0.006866455
9349,0.005462639
9350,-0.004089333
9351,-0.018646225
9352,-0.0257263
9353,-0.03225708
9354,-0.03341671
9355,-0.026275631
9356,-0.016235348
9357,-0.01086425
9358,0.0005187988
9359,0.01275634
9360,0.016448967
9361,0.017181411
9362,0.016265862
9363,0.021087635
9364,0.02374269
9365,0.020416282
9366,0.0149535835
9367,0.008972153
9368,-0.006530747
9369,-0.024414055
9370,-0.03381349
9371,-0.03283693
9372,-0.030609123
9373,-0.03118895
9374,-0.024627686
9375,-0.014739998
9376,-0.013031002
9377,-0.016601564
9378,-0.014678954
9379,-0.017028809
9380,-0.02206421
9381,-0.016418459
9382,-0.0044555664
9383,-0.005340576
9384,-0.007843018
9385,0.0010681152
9386,0.00616455
9387,-0.0008239732
9388,-0.013824465
9389,-0.024475096
9390,-0.036834717
9391,-0.048553452
9392,-0.05313111
9393,-0.052825935
9394,-0.0526428
9395,-0.040710457
9396,-0.028503433
9397,-0.025878921
9398,-0.020935044
9399,-0.013458267
9400,-0.012725845
9401,-0.010162339
9402,-0.0010681003
9403,0.0069274902
9404,0.010894805
9405,0.018798843
9406,0.020721436
9407,0.015930146
9408,0.009826675
9409,0.01266481
9410,0.014160156
9411,0.020294175
9412,0.026458763
9413,0.02609253
9414,0.018646218
9415,0.007354729
9416,-0.008392319
9417,-0.01580812
9418,-0.011077866
9419,-0.007415749
9420,-0.0025634617
9421,0.015228249
9422,0.02478028
9423,0.025054947
9424,0.02557372
9425,0.01889037
9426,0.0082702525
9427,0.008392323
9428,0.005187977
9429,-0.0023498237
9430,-0.0021057278
9431,0.003967289
9432,0.0046997257
9433,0.006622322
9434,0.012054432
9435,0.024261486
9436,0.033264153
9437,0.040283203
9438,0.04409789
9439,0.045166012
9440,0.052520752
9441,0.0553589
9442,0.0499878
9443,0.046295166
9444,0.050567627
9445,0.053344734
9446,0.05505371
9447,0.051544145
9448,0.05014038
9449,0.051971436
9450,0.048034668
9451,0.03939818
9452,0.02835083
9453,0.014038086
9454,0.00076293945
9455,-0.0070495754
9456,-0.008209243
9457,-0.0028076023
9458,0.0046081543
9459,0.017791733
9460,0.027252212
9461,0.023376465
9462,0.023468003
9463,0.04467775
9464,0.092559814
9465,0.16030884
9466,0.22543329
9467,0.27136216
9468,0.29156473
9469,0.2622987
9470,0.26849377
9471,0.19119251
9472,0.13867188
9473,-0.26211542
9474,-0.9052428
9475,-1.1638181
9476,-1.3015137
9477,-1.6985475
9478,-1.588379
9479,-0.9876404
9480,-0.3968202
9481,0.16668689
9482,0.5545045
9483,0.6336366
9484,0.5488893
9485,0.40933228
9486,0.3059696
9487,0.29031366
9488,0.2969361
9489,0.33163458
9490,0.41244507
9491,0.5058899
9492,0.5704347
9493,0.60519415
9494,0.62036127
9495,0.6333618
9496,0.6026001
9497,0.51016253
9498,0.377594
9499,0.22970569
9500,0.08343512
9501,-0.036254883
9502,-0.1123966
9503,-0.13406372
9504,-0.12368792
9505,-0.10882598
9506,-0.08728051
9507,-0.068847716
9508,-0.07580578
9509,-0.094177306
9510,-0.10952759
9511,-0.10165411
9512,-0.0909729
9513,-0.104065
9514,-0.14749157
9515,-0.19284037
9516,-0.22692874
9517,-0.26239038
9518,-0.25875857
9519,-0.19952373
9520,-0.11383052
9521,-0.033660904
9522,0.03900148
9523,0.066925064
9524,0.04647827
9525,0.008605972
9526,-0.045166016
9527,-0.12347412
9528,-0.20373535
9529,-0.26220703
9530,-0.30288696
9531,-0.31710815
9532,-0.31256098
9533,-0.28958127
9534,-0.2513731
9535,-0.21530151
9536,-0.20010358
9537,-0.21331781
9538,-0.24459857
9539,-0.26376337
9540,-0.25732422
9541,-0.2400819
9542,-0.20217884
9543,-0.1383363
9544,-0.060028195
9545,0.024628043
9546,0.11087024
9547,0.18804938
9548,0.25601196
9549,0.3097536
9550,0.353424
9551,0.37890655
9552,0.39105225
9553,0.39904806
9554,0.4053955
9555,0.39324957
9556,0.37524423
9557,0.34777838
9558,0.31732166
9559,0.27584833
9560,0.22897333
9561,0.1816101
9562,0.14584345
9563,0.11282337
9564,0.08767712
9565,0.06915283
9566,0.06213382
9567,0.051696658
9568,0.036865354
9569,0.026061922
9570,0.0140686035
9571,-0.01159665
9572,-0.04357913
9573,-0.07156384
9574,-0.090911776
9575,-0.10305786
9576,-0.1154784
9577,-0.122314304
9578,-0.12188721
9579,-0.11929321
9580,-0.1252136
9581,-0.13479632
9582,-0.13443002
9583,-0.12973017
9584,-0.13052373
9585,-0.13061531
9586,-0.12164305
9587,-0.113098145
9588,-0.11029056
9589,-0.10241699
9590,-0.09551999
9591,-0.08792115
9592,-0.08105469
9593,-0.07275389
9594,-0.065521285
9595,-0.058319077
9596,-0.055023193
9597,-0.048706055
9598,-0.038024902
9599,-0.027770996
9600,-0.02117917
9601,-0.013488784
9602,-0.009399399
9603,-0.004119858
9604,-6.105006e-05
9605,-0.0019226074
9606,-0.011047378
9607,-0.011688247
9608,-0.015289307
9609,-0.02285768
9610,-0.02261354
9611,-0.007293701
9612,0.016693115
9613,0.044952393
9614,0.07748413
9615,0.10650636
9616,0.12500001
9617,0.1338196
9618,0.13317871
9619,0.116241485
9620,0.09637453
9621,0.07928467
9622,0.061614983
9623,0.041748047
9624,0.027160637
9625,0.015014663
9626,0.00778199
9627,-0.010925308
9628,-0.025512695
9629,-0.030029278
9630,-0.026977554
9631,-0.023345955
9632,-0.010101309
9633,0.007476816
9634,0.024841309
9635,0.036895745
9636,0.042205803
9637,0.040252693
9638,0.030822761
9639,0.018218994
9640,0.007141128
9641,-0.0012817085
9642,-0.006530784
9643,-0.014343247
9644,-0.021148667
9645,-0.024047866
9646,-0.031158432
9647,-0.030303948
9648,-0.026550312
9649,-0.027587887
9650,-0.019042961
9651,0.00033568218
9652,0.0030822717
9653,0.0029602088
9654,0.00079346076
9655,-0.0054626614
9656,-0.017181393
9657,-0.020111077
9658,-0.018280031
9659,-0.013702392
9660,-0.013946526
9661,-0.008026127
9662,0.0044860886
9663,0.013671874
9664,0.008117672
9665,0.0055847187
9666,0.007232666
9667,0.009552
9668,0.011413569
9669,0.011779783
9670,0.0131835975
9671,0.014038108
9672,0.009582505
9673,0.00018310174
9674,-0.011505123
9675,-0.028472885
9676,-0.040954612
9677,-0.05352785
9678,-0.063446045
9679,-0.06442259
9680,-0.058715817
9681,-0.05023194
9682,-0.045989983
9683,-0.036560036
9684,-0.026000977
9685,-0.019958504
9686,-0.020172082
9687,-0.013183586
9688,-0.00048828125
9689,0.014160126
9690,0.027008057
9691,0.03820803
9692,0.047027573
9693,0.05471798
9694,0.063384995
9695,0.069763176
9696,0.07250974
9697,0.07571411
9698,0.07562255
9699,0.06634523
9700,0.05999755
9701,0.05508423
9702,0.044067375
9703,0.022369407
9704,0.0075989068
9705,-0.0042114183
9706,-0.021453857
9707,-0.038085923
9708,-0.04333496
9709,-0.04177858
9710,-0.032592796
9711,-0.015960727
9712,0.0022277683
9713,0.016296405
9714,0.025512684
9715,0.028717019
9716,0.025817879
9717,0.023559585
9718,0.014770471
9719,0.0031738281
9720,-0.009948723
9721,-0.022003159
9722,-0.031188972
9723,-0.040283233
9724,-0.053955078
9725,-0.06393429
9726,-0.062744156
9727,-0.056823753
9728,-0.051879883
9729,-0.05020141
9730,-0.048767086
9731,-0.046783436
9732,-0.04498292
9733,-0.044067383
9734,-0.04196167
9735,-0.030822761
9736,-0.019927993
9737,-0.004699722
9738,0.013946526
9739,0.029907212
9740,0.037384048
9741,0.046722434
9742,0.049102772
9743,0.043701176
9744,0.030883811
9745,0.01522827
9746,0.010559075
9747,0.011993412
9748,0.0056152362
9749,0.005218506
9750,0.011718752
9751,0.019989016
9752,0.024505615
9753,0.027465824
9754,0.029510504
9755,0.029266361
9756,0.021148685
9757,0.011810299
9758,-0.0026245117
9759,-0.025878906
9760,-0.043273933
9761,-0.05477906
9762,-0.06738282
9763,-0.06988525
9764,-0.058136
9765,-0.038848862
9766,-0.018554695
9767,0.002380386
9768,0.028472885
9769,0.065032974
9770,0.09143069
9771,0.08657837
9772,0.05535887
9773,0.035217296
9774,0.03491211
9775,0.01565551
9776,-0.01776122
9777,-0.031311028
9778,-0.012329105
9779,0.0033874502
9780,-0.016265865
9781,-0.033111565
9782,-0.025634764
9783,-0.013183596
9784,-0.018371582
9785,-0.030426031
9786,-0.034423836
9787,-0.028106697
9788,-0.020538319
9789,-0.012969978
9790,-0.002197273
9791,0.012268074
9792,0.024780277
9793,0.032104477
9794,0.0317993
9795,0.03060913
9796,0.027862549
9797,0.021942137
9798,0.023010256
9799,0.032562263
9800,0.03866578
9801,0.03494262
9802,0.030273426
9803,0.028350841
9804,0.02056884
9805,0.013397194
9806,0.010253914
9807,0.011932392
9808,0.012420677
9809,0.017395042
9810,0.015991211
9811,0.013183609
9812,0.009063758
9813,0.0022582933
9814,-0.0064087063
9815,-0.014984153
9816,-0.022460915
9817,-0.028045632
9818,-0.0338135
9819,-0.03399659
9820,-0.026153542
9821,-0.022247314
9822,-0.020538341
9823,-0.017852794
9824,-0.019348145
9825,-0.030914303
9826,-0.040679935
9827,-0.04403688
9828,-0.04263306
9829,-0.04565429
9830,-0.040557854
9831,-0.032318108
9832,-0.021240212
9833,-0.0134582445
9834,-0.009368874
9835,-0.009979229
9836,-0.012512211
9837,-0.015136741
9838,-0.011169434
9839,-0.01342769
9840,-0.018768333
9841,-0.013549849
9842,6.104261e-05
9843,0.004028313
9844,-0.0021667704
9845,-0.0022888035
9846,0.0015868992
9847,-0.0013732985
9848,-0.010192849
9849,-0.011383042
9850,-0.007446319
9851,-0.0076293796
9852,-0.005218461
9853,0.0036620945
9854,0.013824426
9855,0.023681648
9856,0.030670203
9857,0.03503418
9858,0.03921508
9859,0.03396609
9860,0.01916505
9861,0.006408684
9862,0.0013122819
9863,-0.0013122335
9864,0.002258297
9865,0.014739975
9866,0.028747585
9867,0.036132812
9868,0.037017792
9869,0.03448486
9870,0.03109742
9871,0.028717041
9872,0.03164673
9873,0.040130623
9874,0.04672242
9875,0.04733279
9876,0.041534424
9877,0.032470696
9878,0.015655547
9879,0.006073013
9880,-0.0024719685
9881,-0.0104674995
9882,-0.010131791
9883,-0.0012207031
9884,0.006927505
9885,0.014801063
9886,0.020904548
9887,0.022460967
9888,0.023193382
9889,0.022308357
9890,0.019165054
9891,0.014495835
9892,0.0071106255
9893,-0.003356889
9894,-0.013305694
9895,-0.019409165
9896,-0.027496293
9897,-0.039001442
9898,-0.04440309
9899,-0.03811644
9900,-0.024444558
9901,-0.011566147
9902,-0.0056152567
9903,-0.006530784
9904,-0.0047302246
9905,0.004150402
9906,0.008697484
9907,0.0033874586
9908,-0.011383042
9909,-0.020355213
9910,-0.027893081
9911,-0.0316162
9912,-0.034423817
9913,-0.040832512
9914,-0.04547119
9915,-0.04333497
9916,-0.037902832
9917,-0.032958984
9918,-0.031372067
9919,-0.034423824
9920,-0.029724129
9921,-0.020599373
9922,-0.014434807
9923,-0.011108391
9924,-0.010528579
9925,-0.012390129
9926,-0.008605942
9927,-0.0051879883
9928,-0.0023803562
9929,0.0052490085
9930,0.013580307
9931,0.01889038
9932,0.019775398
9933,0.017272934
9934,0.018524155
9935,0.023406994
9936,0.023956306
9937,0.021911636
9938,0.026733417
9939,0.033050537
9940,0.029022217
9941,0.017120369
9942,0.012908934
9943,0.011932375
9944,0.007751464
9945,0.00012206967
9946,-0.00067138637
9947,0.00048828078
9948,0.004425049
9949,0.006591797
9950,0.00970459
9951,0.012573241
9952,0.02008057
9953,0.02661133
9954,0.033935547
9955,0.032867424
9956,0.03170779
9957,0.031250022
9958,0.029876694
9959,0.02029419
9960,0.008117713
9961,-0.0041503906
9962,-0.015045181
9963,-0.02468872
9964,-0.032409664
9965,-0.035125725
9966,-0.032775864
9967,-0.025939953
9968,-0.021118173
9969,-0.016632078
9970,-0.015289307
9971,-0.015747068
9972,-0.020172115
9973,-0.021087645
9974,-0.023437502
9975,-0.025909426
9976,-0.027191166
9977,-0.024261478
9978,-0.020965576
9979,-0.014617905
9980,-0.0064697303
9981,0.0016479418
9982,0.0049438737
9983,0.008911137
9984,0.010894764
9985,0.0065307654
9986,-0.00039671734
9987,-0.001068119
9988,-0.0015563965
9989,-0.0034179688
9990,-0.00018309802
9991,0.0015258696
9992,0.005096443
9993,0.01303101
9994,0.017852781
9995,0.01705932
9996,0.017547619
9997,0.013732913
9998,0.0050964304
9999,-0.0061035156
10000,-0.012725829
10001,-0.014312746
10002,-0.0140380915
10003,-0.018493652
10004,-0.025512695
10005,-0.02926635
10006,-0.028045662
10007,-0.029724129
10008,-0.032379135
10009,-0.02810669
10010,-0.0151062235
10011,-0.005126938
10012,-0.00094602257
10013,0.004577622
10014,0.017089836
10015,0.029357925
10016,0.035278313
10017,0.037170433
10018,0.040649414
10019,0.040863037
10020,0.034088135
10021,0.022369387
10022,0.013427725
10023,0.009216307
10024,0.005798339
10025,0.0036010756
10026,0.0056152334
10027,0.010223388
10028,0.011169432
10029,0.009704592
10030,0.0065917987
10031,0.0050964355
10032,0.002014162
10033,-0.003051756
10034,-0.005584716
10035,-0.0007019052
10036,0.0018310538
10037,0.0017700177
10038,0.005279541
10039,0.009643557
10040,0.013153074
10041,0.0133361835
10042,0.015533447
10043,0.024444576
10044,0.027191162
10045,0.017944336
10046,0.012023926
10047,0.019134529
10048,0.011901863
10049,-0.009277351
10050,-0.015167218
10051,-0.009094227
10052,-0.014770515
10053,-0.02325439
10054,-0.015289284
10055,-0.004272457
10056,0.009460449
10057,0.021911625
10058,0.028106686
10059,0.023193367
10060,0.018890388
10061,0.010284431
10062,0.005279556
10063,-0.0035400353
10064,-0.015228249
10065,-0.02655029
10066,-0.032775875
10067,-0.03744507
10068,-0.041320805
10069,-0.040924076
10070,-0.028259266
10071,-0.0134887695
10072,-0.0011291513
10073,0.0069580073
10074,0.00491333
10075,-0.0014953623
10076,-0.0032043448
10077,-0.002716064
10078,-0.0012512215
10079,0.003875732
10080,0.0107421875
10081,0.017578127
10082,0.024871826
10083,0.02709961
10084,0.0289917
10085,0.029846188
10086,0.03179932
10087,0.028503418
10088,0.027252208
10089,0.025817856
10090,0.025268562
10091,0.0218506
10092,0.015075669
10093,0.008758523
10094,0.0074768215
10095,0.004852295
10096,-0.0020142049
10097,-0.0067749396
10098,-0.011016853
10099,-0.0134887695
10100,-0.021423347
10101,-0.031799346
10102,-0.0440979
10103,-0.053527825
10104,-0.059997573
10105,-0.06423951
10106,-0.06948851
10107,-0.072174065
10108,-0.06982422
10109,-0.06552124
10110,-0.066406265
10111,-0.0744934
10112,-0.08438112
10113,-0.09194946
10114,-0.10061647
10115,-0.10858156
10116,-0.11047363
10117,-0.10031131
10118,-0.08895877
10119,-0.07345575
10120,-0.05529788
10121,-0.044403195
10122,-0.040893674
10123,-0.038604528
10124,-0.038269073
10125,-0.041565
10126,-0.044891357
10127,-0.04119861
10128,-0.024871826
10129,-0.012756318
10130,0.001708746
10131,0.03161621
10132,0.075164914
10133,0.13232428
10134,0.19555646
10135,0.2566223
10136,0.34521502
10137,0.43615723
10138,0.48037714
10139,0.5060121
10140,0.54867554
10141,0.578766
10142,0.55496216
10143,0.5017394
10144,0.45931983
10145,0.40631092
10146,0.30416894
10147,0.16497815
10148,0.025726438
10149,-0.09933436
10150,-0.21740663
10151,-0.3361206
10152,-0.43756068
10153,-0.5103453
10154,-0.5633852
10155,-0.6149596
10156,-0.6612545
10157,-0.69506824
10158,-0.712677
10159,-0.7199706
10160,-0.7130127
10161,-0.70153815
10162,-0.68374664
10163,-0.66943353
10164,-0.6631166
10165,-0.6510012
10166,-0.6016234
10167,-0.5240779
10168,-0.42059326
10169,-0.28204346
10170,-0.10089111
10171,0.09954834
10172,0.28427124
10173,0.44604468
10174,0.6015625
10175,0.7503356
10176,0.86462367
10177,0.94708216
10178,0.99557495
10179,1.0358884
10180,1.0600585
10181,1.087921
10182,1.1028136
10183,1.1114197
10184,1.1411742
10185,1.1879272
10186,1.2000732
10187,1.1584167
10188,1.0620422
10189,0.90087867
10190,0.6665344
10191,0.35412574
10192,-0.024994135
10193,-0.41601586
10194,-0.7853091
10195,-1.113312
10196,-1.3882451
10197,-1.6070254
10198,-1.7654424
10199,-1.8363042
10200,-1.8363345
10201,-1.764191
10202,-1.6129149
10203,-1.3892822
10204,-1.1363527
10205,-0.86691284
10206,-0.5972595
10207,-0.3540039
10208,-0.161865
10209,-0.008422852
10210,0.116485834
10211,0.21600366
10212,0.28735375
10213,0.35003662
10214,0.428864
10215,0.50442505
10216,0.581848
10217,0.6610719
10218,0.73300195
10219,0.78845215
10220,0.8230594
10221,0.8239442
10222,0.79925525
10223,0.74481195
10224,0.6646424
10225,0.5645446
10226,0.46459943
10227,0.37927258
10228,0.2990722
10229,0.22659296
10230,0.16860944
10231,0.12918103
10232,0.10601807
10233,0.09158331
10234,0.07672119
10235,0.07061726
10236,0.063904166
10237,0.05618298
10238,0.052032292
10239,0.043548346
10240,0.02810657
10241,0.013580084
10242,-0.0037539005
10243,-0.030365348
10244,-0.06799322
10245,-0.11721814
10246,-0.16818237
10247,-0.22387737
10248,-0.2840882
10249,-0.34710658
10250,-0.3970033
10251,-0.4364015
10252,-0.4677123
10253,-0.47973633
10254,-0.4682619
10255,-0.43887335
10256,-0.40292358
10257,-0.3568114
10258,-0.30831912
10259,-0.26049817
10260,-0.21765143
10261,-0.1719054
10262,-0.13082892
10263,-0.09008813
10264,-0.05227655
10265,-0.024505556
10266,-0.0031129122
10267,0.011322081
10268,0.021911442
10269,0.027831733
10270,0.03350854
10271,0.04232782
10272,0.058929324
10273,0.076904416
10274,0.09490979
10275,0.113159
10276,0.12442005
10277,0.13653594
10278,0.14352423
10279,0.14468378
10280,0.14123544
10281,0.14492798
10282,0.14331037
10283,0.13897704
10284,0.13568126
10285,0.13131712
10286,0.12808229
10287,0.12530519
10288,0.11834717
10289,0.10137938
10290,0.095886216
10291,0.088684075
10292,0.063446045
10293,0.042877212
10294,0.044921875
10295,0.03799437
10296,0.019195586
10297,0.013763443
10298,0.018249512
10299,0.010742173
10300,0.00064088404
10301,-0.0059814304
10302,-0.007446274
10303,-0.0078430325
10304,-0.0042419434
10305,0.0005493164
10306,0.011138946
10307,0.016540542
10308,0.021759003
10309,0.025054947
10310,0.02191165
10311,0.014068589
10312,0.010253921
10313,0.0115967095
10314,0.013519287
10315,0.014190689
10316,0.017456084
10317,0.01638794
10318,0.008209214
10319,0.0009460747
10320,-0.0107421875
10321,-0.027923584
10322,-0.041992173
10323,-0.053710938
10324,-0.066772446
10325,-0.07113646
10326,-0.07312013
10327,-0.0746765
10328,-0.076599136
10329,-0.07495119
10330,-0.06216431
10331,-0.054351807
10332,-0.062286384
10333,-0.06042479
10334,-0.043884266
10335,-0.03762815
10336,-0.037017822
10337,-0.025329605
10338,-0.010528579
10339,-0.0020141453
10340,0.0020141453
10341,0.004394509
10342,0.0063171536
10343,0.0022888482
10344,-0.004486084
10345,-0.0065307543
10346,-0.014678918
10347,-0.034576446
10348,-0.044067375
10349,-0.042694107
10350,-0.04147339
10351,-0.03582762
10352,-0.015930176
10353,0.0086364895
10354,0.024078384
10355,0.035552993
10356,0.045135528
10357,0.04248047
10358,0.03195186
10359,0.024597153
10360,0.016174361
10361,0.012176506
10362,0.012145974
10363,0.017517067
10364,0.02938845
10365,0.043853763
10366,0.05581666
10367,0.04830932
10368,0.056488026
10369,0.08190918
10370,0.06265259
10371,0.0227356
10372,0.036315903
10373,0.057586666
10374,0.03482055
10375,0.008880645
10376,0.017181396
10377,0.029418968
10378,0.010467522
10379,-0.018005341
10380,-0.025054924
10381,-0.011352532
10382,-0.013549801
10383,-0.031768788
10384,-0.03466797
10385,-0.01535036
10386,-0.005920425
10387,-0.024566665
10388,-0.037780747
10389,-0.018615704
10390,-0.0048828144
10391,-0.019134527
10392,-0.020538332
10393,0.0024108915
10394,0.012451174
10395,-0.002685545
10396,-0.005340576
10397,0.017822264
10398,0.031982414
10399,0.0148315355
10400,0.007873535
10401,0.016235352
10402,0.015563965
10403,0.006713867
10404,-0.010101311
10405,-0.03613282
10406,-0.051544175
10407,-0.04269409
10408,-0.023986828
10409,-0.022613518
10410,-0.038818344
10411,-0.022308353
10412,0.016845705
10413,0.029113771
10414,0.014282225
10415,0.0076904316
10416,0.012634281
10417,0.008422851
10418,-0.011962893
10419,-0.030120846
10420,-0.039672848
10421,-0.03732299
10422,-0.033477783
10423,-0.030944817
10424,-0.0262146
10425,-0.01177977
10426,-0.003662102
10427,-0.0017395169
10428,0.000488285
10429,0.0011901967
10430,0.0003356859
10431,0.0012512095
10432,-0.001281742
10433,-0.002105713
10434,-0.003540028
10435,-0.009643581
10436,-0.0062560923
10437,0.013916034
10438,0.018585216
10439,-0.011627208
10440,-0.0065002367
10441,0.051177993
10442,0.05990601
10443,0.022552472
10444,0.03326416
10445,0.068298355
10446,0.06680298
10447,0.042846672
10448,0.032470707
10449,0.027832042
10450,0.015075676
10451,0.0010681227
10452,-0.0064697154
10453,-0.010894768
10454,-0.010650624
10455,-0.0008849986
10456,0.004699692
10457,-0.0041808896
10458,-0.010498032
10459,-0.0021973029
10460,0.0050353985
10461,-0.01950071
10462,-0.043426514
10463,-0.017028814
10464,0.023193358
10465,0.0015869185
10466,-0.031158444
10467,6.104633e-05
10468,0.038269036
10469,0.005889889
10470,-0.033569325
10471,-0.029876702
10472,-0.024017341
10473,-0.04537964
10474,-0.05316162
10475,-0.029724127
10476,-0.004241947
10477,-0.0072631687
10478,-0.016784668
10479,0.0041503906
10480,0.020935062
10481,-0.0014953464
10482,-0.025634764
10483,-0.012695324
10484,0.018859856
10485,0.01733398
10486,-0.01623534
10487,-0.026611324
10488,0.0014648344
10489,0.008575413
10490,-0.021057129
10491,-0.03512572
10492,-0.008941673
10493,0.009796131
10494,0.023681633
10495,0.03723143
10496,0.03216553
10497,0.03125
10498,0.034149155
10499,0.026855472
10500,0.029541032
10501,0.022064205
10502,-0.008605957
10503,-0.0067443848
10504,0.01913452
10505,0.025024418
10506,0.02139283
10507,0.03427124
10508,0.043365464
10509,0.047668446
10510,0.042999282
10511,0.033569314
10512,0.020355202
10513,-3.0517578e-05
10514,-0.012329087
10515,-0.005950913
10516,-0.006561272
10517,-0.014282204
10518,-0.0138855055
10519,-0.013732918
10520,-0.00827023
10521,0.0020141713
10522,0.0047607236
10523,0.0046386793
10524,0.0054626614
10525,-0.0059814304
10526,-0.021179162
10527,-0.030273445
10528,-0.034454383
10529,-0.03952025
10530,-0.03887938
10531,-0.029113779
10532,-0.028686533
10533,-0.032135006
10534,-0.030883797
10535,-0.030517586
10536,-0.032928467
10537,-0.025543198
10538,-0.014099121
10539,-0.0051879957
10540,0.0048828274
10541,0.007904056
10542,0.0005798191
10543,-0.0062561072
10544,-0.0033874623
10545,-0.002166748
10546,-0.004608158
10547,-0.008819584
10548,0.002960179
10549,0.016876224
10550,0.012420658
10551,0.012512203
10552,0.02487183
10553,0.015045181
10554,-0.00024413876
10555,-0.0030517587
10556,-0.0076293964
10557,-0.008178709
10558,-0.0036010798
10559,-0.0013122596
10560,0.004394533
10561,0.012023922
10562,0.008209223
10563,-0.00030517764
10564,-0.011749269
10565,-0.023040771
10566,-0.030700672
10567,-0.036529545
10568,-0.036712654
10569,-0.03570554
10570,-0.04254148
10571,-0.04577636
10572,-0.035186768
10573,-0.026550263
10574,-0.014495842
10575,-0.0010376275
10576,0.003906235
10577,0.004119873
10578,0.023925751
10579,0.046783447
10580,0.02935791
10581,0.023712143
10582,0.07318116
10583,0.0843506
10584,0.04119873
10585,0.035827644
10586,0.061096206
10587,0.06524658
10588,0.051422127
10589,0.047546383
10590,0.059753425
10591,0.067047104
10592,0.05236815
10593,0.04028319
10594,0.026702866
10595,0.013366669
10596,0.009216264
10597,0.0056152195
10598,-0.009002686
10599,-0.023529068
10600,-0.029541045
10601,-0.03408815
10602,-0.043060288
10603,-0.03656006
10604,-0.025024455
10605,-0.044677705
10606,-0.042694055
10607,-0.011749268
10608,-0.030517578
10609,-0.060089085
10610,-0.040863033
10611,-0.011566158
10612,-0.0031127948
10613,-0.008056636
10614,-0.009216309
10615,0.0037536602
10616,0.0055236807
10617,-0.014251707
10618,-0.031799316
10619,-0.043701172
10620,-0.045074463
10621,-0.038848877
10622,-0.029815659
10623,-0.024993889
10624,-0.012054458
10625,-0.0016479567
10626,0.016540535
10627,0.042938232
10628,0.024017297
10629,-0.0035095308
10630,0.025146492
10631,0.041442882
10632,0.0097045805
10633,0.005218506
10634,0.029357914
10635,0.050048836
10636,0.04806519
10637,0.035827637
10638,0.03195189
10639,0.03311158
10640,0.028289806
10641,0.022460915
10642,0.0079345405
10643,0.0007324442
10644,0.0051879883
10645,0.01586911
10646,0.016113281
10647,0.008148223
10648,0.0002136007
10649,-0.0074157715
10650,-0.018249497
10651,-0.027313236
10652,-0.034332268
10653,-0.035003636
10654,-0.030181894
10655,-0.02700807
10656,-0.020385716
10657,-0.0115051195
10658,-0.00839234
10659,-0.0105896
10660,-0.014831541
10661,-0.016021729
10662,-0.017059326
10663,-0.017120358
10664,-0.021881104
10665,-0.006378174
10666,0.015869139
10667,0.0028686551
10668,-0.007568358
10669,0.026123043
10670,0.027374264
10671,-0.012145993
10672,-0.027801514
10673,-0.004760742
10674,0.014312744
10675,0.0027160682
10676,-0.00527954
10677,0.0017089811
10678,-0.0062561017
10679,-0.026000977
10680,-0.048217773
10681,-0.07418824
10682,-0.08462525
10683,-0.06799315
10684,-0.04037474
10685,-0.027801514
10686,-0.00875853
10687,0.023956344
10688,0.042907715
10689,0.037567154
10690,0.03601075
10691,0.054901116
10692,0.041809075
10693,0.010681149
10694,0.026855446
10695,0.057769764
10696,0.038787838
10697,0.020050041
10698,0.035858143
10699,0.055297844
10700,0.03607178
10701,0.00869751
10702,0.0053710975
10703,0.0018920861
10704,-0.0127258375
10705,-0.027618404
10706,-0.029724121
10707,-0.02459718
10708,-0.011993412
10709,0.0036621084
10710,0.021942139
10711,0.03451538
10712,0.0361023
10713,0.030853279
10714,0.02801513
10715,0.019866932
10716,0.008026138
10717,0.0126342885
10718,0.060180638
10719,0.16616818
10720,0.30822748
10721,0.37554932
10722,0.29940805
10723,0.20001227
10724,0.189453
10725,0.26950085
10726,0.33020037
10727,-0.076019466
10728,-0.57388306
10729,-0.57611096
10730,-0.7051392
10731,-1.3784178
10732,-1.5387573
10733,-1.0639648
10734,-0.5957031
10735,-0.13351452
10736,0.28790295
10737,0.4267881
10738,0.37548816
10739,0.22946179
10740,0.0824281
10741,0.04324329
10742,0.021667838
10743,0.0143435
10744,0.083129644
10745,0.2292481
10746,0.39389038
10747,0.5241699
10748,0.61721796
10749,0.6818237
10750,0.69644153
10751,0.6582642
10752,0.57550055
10753,0.4470216
10754,0.31555164
10755,0.22546381
10756,0.19274926
10757,0.16113257
10758,0.14083838
10759,0.17401111
10760,0.20770288
10761,0.17041016
10762,0.08459473
10763,0.0049437284
10764,-0.06860328
10765,-0.15838599
10766,-0.2507019
10767,-0.31118786
10768,-0.34506208
10769,-0.36624146
10770,-0.3784181
10771,-0.3706361
10772,-0.34698504
10773,-0.31814587
10774,-0.27774036
10775,-0.24615471
10776,-0.24319458
10777,-0.25820923
10778,-0.2680359
10779,-0.25280756
10780,-0.252594
10781,-0.26538086
10782,-0.2246094
10783,-0.16293323
10784,-0.1436156
10785,-0.10055554
10786,-0.047576785
10787,-0.007934511
10788,0.085510135
10789,0.18878189
10790,0.22845453
10791,0.24511707
10792,0.22290055
10793,0.18197635
10794,0.15496813
10795,0.074035734
10796,-0.028472885
10797,-0.04748538
10798,-0.022613496
10799,-0.035827607
10800,-0.07366943
10801,-0.100372314
10802,-0.12985224
10803,-0.16775513
10804,-0.21502686
10805,-0.24914563
10806,-0.27560413
10807,-0.28854376
10808,-0.27975482
10809,-0.24563599
10810,-0.18823224
10811,-0.11605859
10812,-0.054534793
10813,0.021728754
10814,0.095336914
10815,0.16964722
10816,0.24127197
10817,0.30740386
10818,0.36080945
10819,0.3992614
10820,0.42236328
10821,0.41674823
10822,0.39810178
10823,0.36962882
10824,0.3319397
10825,0.3015136
10826,0.2649231
10827,0.2423402
10828,0.21289062
10829,0.18597412
10830,0.15762353
10831,0.116607726
10832,0.077819586
10833,0.035095274
10834,-0.005737424
10835,-0.03213513
10836,-0.06072992
10837,-0.10006726
10838,-0.12521374
10839,-0.122161806
10840,-0.123809755
10841,-0.14788827
10842,-0.15216056
10843,-0.12445074
10844,-0.098602206
10845,-0.09161386
10846,-0.088378996
10847,-0.07891852
10848,-0.066863984
10849,-0.067932144
10850,-0.06594847
10851,-0.07147215
10852,-0.06845091
10853,-0.06097409
10854,-0.053710908
10855,-0.04864499
10856,-0.05682373
10857,-0.05517579
10858,-0.049468994
10859,-0.050628647
10860,-0.054534912
10861,-0.053283714
10862,-0.05239869
10863,-0.049316406
10864,-0.05117799
10865,-0.05212404
10866,-0.044189453
10867,-0.04177858
10868,-0.036834717
10869,-0.03884887
10870,-0.03628537
10871,-0.031219482
10872,-0.031402603
10873,-0.02136229
10874,-0.020080581
10875,-0.013336182
10876,-0.00033570826
10877,0.0015258789
10878,0.015441924
10879,0.01776123
10880,0.025817856
10881,0.027832061
10882,0.02828981
10883,0.051269546
10884,0.0536194
10885,0.045959488
10886,0.053771976
10887,0.06317141
10888,0.06695556
10889,0.058074933
10890,0.049835198
10891,0.046813965
10892,0.036346436
10893,0.025299061
10894,0.0050048865
10895,-0.0041809008
10896,-0.0108337365
10897,-0.011138916
10898,-0.0010375846
10899,0.0017700158
10900,0.016754149
10901,0.012786869
10902,0.02890015
10903,0.024078358
10904,0.018035889
10905,0.02072145
10906,0.009155251
10907,0.010192845
10908,-0.0017394945
10909,-0.012054443
10910,-0.009216335
10911,-0.022552516
10912,-0.026855465
10913,-0.028717026
10914,-0.024139423
10915,-0.017913818
10916,-0.008697497
10917,-0.0039062425
10918,0.003326416
10919,0.0025024433
10920,0.0008544922
10921,0.00048828125
10922,-0.004547119
10923,-0.0036621112
10924,-0.011077881
10925,-0.004180908
10926,-0.011566166
10927,-0.014648439
10928,-0.008941651
10929,-0.025115969
10930,-0.0105896
10931,-0.018707275
10932,-0.015686035
10933,0.0014648456
10934,-0.011016844
10935,0.009094239
10936,0.014678956
10937,0.010833741
10938,0.025665283
10939,0.018035887
10940,0.015258787
10941,0.023132324
10942,0.0066223126
10943,0.0078125
10944,0.008270264
10945,-0.0070190392
10946,0.0007629413
10947,-0.0046081543
10948,-0.014923092
10949,-0.009613033
10950,-0.020080566
10951,-0.018890379
10952,-0.014678955
10953,-0.02319336
10954,-0.021697996
10955,-0.0149536105
10956,-0.01815796
10957,-0.016845701
10958,-0.019348137
10959,-0.04067993
10960,-0.022644054
10961,-0.0130920485
10962,-0.03210448
10963,-0.024383567
10964,-0.01870729
10965,-0.0033569187
10966,0.0033874735
10967,-0.0067749023
10968,0.002136223
10969,0.016143829
10970,0.013824463
10971,0.02169799
10972,0.020141598
10973,0.011688255
10974,0.018463146
10975,0.01516724
10976,0.015594479
10977,0.020263676
10978,0.007873552
10979,0.010162359
10980,0.013977034
10981,-0.00045778044
10982,-0.0008850042
10983,0.0017700177
10984,-0.0043029767
10985,0.0043029785
10986,0.00070190616
10987,-0.00033568963
10988,0.014099123
10989,0.007232669
10990,0.0045776386
10991,0.007385255
10992,-0.0018920889
10993,0.003997801
10994,0.0008239718
10995,-0.008331299
10996,-0.0083313
10997,-0.0028686523
10998,0.0015869159
10999,0.0007934589
11000,-0.0016174298
11001,-0.0010375949
11002,0.012390142
11003,0.004089359
11004,-0.007171629
11005,-0.0043945294
11006,-0.02005005
11007,-0.02154541
11008,-0.027130127
11009,-0.039398186
11010,-0.03814698
11011,-0.04089356
11012,-0.03488159
11013,-0.025329582
11014,-0.02157595
11015,-0.014495827
11016,0.0017089844
11017,0.012023926
11018,0.024932846
11019,0.040222183
11020,0.043548554
11021,0.052093495
11022,0.053985596
11023,0.04583741
11024,0.042510975
11025,0.031921387
11026,0.02597046
11027,0.024688724
11028,0.022186281
11029,0.023071285
11030,0.017700188
11031,0.013336182
11032,0.0032959133
11033,-0.008422866
11034,-0.017181404
11035,-0.025299057
11036,-0.028808584
11037,-0.025939956
11038,-0.021911621
11039,-0.017028805
11040,-0.015167234
11041,-0.009735108
11042,-0.010192869
11043,-0.009155275
11044,-0.0028076172
11045,-0.00070190243
11046,0.008453369
11047,0.021087645
11048,0.026611328
11049,0.036254883
11050,0.039337154
11051,0.044647217
11052,0.048095703
11053,0.041687023
11054,0.04574584
11055,0.04043579
11056,0.03640748
11057,0.035217293
11058,0.028320298
11059,0.020538345
11060,0.015411377
11061,0.0050354004
11062,-0.003265351
11063,-0.012908921
11064,-0.023681656
11065,-0.02746582
11066,-0.031555153
11067,-0.03427127
11068,-0.03100589
11069,-0.035125718
11070,-0.027313247
11071,-0.025054954
11072,-0.021392792
11073,-0.015197765
11074,-0.015380889
11075,-0.012603745
11076,-0.010437012
11077,-0.014984157
11078,-0.018005377
11079,-0.025207516
11080,-0.029113777
11081,-0.032165524
11082,-0.036865234
11083,-0.041381836
11084,-0.03912354
11085,-0.035461415
11086,-0.03439332
11087,-0.030029286
11088,-0.02511596
11089,-0.021484368
11090,-0.017791748
11091,-0.014495842
11092,-0.012634255
11093,-0.007263176
11094,-0.0012206957
11095,0.0029297099
11096,0.007171653
11097,0.012207039
11098,0.015472405
11099,0.018188484
11100,0.01354982
11101,0.0095519945
11102,0.007141106
11103,-0.0023193173
11104,-0.0051574633
11105,0.0019225925
11106,0.0044555627
11107,0.010009769
11108,0.013244633
11109,0.01177977
11110,0.012420628
11111,0.0044250563
11112,0.00027466565
11113,0.004547134
11114,0.012603778
11115,0.023559578
11116,0.03741456
11117,0.042877197
11118,0.052032474
11119,0.05645752
11120,0.05294799
11121,0.05075074
11122,0.04589845
11123,0.038116463
11124,0.031372063
11125,0.02072145
11126,0.014251716
11127,0.007507317
11128,0.00057981163
11129,0.0030822903
11130,-0.0012817308
11131,-0.0054931566
11132,-0.0042419657
11133,-0.01052852
11134,-0.014038071
11135,-0.01748658
11136,-0.025207497
11137,-0.026092507
11138,-0.027099624
11139,-0.031127904
11140,-0.025573716
11141,-0.028778084
11142,-0.026367176
11143,-0.022796622
11144,-0.026458744
11145,-0.027862549
11146,-0.02978515
11147,-0.035125725
11148,-0.035339355
11149,-0.03948976
11150,-0.043548577
11151,-0.041778557
11152,-0.038696297
11153,-0.03250123
11154,-0.023742683
11155,-0.017486557
11156,-0.009857163
11157,-0.0027160943
11158,-0.0047912523
11159,-0.0005187765
11160,0.00061032176
11161,0.007385209
11162,0.018646255
11163,0.026123032
11164,0.034179665
11165,0.050018292
11166,0.054901082
11167,0.06430055
11168,0.06863405
11169,0.071624756
11170,0.07644653
11171,0.07836915
11172,0.07809449
11173,0.07675171
11174,0.06607054
11175,0.05728151
11176,0.04864502
11177,0.037078857
11178,0.030639678
11179,0.020324722
11180,0.0099487305
11181,0.007507339
11182,-0.005401626
11183,-0.015594482
11184,-0.027008072
11185,-0.04058841
11186,-0.050720215
11187,-0.056915283
11188,-0.06591798
11189,-0.06576541
11190,-0.069396965
11191,-0.068573
11192,-0.06600952
11193,-0.0602417
11194,-0.051513672
11195,-0.03939821
11196,-0.03338623
11197,-0.027832035
11198,-0.022644036
11199,-0.020568848
11200,-0.022094712
11201,-0.024169926
11202,-0.02359008
11203,-0.02276609
11204,-0.020080574
11205,-0.018707275
11206,-0.018127427
11207,-0.022521965
11208,-0.020263687
11209,-0.014831506
11210,-0.010040253
11211,-0.0006714165
11212,0.0125427395
11213,0.02447512
11214,0.0371399
11215,0.04144284
11216,0.044372544
11217,0.04611206
11218,0.041442852
11219,0.038848862
11220,0.032287605
11221,0.024932856
11222,0.021514885
11223,0.017150884
11224,0.013671875
11225,0.011596678
11226,0.010620116
11227,0.010833742
11228,0.0075683612
11229,0.0039367657
11230,0.0060424823
11231,0.002441408
11232,-0.0018310547
11233,-0.004119873
11234,-0.0021667462
11235,-0.0038757324
11236,-0.0025024405
11237,0.005554201
11238,0.018341064
11239,0.016448969
11240,0.015045166
11241,0.014343277
11242,0.0060119666
11243,-0.0100708045
11244,-0.021453843
11245,-0.03155516
11246,-0.03131104
11247,-0.034790043
11248,-0.03112793
11249,-0.019165043
11250,-0.012725832
11251,-0.009948729
11252,-0.0014648456
11253,0.00051879697
11254,0.0019531269
11255,-0.0027160682
11256,-0.0031433143
11257,0.005432131
11258,0.006805418
11259,0.0029602032
11260,0.012664793
11261,0.0152282715
11262,0.010406496
11263,0.0041809063
11264,-0.0010070836
11265,-0.0021362314
11266,-0.0085754385
11267,-0.014556886
11268,-0.002960205
11269,0.0018310538
11270,0.0022582998
11271,0.014984128
11272,0.025299072
11273,0.029907227
11274,0.034576416
11275,0.034637455
11276,0.043426514
11277,0.04104613
11278,0.036346447
11279,0.03930663
11280,0.038360573
11281,0.029876724
11282,0.031738266
11283,0.024749719
11284,0.02380374
11285,0.018371567
11286,0.0100402385
11287,0.0063171834
11288,-0.005218506
11289,-0.021453902
11290,-0.023956314
11291,-0.032531716
11292,-0.044799805
11293,-0.039276153
11294,-0.04364015
11295,-0.0441589
11296,-0.04364013
11297,-0.046478294
11298,-0.042419434
11299,-0.03521727
11300,-0.03894043
11301,-0.025878904
11302,-0.024200441
11303,-0.021270752
11304,-0.014465332
11305,-0.020233154
11306,-0.0206604
11307,-0.014556881
11308,-0.02410888
11309,-0.021331783
11310,-0.015502933
11311,-0.027679466
11312,-0.012634277
11313,-0.01937867
11314,-0.0104980245
11315,-0.0026245266
11316,0.0010986552
11317,0.0015869364
11318,0.02432251
11319,0.01000974
11320,0.031005867
11321,0.029876735
11322,0.02828978
11323,0.039825406
11324,0.035217293
11325,0.032775886
11326,0.042938218
11327,0.029479973
11328,0.025665289
11329,0.04251098
11330,0.010833744
11331,0.030975332
11332,0.025756828
11333,0.021209713
11334,0.03152467
11335,0.032104496
11336,0.017913818
11337,0.03549196
11338,0.011199966
11339,-0.006164551
11340,0.0030823052
11341,-0.041046143
11342,-0.03836061
11343,-0.053833004
11344,-0.06860351
11345,-0.074646
11346,-0.06500243
11347,-0.09182739
11348,-0.064422615
11349,-0.071319565
11350,-0.0848694
11351,-0.05807495
11352,-0.072509736
11353,-0.07449342
11354,-0.068786636
11355,-0.065032944
11356,-0.06756592
11357,-0.03942871
11358,-0.059417725
11359,-0.040252686
11360,-0.03451535
11361,-0.042816162
11362,-0.04019165
11363,-0.035461426
11364,-0.04006958
11365,-0.027008057
11366,-0.02645877
11367,-0.01928714
11368,-0.009979218
11369,-0.019256592
11370,-0.0015258193
11371,0.010223329
11372,0.0101623535
11373,0.04940805
11374,0.113861084
11375,0.14263907
11376,0.21395874
11377,0.28164673
11378,0.3630066
11379,0.40576172
11380,0.428833
11381,0.4746094
11382,0.5381165
11383,0.52764887
11384,0.4951173
11385,0.48916638
11386,0.4250183
11387,0.3305055
11388,0.18728638
11389,0.052978396
11390,-0.08395374
11391,-0.20208764
11392,-0.32232702
11393,-0.41992188
11394,-0.5036315
11395,-0.57296765
11396,-0.63162255
11397,-0.6841124
11398,-0.6946714
11399,-0.72476196
11400,-0.7221986
11401,-0.6981811
11402,-0.6884766
11403,-0.68359375
11404,-0.64923084
11405,-0.64260864
11406,-0.6258546
11407,-0.57196033
11408,-0.5166626
11409,-0.40603638
11410,-0.25448608
11411,-0.07702637
11412,0.12017822
11413,0.33950806
11414,0.5170288
11415,0.6923523
11416,0.81399536
11417,0.91485584
11418,1.004608
11419,1.0566406
11420,1.0758971
11421,1.1037595
11422,1.1177064
11423,1.0805968
11424,1.0358582
11425,0.96624744
11426,0.9102175
11427,0.8279722
11428,0.74063134
11429,0.62814355
11430,0.51806617
11431,0.36724877
11432,0.22039771
11433,0.07904029
11434,-0.093719244
11435,-0.27813745
11436,-0.46917772
11437,-0.6594236
11438,-0.86871314
11439,-1.082794
11440,-1.2984005
11441,-1.454773
11442,-1.5423583
11443,-1.5605465
11444,-1.4807739
11445,-1.3377076
11446,-1.1497195
11447,-0.94506824
11448,-0.7548828
11449,-0.57745385
11450,-0.4071045
11451,-0.27542114
11452,-0.15542579
11453,-0.04119873
11454,0.048583984
11455,0.14233446
11456,0.23944092
11457,0.3219602
11458,0.4284973
11459,0.5347593
11460,0.618652
11461,0.7018429
11462,0.7702937
11463,0.81820655
11464,0.8448185
11465,0.86029077
11466,0.82266223
11467,0.78338593
11468,0.71926874
11469,0.6224671
11470,0.51669306
11471,0.4171449
11472,0.3154298
11473,0.23876941
11474,0.1672976
11475,0.09899938
11476,0.060058594
11477,0.02685535
11478,-0.005248964
11479,-0.031982303
11480,-0.058410764
11481,-0.07455486
11482,-0.090637565
11483,-0.11721802
11484,-0.13275158
11485,-0.14614904
11486,-0.16400123
11487,-0.19021606
11488,-0.21826196
11489,-0.24426275
11490,-0.27014136
11491,-0.30160525
11492,-0.31640655
11493,-0.32989496
11494,-0.33581522
11495,-0.32302862
11496,-0.30520642
11497,-0.2836303
11498,-0.24740602
11499,-0.22003175
11500,-0.18795776
11501,-0.15365604
11502,-0.13781741
11503,-0.117370486
11504,-0.10318002
11505,-0.09368917
11506,-0.08908066
11507,-0.079711854
11508,-0.08187866
11509,-0.07147217
11510,-0.06817636
11511,-0.058685124
11512,-0.042388827
11513,-0.027618557
11514,0.0049438775
11515,0.031769007
11516,0.05908212
11517,0.08212289
11518,0.11669934
11519,0.13195807
11520,0.15029886
11521,0.16418457
11522,0.18164057
11523,0.19012436
11524,0.18872075
11525,0.19134529
11526,0.17721559
11527,0.16879272
11528,0.15335086
11529,0.13546753
11530,0.11801148
11531,0.116668686
11532,0.10278322
11533,0.0975952
11534,0.092742935
11535,0.07690433
11536,0.06939697
11537,0.06414795
11538,0.04196167
11539,0.017578155
11540,0.00088500977
11541,-0.022491485
11542,-0.042755157
11543,-0.06588745
11544,-0.081848145
11545,-0.094390884
11546,-0.092987075
11547,-0.094512954
11548,-0.08392334
11549,-0.073272735
11550,-0.07189943
11551,-0.065338135
11552,-0.05676268
11553,-0.059356675
11554,-0.060455307
11555,-0.056610115
11556,-0.06393432
11557,-0.059112538
11558,-0.05096434
11559,-0.057006836
11560,-0.051635742
11561,-0.04254152
11562,-0.03149417
11563,-0.013061538
11564,0.004486084
11565,0.015045151
11566,0.03030391
11567,0.034027077
11568,0.030853294
11569,0.028625488
11570,0.018218987
11571,0.012268055
11572,0.0050659254
11573,-0.0002136007
11574,-0.0065002404
11575,-0.008026149
11576,-0.011779778
11577,-0.009613052
11578,-0.0063781887
11579,-0.0034485161
11580,0.0031432882
11581,0.007141128
11582,0.014373772
11583,0.010620099
11584,0.013916012
11585,0.01748659
11586,0.020965546
11587,0.019134503
11588,0.024230964
11589,0.017089836
11590,0.012603749
11591,0.014678959
11592,0.012145989
11593,0.013061512
11594,0.014465338
11595,0.021270752
11596,0.029876707
11597,0.042419434
11598,0.04470826
11599,0.047912594
11600,0.043182377
11601,0.038452137
11602,0.029632576
11603,0.017028809
11604,0.0031738207
11605,-0.010650642
11606,-0.015686017
11607,-0.021026615
11608,-0.022949219
11609,-0.018280018
11610,-0.0139770545
11611,-0.016479518
11612,-0.010040283
11613,-0.008697502
11614,-0.012390133
11615,-0.015197752
11616,-0.01458741
11617,-0.013549803
11618,-0.014923097
11619,-0.024291996
11620,-0.03723145
11621,-0.037109375
11622,-0.044128425
11623,-0.052459713
11624,-0.049560566
11625,-0.03598021
11626,-0.02996824
11627,-0.016937248
11628,-0.00689698
11629,0.0013122708
11630,0.012664795
11631,0.024230942
11632,0.028015133
11633,0.03347777
11634,0.039184544
11635,0.03259277
11636,0.028564464
11637,0.023773191
11638,0.016479488
11639,0.016296385
11640,0.022033691
11641,0.019531252
11642,0.021148682
11643,0.020477293
11644,0.017181396
11645,0.006073
11646,-0.009460447
11647,-0.018737791
11648,-0.023864748
11649,-0.035369877
11650,-0.037170418
11651,-0.03234864
11652,-0.024444582
11653,-0.0114135705
11654,0.0078125
11655,0.017547606
11656,0.029815683
11657,0.037353527
11658,0.040008545
11659,0.03656005
11660,0.03167724
11661,0.024291985
11662,0.017944332
11663,0.007690437
11664,0.00064086914
11665,-0.0044555627
11666,-0.009338371
11667,-0.009948716
11668,-0.013030998
11669,-0.009490969
11670,-0.0018920936
11671,0.001434328
11672,0.004638672
11673,0.013092043
11674,0.015045166
11675,0.013183586
11676,0.009277351
11677,0.0036621168
11678,0.0010681078
11679,-0.0017089918
11680,-0.0057678036
11681,-0.0043335
11682,0.0038146898
11683,0.008972157
11684,0.0060424805
11685,-0.0016174391
11686,-0.009979267
11687,-0.013946522
11688,-0.015777577
11689,-0.020629894
11690,-0.015838621
11691,-0.0030822605
11692,0.0053100567
11693,0.0064392053
11694,0.0095825195
11695,0.008819576
11696,0.0065612793
11697,0.005554199
11698,6.103143e-05
11699,-0.004119877
11700,-0.0054016113
11701,-0.01184082
11702,-0.023895266
11703,-0.026794434
11704,-0.033813477
11705,-0.039764404
11706,-0.037322998
11707,-0.03744507
11708,-0.03347778
11709,-0.024261475
11710,-0.011566155
11711,-0.001495365
11712,0.012451172
11713,0.02471923
11714,0.03674316
11715,0.042053223
11716,0.045410156
11717,0.046966538
11718,0.037200928
11719,0.025054932
11720,0.014312755
11721,0.0013732761
11722,-0.013519287
11723,-0.022918692
11724,-0.02511597
11725,-0.02072145
11726,-0.01861572
11727,-0.012023929
11728,0.00057983305
11729,0.008300781
11730,0.011840818
11731,0.011230469
11732,0.01098633
11733,0.014465332
11734,0.015228275
11735,0.0046997108
11736,0.004699707
11737,0.008239746
11738,0.008148193
11739,0.00793457
11740,0.007965088
11741,0.0046691895
11742,0.0010986328
11743,-0.0023498535
11744,-0.009185802
11745,-0.012512207
11746,-0.019775387
11747,-0.0265503
11748,-0.031280525
11749,-0.028656002
11750,-0.02496338
11751,-0.023376465
11752,-0.021148682
11753,-0.013061523
11754,-0.0069274902
11755,-0.006286621
11756,-0.002105713
11757,0.0015869141
11758,0.004852295
11759,-0.0014953613
11760,-0.00390625
11761,-0.010009766
11762,-0.020812992
11763,-0.028594978
11764,-0.037841804
11765,-0.04736328
11766,-0.0455017
11767,-0.038177475
11768,-0.036315933
11769,-0.024627656
11770,-0.009033203
11771,0.0029907078
11772,0.016174316
11773,0.024902374
11774,0.031158432
11775,0.037628174
11776,0.042083755
11777,0.042877205
11778,0.0456238
11779,0.045471203
11780,0.046478264
11781,0.04675293
11782,0.051422127
11783,0.05606079
11784,0.061065674
11785,0.06271361
11786,0.06054689
11787,0.058837876
11788,0.050384507
11789,0.035400406
11790,0.018768296
11791,0.008270234
11792,-0.005279541
11793,-0.016296372
11794,-0.023773208
11795,-0.025085494
11796,-0.024139374
11797,-0.019103982
11798,-0.020538338
11799,-0.019378692
11800,-0.015472412
11801,-0.016662613
11802,-0.016601574
11803,-0.018798843
11804,-0.018798824
11805,-0.018493634
11806,-0.021392815
11807,-0.031951897
11808,-0.043853734
11809,-0.04858399
11810,-0.04864504
11811,-0.051452637
11812,-0.05081176
11813,-0.04312134
11814,-0.03704834
11815,-0.0324402
11816,-0.02752684
11817,-0.022216797
11818,-0.013336197
11819,-0.005737312
11820,-0.0021972433
11821,0.00064085424
11822,-0.0016479418
11823,-0.0042724386
11824,-0.003417991
11825,0.001800552
11826,0.011108413
11827,0.0231018
11828,0.03253173
11829,0.04388429
11830,0.051544156
11831,0.054779038
11832,0.052703857
11833,0.047821052
11834,0.039703358
11835,0.030914301
11836,0.02459716
11837,0.014862061
11838,0.006378174
11839,-0.00039673597
11840,-0.0014953576
11841,-0.0026550293
11842,-0.0028991774
11843,-0.0016784705
11844,-0.0034484677
11845,-0.0072937086
11846,-0.010559082
11847,-0.0129089225
11848,-0.012939444
11849,-0.008666996
11850,-0.006073
11851,-0.0028991736
11852,-0.0032959003
11853,-0.0031433105
11854,-0.0066833505
11855,-0.010528563
11856,-0.01449585
11857,-0.01791382
11858,-0.017974854
11859,-0.015808102
11860,-0.015808104
11861,-0.015045168
11862,-0.008850098
11863,-0.0013427716
11864,0.0047912598
11865,0.010009762
11866,0.017364502
11867,0.026153566
11868,0.033691406
11869,0.039794922
11870,0.040924072
11871,0.038879402
11872,0.03582763
11873,0.029632576
11874,0.020019531
11875,0.014495861
11876,0.010986306
11877,0.015075687
11878,0.018585198
11879,0.025543213
11880,0.031402595
11881,0.04141239
11882,0.044067368
11883,0.03744504
11884,0.02255249
11885,0.012023956
11886,-0.0028381497
11887,-0.01745604
11888,-0.020477265
11889,-0.02212523
11890,-0.016693115
11891,-0.023681626
11892,-0.009246826
11893,-0.027069122
11894,-0.039398238
11895,-0.11526492
11896,-0.08337405
11897,-0.041503906
11898,-0.12136842
11899,-0.109619126
11900,-0.011962902
11901,-0.0079956055
11902,-0.033813473
11903,-0.011474587
11904,-0.025390655
11905,-0.022369407
11906,-0.02819825
11907,-0.026733391
11908,-0.02801513
11909,-0.024353057
11910,-0.030212373
11911,-0.0271606
11912,-0.027465805
11913,-0.022583038
11914,-0.017883286
11915,-0.010345459
11916,-0.0048217922
11917,0.0019836575
11918,0.00018309057
11919,0.00018309057
11920,-0.003265351
11921,-0.007446274
11922,-0.008636504
11923,-0.009307846
11924,-0.004913315
11925,0.00033569336
11926,0.0067748874
11927,0.0128478855
11928,0.020721436
11929,0.027526855
11930,0.035613984
11931,0.04129027
11932,0.0501709
11933,0.05929564
11934,0.05734256
11935,0.055206306
11936,0.051055904
11937,0.05053711
11938,0.041900642
11939,0.036834706
11940,0.03125
11941,0.033843987
11942,0.036224365
11943,0.04562378
11944,0.053009048
11945,0.06152343
11946,0.067565925
11947,0.06796265
11948,0.062164307
11949,0.052520767
11950,0.055175766
11951,0.05136107
11952,0.049957305
11953,0.049682617
11954,0.04971312
11955,0.038940445
11956,0.03152466
11957,0.0154418945
11958,0.03793335
11959,0.12359619
11960,0.24725342
11961,0.3005677
11962,0.2436828
11963,0.20806873
11964,0.25930798
11965,0.3172912
11966,0.31799304
11967,-0.1418153
11968,-0.6842652
11969,-0.8788149
11970,-1.1476748
11971,-1.7039798
11972,-1.7644656
11973,-1.2029114
11974,-0.5851747
11975,0.010955811
11976,0.51092565
11977,0.7068486
11978,0.6213685
11979,0.47329712
11980,0.33309937
11981,0.2817688
11982,0.2474978
11983,0.20239279
11984,0.2084654
11985,0.2898255
11986,0.3869631
11987,0.45297238
11988,0.49838254
11989,0.53466797
11990,0.5433959
11991,0.49234006
11992,0.3876344
11993,0.2556761
11994,0.121521115
11995,0.019622803
11996,-0.029785335
11997,-0.03680402
11998,-0.008788943
11999,0.045287967
12000,0.094085515
12001,0.10903931
12002,0.08822656
12003,0.043396056
12004,-0.0076599717
12005,-0.06625366
12006,-0.1298219
12007,-0.1914671
12008,-0.23309308
12009,-0.2575684
12010,-0.26559448
12011,-0.27215552
12012,-0.23956311
12013,-0.18740869
12014,-0.16049188
12015,-0.13403313
12016,-0.095306486
12017,-0.110137925
12018,-0.14392093
12019,-0.0892334
12020,-0.037139878
12021,-0.0633545
12022,-0.09558107
12023,-0.116424546
12024,-0.1488037
12025,-0.16741945
12026,-0.20275879
12027,-0.23269647
12028,-0.19515991
12029,-0.12054449
12030,-0.074676484
12031,-0.06542942
12032,-0.07522592
12033,-0.095184624
12034,-0.121520996
12035,-0.15454102
12036,-0.18985009
12037,-0.22180182
12038,-0.23336774
12039,-0.22702026
12040,-0.1989134
12041,-0.15722638
12042,-0.109039426
12043,-0.05899048
12044,-0.010528326
12045,0.0403136
12046,0.094543576
12047,0.15084851
12048,0.20468134
12049,0.25698876
12050,0.30288708
12051,0.34091175
12052,0.36569214
12053,0.37667862
12054,0.38076767
12055,0.3779906
12056,0.36917117
12057,0.35202032
12058,0.33312982
12059,0.30825803
12060,0.28503412
12061,0.26571658
12062,0.24664313
12063,0.2227478
12064,0.20193505
12065,0.17892462
12066,0.15283221
12067,0.12283349
12068,0.083862245
12069,0.042388797
12070,-0.0003964305
12071,-0.04653907
12072,-0.09207165
12073,-0.1366579
12074,-0.17321783
12075,-0.20074457
12076,-0.2214663
12077,-0.22985846
12078,-0.23056015
12079,-0.2264404
12080,-0.21801764
12081,-0.20791611
12082,-0.19906612
12083,-0.18884276
12084,-0.17956546
12085,-0.16763307
12086,-0.15646365
12087,-0.14605714
12088,-0.12875363
12089,-0.1109619
12090,-0.08981325
12091,-0.06781007
12092,-0.04632567
12093,-0.025665298
12094,-0.0050964504
12095,0.0105896145
12096,0.022277832
12097,0.03030394
12098,0.03289795
12099,0.03274539
12100,0.031158432
12101,0.02462767
12102,0.018707305
12103,0.010864243
12104,0.0047302246
12105,0.005706772
12106,0.010620117
12107,0.015228257
12108,0.02029419
12109,0.028503418
12110,0.037200898
12111,0.0389404
12112,0.036041275
12113,0.037017822
12114,0.033294637
12115,0.03372193
12116,0.037658688
12117,0.03713989
12118,0.034393307
12119,0.0343628
12120,0.03256226
12121,0.026153572
12122,0.018310547
12123,0.012451174
12124,0.011566161
12125,0.0053710938
12126,0.0076599102
12127,0.009918213
12128,0.01159668
12129,0.013305664
12130,0.020629883
12131,0.022857666
12132,0.029235836
12133,0.034728996
12134,0.035308838
12135,0.03738402
12136,0.03765869
12137,0.029998764
12138,0.018493667
12139,0.012451135
12140,-0.0025024712
12141,-0.013275154
12142,-0.019409195
12143,-0.023925796
12144,-0.028167747
12145,-0.02801516
12146,-0.028106686
12147,-0.025817867
12148,-0.024169933
12149,-0.02142334
12150,-0.019348148
12151,-0.02005006
12152,-0.019500718
12153,-0.01864623
12154,-0.016662601
12155,-0.0121460045
12156,-0.01022339
12157,-0.0034179697
12158,0.0043945294
12159,0.00506592
12160,-0.00012206938
12161,-0.0032043466
12162,-0.006866454
12163,-0.0115356445
12164,-0.018737793
12165,-0.022338867
12166,-0.019104006
12167,-0.014862062
12168,-0.01229858
12169,-0.01037598
12170,-0.0057983436
12171,-0.0017395038
12172,-0.0010986328
12173,-0.0012817383
12174,0.0007629357
12175,0.00042724796
12176,-0.0031433068
12177,-0.0012512226
12178,0.0010070782
12179,0.001495365
12180,0.0021667462
12181,0.0051879864
12182,0.0056152362
12183,0.0013122559
12184,-0.004577635
12185,-0.0072021484
12186,-0.017425537
12187,-0.027160645
12188,-0.027465817
12189,-0.022888191
12190,-0.021759026
12191,-0.016387947
12192,-0.008514401
12193,-0.0018920787
12194,0.0013427734
12195,0.004211422
12196,0.004272476
12197,0.008026138
12198,0.010681156
12199,0.009704582
12200,0.009185784
12201,0.011627223
12202,0.008056644
12203,0.001800552
12204,-0.0056152344
12205,-0.008911125
12206,-0.010681149
12207,-0.012451161
12208,-0.009002682
12209,-0.0010986365
12210,0.003997799
12211,0.011291515
12212,0.017181404
12213,0.020202626
12214,0.019927952
12215,0.020446792
12216,0.015563989
12217,0.011230467
12218,0.0058288444
12219,0.0060424786
12220,0.0016479492
12221,-0.0007934589
12222,0.0034790058
12223,0.011596683
12224,0.017272951
12225,0.023773197
12226,0.02902222
12227,0.03048706
12228,0.031280514
12229,0.027832028
12230,0.02105714
12231,0.010803223
12232,0.004089359
12233,-0.00027466193
12234,-0.005737301
12235,-0.012756344
12236,-0.014678959
12237,-0.0150451865
12238,-0.017913822
12239,-0.019317629
12240,-0.020996094
12241,-0.022247314
12242,-0.0194397
12243,-0.016723637
12244,-0.014404295
12245,-0.009643555
12246,-0.0043029804
12247,0.0005188007
12248,0.002380373
12249,-3.0521303e-05
12250,0.00024414062
12251,0.0038146991
12252,0.004791258
12253,0.005645751
12254,0.007904058
12255,0.011810303
12256,0.013824461
12257,0.013549806
12258,0.014099124
12259,0.01586914
12260,0.016021727
12261,0.012939455
12262,0.008422853
12263,0.0022888184
12264,-0.0010681134
12265,-0.004333494
12266,-0.00939941
12267,-0.011383055
12268,-0.011413574
12269,-0.015319825
12270,-0.014923096
12271,-0.011444092
12272,-0.0065917973
12273,-0.002777101
12274,0.0021972652
12275,0.0056152344
12276,0.007995605
12277,0.0089416485
12278,0.00982666
12279,0.011383056
12280,0.012634279
12281,0.015869139
12282,0.020751959
12283,0.021148682
12284,0.017730702
12285,0.016052227
12286,0.016143803
12287,0.014221195
12288,0.009094227
12289,0.0066833235
12290,0.00802616
12291,0.0064697377
12292,0.0020751767
12293,-0.0010376051
12294,-0.003417939
12295,-0.0025939979
12296,0.0017700121
12297,0.003814701
12298,0.0038147047
12299,0.0057067946
12300,0.006103523
12301,0.0029601976
12302,-0.0013732985
12303,0.00021362677
12304,-0.0018921047
12305,-0.0031738319
12306,-0.0032348707
12307,-0.0008544661
12308,-0.006561283
12309,-0.013153084
12310,-0.01885987
12311,-0.019073479
12312,-0.022979755
12313,-0.02114869
12314,-0.021789553
12315,-0.02175904
12316,-0.020568846
12317,-0.021392822
12318,-0.023834229
12319,-0.026611326
12320,-0.028961174
12321,-0.031249994
12322,-0.029907223
12323,-0.027587898
12324,-0.02407838
12325,-0.0246582
12326,-0.021759026
12327,-0.01559449
12328,-0.011169456
12329,-0.002716057
12330,0.003417991
12331,0.010131825
12332,0.011749264
12333,0.014770526
12334,0.008483879
12335,-0.0007324256
12336,-0.010467503
12337,-0.013122566
12338,-0.015289314
12339,-0.016296372
12340,-0.012176506
12341,-0.0028076097
12342,0.007537864
12343,0.015533451
12344,0.026458755
12345,0.03286745
12346,0.038024887
12347,0.042358402
12348,0.047119163
12349,0.05041504
12350,0.04965209
12351,0.04467774
12352,0.04284668
12353,0.03704835
12354,0.030212395
12355,0.024963386
12356,0.017242447
12357,0.0054016113
12358,-0.006439224
12359,-0.01742553
12360,-0.026061997
12361,-0.03256227
12362,-0.040222175
12363,-0.039276116
12364,-0.04013063
12365,-0.03387452
12366,-0.025024407
12367,-0.02142334
12368,-0.018524168
12369,-0.0101013165
12370,-0.00418091
12371,0.0015869178
12372,0.0058898963
12373,0.0022583026
12374,0.0078125
12375,0.010070801
12376,0.008178713
12377,0.007995607
12378,0.009155271
12379,0.0077209463
12380,0.01437378
12381,0.021087643
12382,0.027679436
12383,0.033691406
12384,0.032989517
12385,0.032287598
12386,0.027954083
12387,0.01641848
12388,0.008178726
12389,0.0006408505
12390,-0.006683346
12391,-0.019561782
12392,-0.027465824
12393,-0.03634641
12394,-0.045562748
12395,-0.05331422
12396,-0.054168694
12397,-0.052856445
12398,-0.04550171
12399,-0.04071044
12400,-0.03836059
12401,-0.03958131
12402,-0.033508293
12403,-0.029663064
12404,-0.027374275
12405,-0.017242432
12406,-0.012207016
12407,-0.006561272
12408,0.0013122559
12409,-0.00024413317
12410,-0.005340576
12411,-0.0035400838
12412,-0.0038757399
12413,-0.007019043
12414,-0.0026245266
12415,0.0058288276
12416,0.015869126
12417,0.019134484
12418,0.026153535
12419,0.030578613
12420,0.040863052
12421,0.04708861
12422,0.050781213
12423,0.05215455
12424,0.051574722
12425,0.047943115
12426,0.040771477
12427,0.03265381
12428,0.023620598
12429,0.01831054
12430,0.014587402
12431,0.013275161
12432,0.01269532
12433,0.014892567
12434,0.013122566
12435,0.013610855
12436,0.013153084
12437,0.010070778
12438,0.010742184
12439,0.011627186
12440,0.010986332
12441,0.011047389
12442,0.015106186
12443,0.012512192
12444,0.012908936
12445,0.011474602
12446,0.005737312
12447,0.0011901855
12448,0.0007323995
12449,-0.0030822605
12450,-0.0036010742
12451,-0.008758567
12452,-0.011749268
12453,-0.011352524
12454,-0.013427697
12455,-0.01644896
12456,-0.014648434
12457,-0.0113525465
12458,-0.008850075
12459,-0.0028076135
12460,-0.003265351
12461,-0.004638668
12462,-0.0069580004
12463,-0.0119018555
12464,-0.015930172
12465,-0.02032471
12466,-0.021789555
12467,-0.019653313
12468,-0.019470198
12469,-0.020050058
12470,-0.014556891
12471,-0.015624998
12472,-0.0155639695
12473,-0.015899658
12474,-0.019592285
12475,-0.022308346
12476,-0.025634764
12477,-0.032012943
12478,-0.03372193
12479,-0.0319519
12480,-0.028198231
12481,-0.024597183
12482,-0.018157959
12483,-0.010955796
12484,-0.0077819675
12485,0.0013427734
12486,0.0057983287
12487,0.011871338
12488,0.01684571
12489,0.01852417
12490,0.019897439
12491,0.019165039
12492,0.018554691
12493,0.021850593
12494,0.020477287
12495,0.014923096
12496,0.015106192
12497,0.010437008
12498,0.005004879
12499,-0.00119018
12500,-0.0047912598
12501,-0.010223387
12502,-0.009155272
12503,-0.0047302227
12504,-0.004852293
12505,-0.0029602032
12506,3.051944e-05
12507,0.00012207031
12508,0.0062561035
12509,0.008850096
12510,0.010467529
12511,0.014190676
12512,0.012664795
12513,0.011718749
12514,0.016113281
12515,0.018096928
12516,0.019744877
12517,0.022674566
12518,0.02697754
12519,0.030578613
12520,0.029937733
12521,0.02890015
12522,0.028930675
12523,0.025604255
12524,0.021759033
12525,0.014312759
12526,0.009979263
12527,0.009613052
12528,0.009674065
12529,0.01055906
12530,0.013763435
12531,0.016815178
12532,0.018920913
12533,0.019592248
12534,0.015319839
12535,0.011199921
12536,0.00680542
12537,0.0037231147
12538,-0.009002671
12539,-0.018676758
12540,-0.030212417
12541,-0.039032012
12542,-0.04666139
12543,-0.047607444
12544,-0.046844512
12545,-0.036254898
12546,-0.026245132
12547,-0.015228273
12548,-0.0076904297
12549,-0.004486084
12550,-0.0032653809
12551,-0.00317383
12552,-0.0009765625
12553,-0.004333496
12554,-0.00491333
12555,-0.007202152
12556,-0.010253905
12557,-0.012054446
12558,-0.0069885245
12559,-0.004974368
12560,-0.0009765644
12561,0.0025634766
12562,0.009399414
12563,0.01272583
12564,0.014892576
12565,0.015045166
12566,0.013885498
12567,0.010345459
12568,0.007080078
12569,0.0032043457
12570,-0.002746582
12571,-0.0052490253
12572,-0.010070801
12573,-0.016174318
12574,-0.024169922
12575,-0.03686523
12576,-0.05334472
12577,-0.071746826
12578,-0.08505248
12579,-0.09881593
12580,-0.10513304
12581,-0.10485841
12582,-0.09844971
12583,-0.09301756
12584,-0.086883545
12585,-0.08566287
12586,-0.08053592
12587,-0.07809445
12588,-0.07513428
12589,-0.06967154
12590,-0.061736852
12591,-0.05441287
12592,-0.046936154
12593,-0.034637183
12594,-0.023407131
12595,-0.02557394
12596,-0.018707186
12597,0.0025329292
12598,0.013580233
12599,0.03204325
12600,0.07742298
12601,0.13864148
12602,0.21313477
12603,0.28369126
12604,0.36251843
12605,0.4547425
12606,0.5317992
12607,0.5612487
12608,0.58908087
12609,0.61547863
12610,0.604889
12611,0.53884876
12612,0.45581055
12613,0.35089123
12614,0.22259521
12615,0.07778919
12616,-0.07345569
12617,-0.20730567
12618,-0.31298816
12619,-0.41040027
12620,-0.50305176
12621,-0.5787046
12622,-0.64602655
12623,-0.70358264
12624,-0.7473145
12625,-0.78301996
12626,-0.80630505
12627,-0.8078308
12628,-0.8028563
12629,-0.7831116
12630,-0.7576597
12631,-0.7361146
12632,-0.70028675
12633,-0.6571653
12634,-0.60281396
12635,-0.49609375
12636,-0.34872413
12637,-0.17541504
12638,0.028442144
12639,0.2632444
12640,0.48913527
12641,0.65771437
12642,0.7949214
12643,0.9229119
12644,1.0222167
12645,1.0682065
12646,1.0820919
12647,1.0877682
12648,1.0874327
12649,1.0740964
12650,1.0636902
12651,1.0406493
12652,1.0332643
12653,1.050171
12654,1.0527954
12655,1.0200195
12656,0.96490455
12657,0.87298584
12658,0.72732544
12659,0.5254514
12660,0.2849121
12661,0.08053613
12662,-0.16308594
12663,-0.54449487
12664,-0.9060364
12665,-1.1186216
12666,-1.4086611
12667,-1.7624211
12668,-1.9713442
12669,-2.0096128
12670,-1.9846191
12671,-1.871277
12672,-1.6799928
12673,-1.4241335
12674,-1.1330259
12675,-0.82901025
12676,-0.54364014
12677,-0.2895813
12678,-0.084350824
12679,0.06640673
12680,0.17071533
12681,0.23617506
12682,0.2810061
12683,0.31655908
12684,0.35882568
12685,0.42086744
12686,0.50051904
12687,0.58599806
12688,0.6699827
12689,0.7462462
12690,0.8056028
12691,0.8336179
12692,0.8296206
12693,0.806244
12694,0.75250244
12695,0.6825563
12696,0.60110474
12697,0.51776135
12698,0.4356383
12699,0.3668822
12700,0.30136114
12701,0.2528993
12702,0.21508765
12703,0.18161023
12704,0.14935333
12705,0.12796009
12706,0.10494983
12707,0.07812512
12708,0.055999994
12709,0.034484744
12710,0.009490609
12711,-0.021484137
12712,-0.055786252
12713,-0.093933344
12714,-0.13647473
12715,-0.19094872
12716,-0.26022363
12717,-0.32366955
12718,-0.3768618
12719,-0.43142712
12720,-0.47131354
12721,-0.48809832
12722,-0.4892274
12723,-0.47219843
12724,-0.44442737
12725,-0.4046325
12726,-0.35943604
12727,-0.31420895
12728,-0.27087414
12729,-0.22470093
12730,-0.18002313
12731,-0.13952649
12732,-0.0990603
12733,-0.0645445
12734,-0.03417957
12735,-0.011474729
12736,0.0034483075
12737,0.01547277
12738,0.028625548
12739,0.03994739
12740,0.054199398
12741,0.07348645
12742,0.092529535
12743,0.109680265
12744,0.12533548
12745,0.13687128
12746,0.14587423
12747,0.15246561
12748,0.15393066
12749,0.15585351
12750,0.1559448
12751,0.15988147
12752,0.16781622
12753,0.17221074
12754,0.17556766
12755,0.18087769
12756,0.18173218
12757,0.1808472
12758,0.17169188
12759,0.15359499
12760,0.13607788
12761,0.11550903
12762,0.08703613
12763,0.05731201
12764,0.030151397
12765,0.0045166016
12766,-0.018218994
12767,-0.03753659
12768,-0.05441287
12769,-0.0663757
12770,-0.07388306
12771,-0.08166507
12772,-0.08557129
12773,-0.083160356
12774,-0.07739259
12775,-0.07012938
12776,-0.06314087
12777,-0.05590819
12778,-0.049102798
12779,-0.047668442
12780,-0.05514525
12781,-0.06158448
12782,-0.06280517
12783,-0.05807492
12784,-0.05038452
12785,-0.03698731
12786,-0.017242424
12787,0.0046691876
12788,0.023345944
12789,0.04461669
12790,0.06393432
12791,0.0755005
12792,0.075103775
12793,0.06884766
12794,0.04165648
12795,0.0008240044
12796,-0.04797361
12797,-0.105987564
12798,-0.15499878
12799,-0.18066406
12800,-0.17813112
12801,-0.15274048
12802,-0.11260985
12803,-0.07360841
12804,-0.03988646
12805,6.106496e-05
12806,-0.003112778
12807,-0.015533417
12808,0.0007019192
12809,0.019226074
12810,0.018585235
12811,0.04202272
12812,0.073089585
12813,0.09698486
12814,0.11032106
12815,0.11804199
12816,0.12783813
12817,0.13409422
12818,0.13247678
12819,0.12704466
12820,0.116485596
12821,0.09185791
12822,0.06625363
12823,0.03747557
12824,0.016662613
12825,-0.004760772
12826,-0.021911636
12827,-0.036346406
12828,-0.045867905
12829,-0.056823745
12830,-0.071685776
12831,-0.08712766
12832,-0.101043664
12833,-0.11602781
12834,-0.13085939
12835,-0.14074707
12836,-0.14215088
12837,-0.1418762
12838,-0.13549806
12839,-0.11660768
12840,-0.090026855
12841,-0.06317136
12842,-0.028961211
12843,0.0040893555
12844,0.035858184
12845,0.06109619
12846,0.078948945
12847,0.092926025
12848,0.10333252
12849,0.10668947
12850,0.11132814
12851,0.11682129
12852,0.119842544
12853,0.11553958
12854,0.10739136
12855,0.09429931
12856,0.07369994
12857,0.05413817
12858,0.035095185
12859,0.02136232
12860,0.006957993
12861,-0.0034484863
12862,-0.015014634
12863,-0.030059814
12864,-0.05261232
12865,-0.07278444
12866,-0.08911132
12867,-0.103271484
12868,-0.10980226
12869,-0.10260011
12870,-0.09280393
12871,-0.077392586
12872,-0.05444336
12873,-0.028625503
12874,-0.007934593
12875,0.015533477
12876,0.033416748
12877,0.04028319
12878,0.03741456
12879,0.029693626
12880,0.01690675
12881,0.0043640286
12882,-0.0064086653
12883,-0.010223389
12884,-0.006561257
12885,-0.0007324517
12886,0.005615242
12887,0.010498036
12888,0.014221199
12889,0.020935062
12890,0.02377319
12891,0.02374265
12892,0.020996105
12893,0.017639171
12894,0.012451161
12895,0.009307865
12896,0.009826668
12897,0.014617916
12898,0.02508545
12899,0.035247806
12900,0.044921875
12901,0.058776848
12902,0.0734558
12903,0.081024185
12904,0.08474733
12905,0.081512436
12906,0.07540895
12907,0.06259157
12908,0.04122922
12909,0.014984116
12910,-0.003540054
12911,-0.014465332
12912,-0.02255249
12913,-0.03381349
12914,-0.035614
12915,-0.036834702
12916,-0.039367676
12917,-0.041870117
12918,-0.03948976
12919,-0.040863052
12920,-0.04251103
12921,-0.04104617
12922,-0.039886452
12923,-0.03558349
12924,-0.032501247
12925,-0.027587885
12926,-0.015045157
12927,-0.0014648344
12928,0.010253901
12929,0.020568853
12930,0.022430427
12931,0.01861573
12932,0.0070495456
12933,-0.0075683743
12934,-0.024353005
12935,-0.040740974
12936,-0.05142214
12937,-0.048248287
12938,-0.045227043
12939,-0.0381775
12940,-0.03042601
12941,-0.027099594
12942,-0.027587898
12943,-0.030700676
12944,-0.03686522
12945,-0.038482673
12946,-0.03570556
12947,-0.03363037
12948,-0.029144302
12949,-0.024230972
12950,-0.017456025
12951,-0.01538083
12952,-0.0155944675
12953,-0.009765625
12954,-0.0018615723
12955,0.003967315
12956,0.012298629
12957,0.021850571
12958,0.027984649
12959,0.030761749
12960,0.039276138
12961,0.046020515
12962,0.048767105
12963,0.05218507
12964,0.055114735
12965,0.060058586
12966,0.06164552
12967,0.05944825
12968,0.053894036
12969,0.053649902
12970,0.04760742
12971,0.039855964
12972,0.03350828
12973,0.028350838
12974,0.020477295
12975,0.015319817
12976,0.014892563
12977,0.010925271
12978,0.0066223145
12979,0.0030822754
12980,0.0008849874
12981,-0.0027466118
12982,-0.0068359002
12983,-0.007995628
12984,-0.012054458
12985,-0.013580337
12986,-0.018341072
12987,-0.021881126
12988,-0.024932884
12989,-0.028350838
12990,-0.030578595
12991,-0.029541023
12992,-0.030700702
12993,-0.033843976
12994,-0.037567135
12995,-0.03796388
12996,-0.037689205
12997,-0.038391113
12998,-0.035369877
12999,-0.026153564
13000,-0.021759018
13001,-0.016082771
13002,-0.013244633
13003,-0.0069579966
13004,-0.0021972582
13005,0.0016479306
13006,0.003234852
13007,0.006042473
13008,0.0065918043
13009,0.0077819675
13010,0.010589592
13011,0.01403809
13012,0.013153076
13013,0.01376342
13014,0.017761225
13015,0.019622799
13016,0.01663208
13017,0.01733398
13018,0.01522827
13019,0.0146484375
13020,0.009490963
13021,0.0020141606
13022,0.0017395027
13023,0.0050659175
13024,0.008117673
13025,0.014404297
13026,0.017303469
13027,0.018341068
13028,0.017242435
13029,0.011016855
13030,0.0012512133
13031,-0.0036010742
13032,-0.00512694
13033,-0.004211424
13034,6.1025843e-05
13035,0.004943855
13036,0.008331299
13037,0.009857167
13038,0.0074157715
13039,0.0016174354
13040,-0.0012207218
13041,-0.006378174
13042,-0.009582505
13043,-0.01126099
13044,-0.01431274
13045,-0.014739977
13046,-0.012664791
13047,-0.01126099
13048,-0.008056643
13049,-0.008209232
13050,-0.0111694345
13051,-0.012664797
13052,-0.015197755
13053,-0.02041626
13054,-0.018829346
13055,-0.015655518
13056,-0.012451172
13057,-0.002105713
13058,0.00854492
13059,0.017242434
13060,0.026550293
13061,0.03463745
13062,0.035919197
13063,0.036621094
13064,0.033966064
13065,0.025848366
13066,0.020904541
13067,0.01162719
13068,0.002288811
13069,-0.004241947
13070,-0.007842995
13071,-0.012329083
13072,-0.011535648
13073,-0.010009773
13074,-0.011169422
13075,-0.012756359
13076,-0.014373794
13077,-0.01675415
13078,-0.01876831
13079,-0.018371582
13080,-0.014831544
13081,-0.0066223145
13082,0.0020751962
13083,0.009033201
13084,0.016418457
13085,0.018981934
13086,0.017272947
13087,0.0184021
13088,0.010009766
13089,0.004699707
13090,0.003997797
13091,0.001068119
13092,-0.003540039
13093,-0.00460816
13094,-0.009216312
13095,-0.012023922
13096,-0.015075684
13097,-0.018005371
13098,-0.017608643
13099,-0.015686035
13100,-0.012542725
13101,-0.0103149405
13102,-0.009460449
13103,-0.009857179
13104,-0.010925294
13105,-0.011871336
13106,-0.013427734
13107,-0.009429932
13108,-0.0047607385
13109,-0.0007324219
13110,0.004272459
13111,0.0063171387
13112,0.007873539
13113,0.008209225
13114,0.003692625
13115,0.003112793
13116,0.0020141602
13117,-0.003479003
13118,-0.007965084
13119,-0.011932374
13120,-0.0141601525
13121,-0.017150873
13122,-0.019348145
13123,-0.017425548
13124,-0.014862057
13125,-0.012939446
13126,-0.008911144
13127,-0.0093994215
13128,-0.0094604455
13129,-0.013366684
13130,-0.013641357
13131,-0.017486583
13132,-0.021728497
13133,-0.023651116
13134,-0.018432617
13135,-0.015350342
13136,-0.012115456
13137,-0.009460434
13138,-0.0061950684
13139,-0.0068054125
13140,-0.005737312
13141,-0.004119873
13142,-0.004028313
13143,-0.0010681078
13144,0.0031127632
13145,0.004272498
13146,0.005554244
13147,0.00778196
13148,0.0073852614
13149,0.009796143
13150,0.017089866
13151,0.021606445
13152,0.019165039
13153,0.018188465
13154,0.013763443
13155,0.0052489974
13156,-0.00042724982
13157,-0.0046691783
13158,-0.005004883
13159,-0.0022277944
13160,0.00015259534
13161,0.008087166
13162,0.017608643
13163,0.02130128
13164,0.02496336
13165,0.03219605
13166,0.041351315
13167,0.05062867
13168,0.05441285
13169,0.05722046
13170,0.061218247
13171,0.0592041
13172,0.053832993
13173,0.050933838
13174,0.04953002
13175,0.0489197
13176,0.049407974
13177,0.055786133
13178,0.067047134
13179,0.078704834
13180,0.08514403
13181,0.09240723
13182,0.10574341
13183,0.1522522
13184,0.24859619
13185,0.3535766
13186,0.36233512
13187,0.30117804
13188,0.31094354
13189,0.31442237
13190,0.29302973
13191,-0.03540021
13192,-0.6502991
13193,-1.0778508
13194,-1.2403867
13195,-1.5902405
13196,-1.8973693
13197,-1.530548
13198,-0.8178406
13199,-0.22854602
13200,0.24871826
13201,0.61489856
13202,0.68634045
13203,0.5910338
13204,0.4835813
13205,0.45410162
13206,0.46444726
13207,0.45745862
13208,0.45391843
13209,0.489258
13210,0.5490114
13211,0.57962024
13212,0.55374134
13213,0.51950085
13214,0.49813843
13215,0.44110084
13216,0.3388977
13217,0.226349
13218,0.114501834
13219,0.016174197
13220,-0.056060553
13221,-0.09378052
13222,-0.103241086
13223,-0.10424805
13224,-0.09619129
13225,-0.079437256
13226,-0.05697632
13227,-0.053772032
13228,-0.07876587
13229,-0.07025111
13230,-0.052123964
13231,-0.07977319
13232,-0.12918103
13233,-0.1430968
13234,-0.16757214
13235,-0.1954653
13236,-0.18945295
13237,-0.16113284
13238,-0.14770517
13239,-0.14251706
13240,-0.1363525
13241,-0.14044192
13242,-0.16323854
13243,-0.19537354
13244,-0.22677611
13245,-0.25860596
13246,-0.28744507
13247,-0.30902094
13248,-0.3176576
13249,-0.31115723
13250,-0.2897645
13251,-0.26437378
13252,-0.24038696
13253,-0.22021496
13254,-0.19812012
13255,-0.17071515
13256,-0.14489734
13257,-0.11022937
13258,-0.07043439
13259,-0.03829956
13260,0.0014343262
13261,0.04974377
13262,0.09375024
13263,0.14797986
13264,0.20953393
13265,0.25299072
13266,0.28775012
13267,0.31179833
13268,0.31387323
13269,0.31185874
13270,0.302765
13271,0.28717053
13272,0.26943955
13273,0.25680536
13274,0.2372132
13275,0.22137451
13276,0.21173094
13277,0.1999817
13278,0.18688965
13279,0.17828369
13280,0.16821289
13281,0.15188605
13282,0.14544669
13283,0.13070685
13284,0.113067776
13285,0.09744251
13286,0.07748419
13287,0.050598174
13288,0.022369385
13289,-0.0034179688
13290,-0.03717026
13291,-0.058868587
13292,-0.08084118
13293,-0.100616425
13294,-0.1083982
13295,-0.11422753
13296,-0.121276975
13297,-0.12261975
13298,-0.12539667
13299,-0.12527478
13300,-0.11907962
13301,-0.11694342
13302,-0.11407468
13303,-0.108490035
13304,-0.10638429
13305,-0.104034424
13306,-0.10263064
13307,-0.10650638
13308,-0.108184814
13309,-0.10226441
13310,-0.10159303
13311,-0.105133064
13312,-0.10607909
13313,-0.09936522
13314,-0.09243776
13315,-0.07943724
13316,-0.064331055
13317,-0.044555634
13318,-0.028442368
13319,-0.009399414
13320,0.0024719834
13321,0.009918243
13322,0.016449004
13323,0.021759063
13324,0.022064239
13325,0.025543243
13326,0.02865605
13327,0.02474977
13328,0.032104507
13329,0.041992188
13330,0.046783462
13331,0.05426027
13332,0.06793213
13333,0.06646727
13334,0.07034301
13335,0.06759641
13336,0.056182873
13337,0.054687504
13338,0.04660034
13339,0.032897953
13340,0.030792244
13341,0.024780264
13342,0.015075683
13343,0.016906742
13344,0.015502928
13345,0.011749268
13346,0.017333984
13347,0.009277344
13348,0.0077819824
13349,0.010314941
13350,0.005554199
13351,0.009979248
13352,0.013732914
13353,0.013763439
13354,0.017639149
13355,0.017700203
13356,0.013244644
13357,0.010772698
13358,0.008026104
13359,0.0042114444
13360,0.0016784519
13361,-0.003234882
13362,0.005310066
13363,-0.004363999
13364,-0.012908954
13365,-0.0018005222
13366,-0.012786843
13367,-0.015655529
13368,-0.008605979
13369,-0.0086975135
13370,-0.01358033
13371,-0.0031128079
13372,-0.0015258864
13373,0.00021363422
13374,0.00015259162
13375,-0.0035095252
13376,-0.0026550032
13377,-0.0024108887
13378,-0.0078125
13379,-0.004486069
13380,-0.004333481
13381,-0.0058288723
13382,-0.0033874586
13383,-0.003662102
13384,-0.0025939867
13385,-0.0034484863
13386,-0.01083374
13387,-0.011657713
13388,-0.0126953125
13389,-0.01913452
13390,-0.014404295
13391,-0.018218992
13392,-0.01638794
13393,-0.008453368
13394,-0.008514402
13395,-0.00704956
13396,0.0004882831
13397,-0.0016479525
13398,0.002288818
13399,0.007873535
13400,0.00869751
13401,0.012237549
13402,0.0166626
13403,0.010101319
13404,0.013275146
13405,0.008483887
13406,0.001098631
13407,0.0019836398
13408,-0.0005188007
13409,-0.0029907227
13410,0.0022277804
13411,0.0020446759
13412,0.0024108905
13413,0.010559082
13414,0.010833746
13415,0.013122566
13416,0.016235359
13417,0.010955811
13418,0.008758549
13419,0.0026550405
13420,-0.008667003
13421,-0.01626588
13422,-0.024169922
13423,-0.027465828
13424,-0.028259285
13425,-0.02780151
13426,-0.028778076
13427,-0.020202637
13428,-0.020080566
13429,-0.018432617
13430,-0.009277344
13431,0.00042724982
13432,0.009918213
13433,0.022125246
13434,0.033691414
13435,0.040740967
13436,0.042510986
13437,0.039550774
13438,0.030181888
13439,0.022064205
13440,0.012237549
13441,0.002227772
13442,-0.0036315806
13443,-0.0071410835
13444,-0.01177977
13445,-0.014587428
13446,-0.01654052
13447,-0.021057107
13448,-0.019500744
13449,-0.016601574
13450,-0.017944332
13451,-0.014343262
13452,-0.006500245
13453,-0.0011901857
13454,0.001190186
13455,0.0014953623
13456,0.0029907227
13457,0.0028991685
13458,0.0010375979
13459,-6.103376e-05
13460,-0.00015259068
13461,3.051688e-05
13462,-0.0011901855
13463,-0.006744386
13464,-0.0069274902
13465,-0.008331297
13466,-0.013824464
13467,-0.015899658
13468,-0.017761229
13469,-0.016571047
13470,-0.014984129
13471,-0.018707275
13472,-0.016418457
13473,-0.012023933
13474,-0.01498412
13475,-0.014892571
13476,-0.0077209547
13477,0.0020141602
13478,0.009979259
13479,0.020904534
13480,0.028350826
13481,0.037231438
13482,0.038330067
13483,0.034484856
13484,0.029083254
13485,0.022003174
13486,0.010223389
13487,0.00012207404
13488,-0.008758543
13489,-0.017700195
13490,-0.023193358
13491,-0.027984617
13492,-0.02767944
13493,-0.029174803
13494,-0.029144293
13495,-0.026031509
13496,-0.029815674
13497,-0.037139893
13498,-0.03622438
13499,-0.03475955
13500,-0.038818344
13501,-0.042755112
13502,-0.03967285
13503,-0.034118667
13504,-0.0328369
13505,-0.031707734
13506,-0.021667495
13507,-0.01354979
13508,-0.007873505
13509,0.004425034
13510,0.0207825
13511,0.028930679
13512,0.03533934
13513,0.041290298
13514,0.04919435
13515,0.051605202
13516,0.049133316
13517,0.05133061
13518,0.057434082
13519,0.055694595
13520,0.057159446
13521,0.06253052
13522,0.061370835
13523,0.05728151
13524,0.052886955
13525,0.052124016
13526,0.04956054
13527,0.040740974
13528,0.033660874
13529,0.03427124
13530,0.028015152
13531,0.01657106
13532,0.0024413615
13533,-0.010437056
13534,-0.026397705
13535,-0.045196548
13536,-0.055633575
13537,-0.0558777
13538,-0.056701653
13539,-0.050231926
13540,-0.028381363
13541,-0.008148218
13542,0.0056762695
13543,0.024871834
13544,0.043212898
13545,0.05029298
13546,0.046966553
13547,0.042816177
13548,0.034179688
13549,0.0185242
13550,0.0005493015
13551,-0.0042419583
13552,-0.0074462965
13553,-0.022064216
13554,-0.040710494
13555,-0.039123535
13556,-0.0429077
13557,-0.0758667
13558,-0.100646995
13559,-0.10263063
13560,-0.11050416
13561,-0.11767577
13562,-0.107482895
13563,-0.082275406
13564,-0.058685318
13565,-0.032897934
13566,0.0019836426
13567,0.029113755
13568,0.038970932
13569,0.04492189
13570,0.057098404
13571,0.0581055
13572,0.043212883
13573,0.02752683
13574,0.027893074
13575,0.01773072
13576,-0.009002704
13577,-0.020080585
13578,-0.0122680515
13579,-0.010467544
13580,-0.005065918
13581,0.017150879
13582,0.040069573
13583,0.059417713
13584,0.078002945
13585,0.09579466
13586,0.09457395
13587,0.08056641
13588,0.068298355
13589,0.050384507
13590,0.02670288
13591,0.008300811
13592,-0.008209243
13593,-0.01672367
13594,-0.022216797
13595,-0.030517548
13596,-0.019897465
13597,-0.0011596978
13598,0.0069580153
13599,0.009460464
13600,0.01751709
13601,0.0133056715
13602,-0.011383057
13603,-0.03060913
13604,-0.03393555
13605,-0.037811305
13606,-0.044555657
13607,-0.04077146
13608,-0.026916504
13609,-0.01797486
13610,-0.016174309
13611,-0.012054444
13612,-0.014434816
13613,-0.019744873
13614,-0.032562252
13615,-0.046844482
13616,-0.048492447
13617,-0.048034668
13618,-0.04837035
13619,-0.029541016
13620,-0.0075073317
13621,0.009552032
13622,0.029144317
13623,0.052612323
13624,0.06240845
13625,0.055419937
13626,0.04965211
13627,0.037017822
13628,0.009368889
13629,-0.014739988
13630,-0.022827148
13631,-0.026123047
13632,-0.030426024
13633,-0.027557375
13634,-0.0078124963
13635,0.00897217
13636,0.010681152
13637,0.0019531278
13638,0.0035400419
13639,-0.00045776553
13640,-0.02493286
13641,-0.04510498
13642,-0.041809082
13643,-0.03680419
13644,-0.036529556
13645,-0.026458755
13646,-0.005096443
13647,0.011047348
13648,0.019653305
13649,0.029724091
13650,0.03469847
13651,0.032165535
13652,0.022033699
13653,0.009307861
13654,0.0052490234
13655,-0.0027465895
13656,-0.0070495643
13657,-0.0020446926
13658,0.006591797
13659,0.0151977725
13660,0.029357905
13661,0.041015618
13662,0.04324342
13663,0.037078872
13664,0.038299553
13665,0.037597664
13666,0.028900132
13667,0.020996105
13668,0.0250244
13669,0.030181881
13670,0.025512688
13671,0.02120971
13672,0.02920533
13673,0.03591921
13674,0.037261955
13675,0.03253174
13676,0.02551271
13677,0.013519287
13678,-0.006439209
13679,-0.02651976
13680,-0.043487534
13681,-0.054595955
13682,-0.060821503
13683,-0.063842766
13684,-0.055297833
13685,-0.043151863
13686,-0.033599846
13687,-0.016418459
13688,-0.0020446698
13689,0.0036621038
13690,0.0043640137
13691,0.004058838
13692,0.0014953613
13693,-0.013671871
13694,-0.026641844
13695,-0.02734375
13696,-0.029663078
13697,-0.03253173
13698,-0.027893066
13699,-0.016235355
13700,-0.0060730055
13701,0.0007934682
13702,0.009277336
13703,0.016113266
13704,0.01263429
13705,6.104447e-05
13706,-0.0104370285
13707,-0.019561775
13708,-0.034240715
13709,-0.049591053
13710,-0.049926765
13711,-0.046295173
13712,-0.039855927
13713,-0.029113747
13714,-0.010406524
13715,0.0113220215
13716,0.027618453
13717,0.03964231
13718,0.049255352
13719,0.052673332
13720,0.04635622
13721,0.035644524
13722,0.030944828
13723,0.027343748
13724,0.021270767
13725,0.026885986
13726,0.03463745
13727,0.042297363
13728,0.046813965
13729,0.05184937
13730,0.04968261
13731,0.03863527
13732,0.024536133
13733,0.006500222
13734,-0.016967759
13735,-0.033416733
13736,-0.04129031
13737,-0.04559327
13738,-0.04934691
13739,-0.04525758
13740,-0.027893078
13741,-0.010955811
13742,-0.0026855469
13743,0.0012817373
13744,0.013366699
13745,0.016113283
13746,-0.00018310547
13747,-0.017089846
13748,-0.017669676
13749,-0.018035887
13750,-0.020202637
13751,-0.011810306
13752,0.006439209
13753,0.025787361
13754,0.037322998
13755,0.037811276
13756,0.02871703
13757,0.0187378
13758,0.00024414435
13759,-0.021698013
13760,-0.035552986
13761,-0.03793334
13762,-0.035705566
13763,-0.025970465
13764,-0.0029907245
13765,0.01361084
13766,0.031646732
13767,0.0463562
13768,0.050048828
13769,0.046356186
13770,0.032531742
13771,0.0011596531
13772,-0.024169922
13773,-0.037170406
13774,-0.04589844
13775,-0.043304443
13776,-0.020263659
13777,0.0074462937
13778,0.030761719
13779,0.052520752
13780,0.060821526
13781,0.05694581
13782,0.041931145
13783,0.015655503
13784,-0.00033569336
13785,-0.013671875
13786,-0.02236941
13787,-0.020172127
13788,-0.016632095
13789,-0.014770523
13790,-0.012817383
13791,-0.016082756
13792,-0.029266372
13793,-0.041107174
13794,-0.047271714
13795,-0.060089123
13796,-0.05792238
13797,-0.051513683
13798,-0.039581284
13799,-0.015136726
13800,0.00067137554
13801,0.017730705
13802,0.034271237
13803,0.042022698
13804,0.032409668
13805,0.02893066
13806,0.022674559
13807,0.00018310663
13808,-0.009216309
13809,-0.0077819806
13810,-0.011627195
13811,-0.008605957
13812,-3.0517578e-05
13813,0.010223391
13814,0.027038574
13815,0.033996582
13816,0.0446167
13817,0.05291748
13818,0.05123901
13819,0.04187011
13820,0.02413942
13821,0.021453865
13822,0.00079344213
13823,-0.014465317
13824,-0.032043442
13825,-0.038543712
13826,-0.042663578
13827,-0.050567612
13828,-0.03634644
13829,-0.03686525
13830,-0.018218994
13831,-0.01651001
13832,-0.014770507
13833,-0.020446777
13834,-0.024810791
13835,-0.035278328
13836,-0.058013923
13837,-0.06152343
13838,-0.09320067
13839,-0.09805298
13840,-0.10910036
13841,-0.12216188
13842,-0.12933353
13843,-0.11526486
13844,-0.10614014
13845,-0.09497073
13846,-0.071014374
13847,-0.05014035
13848,-0.023040682
13849,0.0021669567
13850,0.009246737
13851,0.020629734
13852,0.025909543
13853,0.013122529
13854,0.00418067
13855,-0.0149535835
13856,-0.02154532
13857,-0.028290033
13858,-0.0048828423
13859,-0.008727908
13860,0.028259248
13861,0.07348615
13862,0.1567384
13863,0.22515884
13864,0.2998352
13865,0.39590454
13866,0.4957276
13867,0.55047613
13868,0.58065784
13869,0.637146
13870,0.6331481
13871,0.57791144
13872,0.497589
13873,0.40103114
13874,0.2531129
13875,0.108307004
13876,-0.021667719
13877,-0.140656
13878,-0.22622669
13879,-0.30184948
13880,-0.37066674
13881,-0.4366455
13882,-0.50955164
13883,-0.595032
13884,-0.6794132
13885,-0.7519835
13886,-0.81866443
13887,-0.8603822
13888,-0.8754273
13889,-0.86798096
13890,-0.87112415
13891,-0.83255017
13892,-0.7848207
13893,-0.73175025
13894,-0.6813357
13895,-0.58926415
13896,-0.4385984
13897,-0.24670339
13898,-0.017822266
13899,0.18850756
13900,0.4421692
13901,0.69653344
13902,0.8283086
13903,0.88974
13904,0.9627377
13905,0.9829713
13906,0.95275915
13907,0.9812924
13908,1.0430906
13909,1.1121521
13910,1.1524963
13911,1.1773679
13912,1.1970521
13913,1.1546327
13914,1.042511
13915,0.9351804
13916,0.84887695
13917,0.71936035
13918,0.5660093
13919,0.34109473
13920,0.06756592
13921,-0.23855615
13922,-0.56762743
13923,-0.9269409
13924,-1.2454531
13925,-1.5010076
13926,-1.6773988
13927,-1.7513428
13928,-1.7496643
13929,-1.6678466
13930,-1.5366211
13931,-1.3169249
13932,-1.0908203
13933,-0.8063352
13934,-0.5640564
13935,-0.316437
13936,-0.10305786
13937,0.06808472
13938,0.19201636
13939,0.2697749
13940,0.33041358
13941,0.34826636
13942,0.37496936
13943,0.3733523
13944,0.40014672
13945,0.40512097
13946,0.46017432
13947,0.4770813
13948,0.52099633
13949,0.53439355
13950,0.5386044
13951,0.5402832
13952,0.5156251
13953,0.48022467
13954,0.44161987
13955,0.4157716
13956,0.36956784
13957,0.35070798
13958,0.3096924
13959,0.29486096
13960,0.26403785
13961,0.24395734
13962,0.21398926
13963,0.21591187
13964,0.19848633
13965,0.1741637
13966,0.16470313
13967,0.14144897
13968,0.11868298
13969,0.08023059
13970,0.040374875
13971,-0.012023926
13972,-0.059906006
13973,-0.1247561
13974,-0.18801892
13975,-0.25296044
13976,-0.3088684
13977,-0.36447144
13978,-0.40158105
13979,-0.43432617
13980,-0.45266706
13981,-0.43606567
13982,-0.41848767
13983,-0.39471436
13984,-0.36383063
13985,-0.32278442
13986,-0.29284674
13987,-0.26849365
13988,-0.25442505
13989,-0.22875974
13990,-0.21020517
13991,-0.19400024
13992,-0.17813087
13993,-0.15130621
13994,-0.11965966
13995,-0.093566835
13996,-0.058288455
13997,-0.029083312
13998,0.002624452
13999,0.033416808
14000,0.067230344
14001,0.09286523
14002,0.10797107
14003,0.13510138
14004,0.14816293
14005,0.16821289
14006,0.16809061
14007,0.17486566
14008,0.18170157
14009,0.18756106
14010,0.19503778
14011,0.19793697
14012,0.20617671
14013,0.1952515
14014,0.19613649
14015,0.17825319
14016,0.16555785
14017,0.137146
14018,0.11172485
14019,0.088897735
14020,0.0663147
14021,0.042724594
14022,0.02664189
14023,0.026245147
14024,0.017120346
14025,0.012207031
14026,0.007354796
14027,9.1552734e-05
14028,-0.011108428
14029,-0.03201297
14030,-0.042938262
14031,-0.06085208
14032,-0.06332396
14033,-0.07241821
14034,-0.07110596
14035,-0.071624756
14036,-0.06716916
14037,-0.06585695
14038,-0.06863403
14039,-0.058868404
14040,-0.05508423
14041,-0.041473392
14042,-0.036254868
14043,-0.020599367
14044,-0.015075684
14045,0.005401611
14046,0.0072937002
14047,0.012786866
14048,0.009979246
14049,0.008178708
14050,0.0049438495
14051,-0.011169433
14052,-0.015502931
14053,-0.03555298
14054,-0.031585693
14055,-0.046539307
14056,-0.03573608
14057,-0.040466305
14058,-0.026062004
14059,-0.028503425
14060,-0.01684571
14061,-0.0144042745
14062,-0.0020752028
14063,0.004272446
14064,0.015472434
14065,0.022644065
14066,0.026519768
14067,0.030914314
14068,0.020385768
14069,0.019531254
14070,0.014221199
14071,0.018280042
14072,0.010742195
14073,0.020263668
14074,0.012817375
14075,0.022216791
14076,0.014984131
14077,0.014099119
14078,0.0057067852
14079,-0.0014953613
14080,-0.0101013165
14081,-0.013092042
14082,-0.012329103
14083,-0.016113278
14084,-0.01245117
14085,-0.009185789
14086,0.0023193378
14087,-0.004119873
14088,0.0014648475
14089,-0.009246826
14090,-0.009246824
14091,-0.02288818
14092,-0.024444588
14093,-0.030609135
14094,-0.02731324
14095,-0.019165039
14096,0.0012817457
14097,0.015197754
14098,0.01971437
14099,0.035034202
14100,0.04241943
14101,0.044403076
14102,0.02569582
14103,0.010559086
14104,-0.003601076
14105,-0.0009155236
14106,-0.014251709
14107,-0.018463133
14108,-0.009796143
14109,0.0043029785
14110,0.006866457
14111,0.006805418
14112,0.0064086895
14113,0.008148192
14114,0.017639156
14115,0.011993407
14116,0.003692626
14117,-0.0037841816
14118,-0.0024108887
14119,-0.011016844
14120,-0.016326904
14121,-0.018066406
14122,-0.013519289
14123,-0.007873531
14124,-0.008514404
14125,-0.0134887695
14126,-0.01870728
14127,-0.018066406
14128,-0.016906753
14129,-0.01879882
14130,-0.018524162
14131,-0.0065918043
14132,0.015319839
14133,0.031433113
14134,0.03967287
14135,0.04428101
14136,0.053680416
14137,0.05343628
14138,0.04757692
14139,0.036071755
14140,0.026763916
14141,0.012847919
14142,0.0038147084
14143,-0.003387481
14144,-0.007232681
14145,-0.009704579
14146,-0.009216305
14147,-0.007171642
14148,0.00051880255
14149,0.011932369
14150,0.02011107
14151,0.033844
14152,0.038848888
14153,0.04040525
14154,0.036865234
14155,0.029998794
14156,0.013214104
14157,-0.0022582933
14158,-0.012420654
14159,-0.03112796
14160,-0.037048332
14161,-0.04507447
14162,-0.0484314
14163,-0.053771988
14164,-0.053497314
14165,-0.05715942
14166,-0.05310058
14167,-0.04345703
14168,-0.035705563
14169,-0.014862053
14170,0.00015259534
14171,0.017089844
14172,0.029083256
14173,0.045928955
14174,0.045074455
14175,0.051666252
14176,0.045532227
14177,0.039062504
14178,0.025970466
14179,0.007995594
14180,-0.015075676
14181,-0.03488158
14182,-0.05108643
14183,-0.061889652
14184,-0.06436156
14185,-0.065277085
14186,-0.051452648
14187,-0.030792244
14188,-0.009460449
14189,0.006744381
14190,0.021606434
14191,0.025573716
14192,0.02767944
14193,0.020568866
14194,0.009826664
14195,0.0032958798
14196,-0.00054932013
14197,-0.0069885254
14198,-0.0054626465
14199,-0.0020141676
14200,-0.004821785
14201,-0.0016784556
14202,0.0007324442
14203,0.003448464
14204,0.004425045
14205,0.007873554
14206,0.0069885254
14207,0.0018615574
14208,-0.001647953
14209,-0.003601076
14210,-0.0018920898
14211,-0.0047912635
14212,-0.0021667443
14213,0.0010681152
14214,0.011169434
14215,0.015563969
14216,0.025482187
14217,0.027404781
14218,0.03302002
14219,0.03555298
14220,0.031494148
14221,0.024292
14222,0.022766117
14223,0.016967766
14224,0.015594471
14225,0.016448963
14226,0.016784675
14227,0.020538315
14228,0.015258774
14229,0.010864276
14230,0.0062561296
14231,-0.00030518323
14232,-0.01019286
14233,-0.011383042
14234,-0.01748655
14235,-0.022491474
14236,-0.020843506
14237,-0.03436279
14238,-0.040344242
14239,-0.041778572
14240,-0.036346424
14241,-0.033874504
14242,-0.017730713
14243,-0.0061035138
14244,0.01083374
14245,0.022186283
14246,0.024414062
14247,0.027954102
14248,0.024841309
14249,0.020812986
14250,0.014770508
14251,0.009552002
14252,-0.0039978046
14253,-0.007293701
14254,-0.013214111
14255,-0.01837158
14256,-0.017517088
14257,-0.018585203
14258,-0.01571655
14259,-0.0072936974
14260,-0.001739501
14261,0.00064086844
14262,0.007293702
14263,0.0055541983
14264,0.002899169
14265,0.0009765611
14266,-0.00213623
14267,-0.012298584
14268,-0.012207029
14269,-0.015716553
14270,-0.0134887695
14271,-0.008636475
14272,-0.0039367657
14273,0.0029907227
14274,0.006164549
14275,0.00939941
14276,0.0020141583
14277,0.0022583008
14278,-0.006713867
14279,-0.010986328
14280,-0.01766968
14281,-0.014923094
14282,-0.00881958
14283,0.0045471173
14284,0.0113830585
14285,0.019348148
14286,0.029663086
14287,0.031341553
14288,0.040283203
14289,0.040801995
14290,0.035644516
14291,0.031463627
14292,0.029357903
14293,0.022155773
14294,0.023925785
14295,0.015533462
14296,0.009002686
14297,0.008300766
14298,0.00097657
14299,-0.0071106106
14300,-0.009094257
14301,-0.01281739
14302,-0.015136704
14303,-0.009216301
14304,-0.011901859
14305,-0.0122680925
14306,-0.0122070275
14307,-0.016540546
14308,-0.013763443
14309,-0.012176512
14310,-0.008605942
14311,-0.0027771108
14312,0.0025939997
14313,-0.004669208
14314,-0.0022888072
14315,-0.012207024
14316,-0.017974867
14317,-0.01965333
14318,-0.023284901
14319,-0.026550291
14320,-0.021545416
14321,-0.023010258
14322,-0.024871824
14323,-0.022186285
14324,-0.026184093
14325,-0.024017327
14326,-0.02191161
14327,-0.01806641
14328,-0.0154418945
14329,-0.008209221
14330,-0.004943844
14331,0.00033568963
14332,0.0052795373
14333,0.008117665
14334,0.010436989
14335,0.014587395
14336,0.012451198
14337,0.014678951
14338,0.012512188
14339,0.009033207
14340,0.0065918155
14341,0.0061950684
14342,0.0027770996
14343,0.0007324219
14344,0.0022583008
14345,0.003112791
14346,0.005340576
14347,0.00390625
14348,0.0015563946
14349,0.004333498
14350,0.0030517578
14351,0.0008239746
14352,0.00021362491
14353,0.0010070819
14354,-0.0024719238
14355,0.0016479492
14356,-0.00021361932
14357,-0.0004882794
14358,-6.1035156e-05
14359,-0.00070190243
14360,0.00045776553
14361,0.006958008
14362,0.0080566425
14363,0.008911133
14364,0.014282228
14365,0.009338381
14366,0.0044555683
14367,0.00061035366
14368,-0.006378171
14369,-0.0113830585
14370,-0.011260986
14371,-0.012329102
14372,-0.007598879
14373,-0.0016784687
14374,0.002441408
14375,0.010192873
14376,0.01727295
14377,0.020111084
14378,0.023681644
14379,0.025756836
14380,0.021270752
14381,0.016357424
14382,0.0068969727
14383,-0.0055847187
14384,-0.013244627
14385,-0.023284908
14386,-0.032348633
14387,-0.038970947
14388,-0.04244995
14389,-0.045532227
14390,-0.041320812
14391,-0.038513176
14392,-0.035858147
14393,-0.028106697
14394,-0.024139427
14395,-0.017669655
14396,-0.009338357
14397,-0.0021667704
14398,0.005310066
14399,0.016357467
14400,0.023742683
14401,0.028381333
14402,0.035675064
14403,0.034393333
14404,0.035217285
14405,0.036224358
14406,0.034576423
14407,0.03140258
14408,0.026458729
14409,0.019287111
14410,0.014129636
14411,0.004882812
14412,-0.008056641
14413,-0.010528566
14414,-0.011169435
14415,-0.011199949
14416,-0.0066833496
14417,-0.0010681157
14418,0.001983642
14419,0.010833743
14420,0.013366698
14421,0.01651001
14422,0.025115963
14423,0.029663084
14424,0.0314331
14425,0.029022232
14426,0.027404781
14427,0.021453857
14428,0.024353035
14429,0.020141609
14430,0.025054924
14431,0.03573609
14432,0.0420532
14433,0.048614502
14434,0.054840088
14435,0.05792235
14436,0.06500244
14437,0.08337401
14438,0.10055542
14439,0.12792969
14440,0.2026062
14441,0.3350525
14442,0.46408075
14443,0.4590453
14444,0.40612805
14445,0.29217517
14446,0.1686706
14447,-0.19750953
14448,-0.9354553
14449,-1.4709172
14450,-1.5042723
14451,-1.6354978
14452,-1.7401733
14453,-1.299988
14454,-0.6819153
14455,-0.14459205
14456,0.30148292
14457,0.53662086
14458,0.5718082
14459,0.59063745
14460,0.57940674
14461,0.6154175
14462,0.6711733
14463,0.7210999
14464,0.76962256
14465,0.8184204
14466,0.82531756
14467,0.7858579
14468,0.7085266
14469,0.6033326
14470,0.4852295
14471,0.35339355
14472,0.21548486
14473,0.08135998
14474,-0.032287598
14475,-0.11126709
14476,-0.14739978
14477,-0.14865124
14478,-0.12591565
14479,-0.10241687
14480,-0.08395386
14481,-0.08395374
14482,-0.10421753
14483,-0.1360476
14484,-0.16473377
14485,-0.1887511
14486,-0.20538354
14487,-0.22451758
14488,-0.24600214
14489,-0.25823998
14490,-0.2505188
14491,-0.25424182
14492,-0.2696535
14493,-0.2585755
14494,-0.2268371
14495,-0.20925905
14496,-0.1940918
14497,-0.1619568
14498,-0.121673584
14499,-0.08670044
14500,-0.06903079
14501,-0.07540895
14502,-0.10882561
14503,-0.14459223
14504,-0.16619861
14505,-0.17343146
14506,-0.16754144
14507,-0.14321911
14508,-0.10131836
14509,-0.057891786
14510,-0.017028928
14511,0.011138827
14512,0.028534234
14513,0.045013368
14514,0.048705816
14515,0.04006964
14516,0.029785216
14517,0.025268406
14518,0.023284823
14519,0.0317384
14520,0.04400623
14521,0.045806706
14522,0.041930914
14523,0.024475187
14524,0.0025328398
14525,-0.010620058
14526,-0.02496314
14527,-0.027557403
14528,-0.018188477
14529,-0.007781923
14530,-0.001098752
14531,0.019744813
14532,0.03704825
14533,0.056121647
14534,0.08264166
14535,0.108917356
14536,0.13781741
14537,0.17205808
14538,0.19723515
14539,0.22198488
14540,0.2455139
14541,0.25482172
14542,0.256073
14543,0.25961304
14544,0.24847406
14545,0.23364258
14546,0.22326654
14547,0.20550552
14548,0.19171134
14549,0.17697132
14550,0.15493768
14551,0.13043213
14552,0.09487897
14553,0.046691775
14554,0.016906917
14555,-0.042632878
14556,-0.1335448
14557,-0.1781615
14558,-0.20468137
14559,-0.26168802
14560,-0.29116806
14561,-0.28945932
14562,-0.27993774
14563,-0.25460798
14564,-0.22418211
14565,-0.19528203
14566,-0.14633177
14567,-0.10311889
14568,-0.07241821
14569,-0.040191635
14570,-0.0245056
14571,-0.023529023
14572,-0.01260373
14573,-0.010681182
14574,-0.011077896
14575,-0.008605912
14576,-0.009948716
14577,-0.0144958645
14578,-0.009887695
14579,-0.0098876655
14580,-0.009185791
14581,-0.0008239746
14582,0.00018312037
14583,0.006225571
14584,0.013427749
14585,0.011474624
14586,0.010436997
14587,0.015960693
14588,0.012817398
14589,0.0073242337
14590,0.009582534
14591,0.004119888
14592,0.0043029636
14593,0.0132751465
14594,0.013122559
14595,0.023895264
14596,0.034606934
14597,0.039001472
14598,0.046997085
14599,0.050750773
14600,0.046844475
14601,0.052124016
14602,0.05612185
14603,0.05593872
14604,0.06784055
14605,0.07308959
14606,0.056640636
14607,0.060485825
14608,0.06250001
14609,0.045318626
14610,0.023956291
14611,0.016418464
14612,0.0057983473
14613,-9.1560185e-05
14614,-0.01373288
14615,-0.026824951
14616,-0.0301819
14617,-0.036621064
14618,-0.03854371
14619,-0.03286745
14620,-0.043029793
14621,-0.039398193
14622,-0.030395504
14623,-0.028259274
14624,-0.023742685
14625,-0.0047912644
14626,-0.0040283147
14627,0.0021972638
14628,0.0128478985
14629,0.0061035175
14630,0.004058838
14631,0.0069885273
14632,-0.00024414062
14633,-0.008056641
14634,-0.00796509
14635,-0.018218992
14636,-0.039093014
14637,-0.050476074
14638,-0.045288093
14639,-0.03710939
14640,-0.039642323
14641,-0.020080552
14642,0.05059811
14643,0.09542846
14644,0.092346214
14645,0.107482925
14646,0.11694333
14647,0.08468628
14648,0.040191665
14649,-0.00033570826
14650,-0.03509523
14651,-0.042938232
14652,-0.044342063
14653,-0.040863067
14654,-0.033386204
14655,-0.02911377
14656,-0.022857692
14657,-0.01690673
14658,-0.015991192
14659,-0.018493664
14660,-0.01422119
14661,-0.018035877
14662,-0.022277838
14663,-0.018707275
14664,-0.021972654
14665,-0.024871826
14666,-0.02322388
14667,-0.020751953
14668,-0.020904541
14669,-0.013336182
14670,-0.010437012
14671,-0.007263191
14672,-0.0008850172
14673,0.0038146898
14674,0.006927505
14675,0.013061523
14676,0.0153503325
14677,0.026550306
14678,0.036163345
14679,0.038879387
14680,0.039215088
14681,0.0426941
14682,0.036132816
14683,0.025512684
14684,0.017913826
14685,0.0059509277
14686,-0.0043640174
14687,-0.011810321
14688,-0.018493671
14689,-0.019714344
14690,-0.01812743
14691,-0.021362316
14692,-0.017517084
14693,-0.013336165
14694,-0.015380869
14695,-0.0119628925
14696,-0.009826662
14697,-0.008850098
14698,-0.006652834
14699,-0.009552004
14700,-0.011474611
14701,-0.007934569
14702,-0.014190673
14703,-0.02053833
14704,-0.017242432
14705,-0.015014645
14706,-0.02185059
14707,-0.016021729
14708,-0.014617935
14709,-0.013549808
14710,-0.0100402795
14711,-0.00842287
14712,-0.009704582
14713,-0.0021056868
14714,6.101653e-05
14715,0.0027465895
14716,0.0057678297
14717,0.009460442
14718,0.0093078315
14719,0.010528553
14720,0.00537109
14721,0.008087173
14722,0.009979244
14723,0.006683361
14724,0.009521496
14725,0.014190689
14726,0.011413578
14727,0.0071716364
14728,0.006896971
14729,-0.0034179678
14730,-0.0053405743
14731,-0.007202152
14732,-0.013000488
14733,-0.012268063
14734,-0.006347649
14735,-0.010436993
14736,-0.010650624
14737,-0.009002678
14738,-0.012084968
14739,-0.01416016
14740,-0.016387943
14741,-0.022430431
14742,-0.020568863
14743,-0.020172104
14744,-0.018127427
14745,-0.0068359524
14746,0.004791245
14747,0.010711685
14748,0.018646225
14749,0.02078244
14750,0.02215577
14751,0.022766132
14752,0.01748659
14753,0.014160156
14754,0.018524174
14755,0.0183716
14756,0.018646229
14757,0.022064196
14758,0.024536133
14759,0.028198246
14760,0.033599854
14761,0.027130125
14762,0.021606443
14763,0.017059326
14764,0.0064697266
14765,-0.008514406
14766,-0.010498045
14767,-0.013824463
14768,-0.014953611
14769,-0.011413571
14770,-0.002288815
14771,0.003021243
14772,0.015136722
14773,0.013641361
14774,0.017272944
14775,0.016265865
14776,0.014923099
14777,0.012481697
14778,0.011474606
14779,0.00527953
14780,0.008850094
14781,0.008544933
14782,-0.0010986514
14783,-0.010437015
14784,-0.011199959
14785,-0.021514881
14786,-0.020202626
14787,-0.014770508
14788,-0.0072021578
14789,-6.1020255e-05
14790,0.008697502
14791,0.013671875
14792,0.021423329
14793,0.020477302
14794,0.02291869
14795,0.02639772
14796,0.031799313
14797,0.028839089
14798,0.037139893
14799,0.03259276
14800,0.030487038
14801,0.022277847
14802,0.017913803
14803,0.004150346
14804,-0.0026550293
14805,-0.011871308
14806,-0.014892593
14807,-0.014801055
14808,-0.013122559
14809,-0.018737763
14810,-0.013336189
14811,-0.015899703
14812,-0.0175476
14813,-0.019073479
14814,-0.019775387
14815,-0.02453617
14816,-0.023193378
14817,-0.027099613
14818,-0.027648907
14819,-0.025329608
14820,-0.024597188
14821,-0.02334594
14822,-0.016693102
14823,-0.018066414
14824,-0.01565552
14825,-0.013732912
14826,-0.011352541
14827,-0.014862062
14828,-0.01385498
14829,-0.014739988
14830,-0.013824465
14831,-0.013244629
14832,-0.011016846
14833,-0.011474609
14834,-0.0027465895
14835,-0.0040893555
14836,-0.001251217
14837,0.004333494
14838,0.0064392015
14839,0.004241947
14840,0.007415781
14841,0.003662115
14842,0.004272461
14843,3.0517578e-05
14844,-0.0039367713
14845,-0.004638672
14846,-0.00021362305
14847,-0.0051574726
14848,0.0016784668
14849,0.0007324256
14850,0.0008239746
14851,0.0003356915
14852,0.0040588416
14853,-0.003570553
14854,-0.0040893573
14855,-0.0074462853
14856,-0.014556885
14857,-0.0203247
14858,-0.022613525
14859,-0.02957154
14860,-0.027893063
14861,-0.025360085
14862,-0.020111077
14863,-0.013030998
14864,-0.0056762546
14865,0.0017089695
14866,0.005249031
14867,0.008087158
14868,0.01373291
14869,0.015808098
14870,0.017700233
14871,0.017364498
14872,0.021728523
14873,0.018188484
14874,0.025604255
14875,0.025482167
14876,0.026794426
14877,0.026245113
14878,0.024261478
14879,0.021179192
14880,0.017364506
14881,0.007293702
14882,0.008178714
14883,0.003173829
14884,0.004211425
14885,-0.00048828125
14886,-0.0026855464
14887,-0.008087158
14888,-0.01412964
14889,-0.019042969
14890,-0.019500732
14891,-0.023895267
14892,-0.025268562
14893,-0.028381355
14894,-0.026062
14895,-0.03186034
14896,-0.028137207
14897,-0.029357906
14898,-0.025146462
14899,-0.021606445
14900,-0.012603775
14901,-0.006622337
14902,0.003631577
14903,0.0056762546
14904,0.012359604
14905,0.0172119
14906,0.01931762
14907,0.018890366
14908,0.023376476
14909,0.025054932
14910,0.029449433
14911,0.028289791
14912,0.033142094
14913,0.031066878
14914,0.027587887
14915,0.028076172
14916,0.023742676
14917,0.014862061
14918,0.011535646
14919,0.0022888165
14920,0.0008239765
14921,-0.00033568963
14922,-0.0050964355
14923,-0.002227785
14924,0.0023498526
14925,0.0012512207
14926,0.0077819815
14927,0.009338381
14928,0.0046691876
14929,0.012359619
14930,0.007446289
14931,0.002319334
14932,0.004119873
14933,-0.0049743652
14934,-0.006225586
14935,-0.00518799
14936,-0.011138916
14937,-0.007293701
14938,-0.0057373066
14939,-0.00897217
14940,-0.0042419443
14941,-0.008026123
14942,-0.00579834
14943,-0.0024719238
14944,-0.006530764
14945,0.00064086926
14946,0.003692628
14947,0.00088501023
14948,0.013153074
14949,0.010803221
14950,0.014190672
14951,0.017211912
14952,0.010375977
14953,0.012329102
14954,0.01330566
14955,-0.002807621
14956,0.0013122559
14957,-0.00296022
14958,-0.012786873
14959,-0.0068969764
14960,-0.0128479
14961,-0.014312752
14962,-0.0031738263
14963,-0.01013183
14964,-0.008209224
14965,0.0011901818
14966,-0.0017089825
14967,0.004333497
14968,0.013671875
14969,0.010253908
14970,0.019409178
14971,0.02163696
14972,0.01721191
14973,0.019714363
14974,0.013702396
14975,0.0069885068
14976,0.014648445
14977,0.0088195875
14978,0.011352539
14979,0.019103989
14980,0.015686043
14981,0.02420044
14982,0.024780288
14983,-0.0044555888
14984,-0.03897094
14985,-0.067749016
14986,-0.05368042
14987,-0.055053726
14988,-0.085754395
14989,-0.0444336
14990,0.01296997
14991,0.026092526
14992,0.041931152
14993,0.04092408
14994,0.030426025
14995,0.038574222
14996,0.01217651
14997,-0.008331295
14998,-0.003662113
14999,-0.03161622
15000,-0.04141236
15001,-0.019531246
15002,-0.024597164
15003,-0.014556882
15004,-3.0520838e-05
15005,-0.0038452148
15006,0.017059326
15007,0.018127443
15008,0.017730715
15009,0.030242927
15010,0.02517701
15011,0.024261476
15012,0.045928948
15013,0.042236354
15014,0.05456543
15015,0.06387327
15016,0.056426987
15017,0.055664077
15018,0.043640137
15019,0.014312744
15020,0.00024415553
15021,-0.023468018
15022,-0.04519652
15023,-0.043823227
15024,-0.05340577
15025,-0.060333274
15026,-0.054534912
15027,-0.060485855
15028,-0.067504905
15029,-0.06610107
15030,-0.07040404
15031,-0.07650757
15032,-0.06991579
15033,-0.06732178
15034,-0.06292724
15035,-0.05935671
15036,-0.04840088
15037,-0.04663086
15038,-0.036193863
15039,-0.029693574
15040,-0.019744873
15041,-0.0036621094
15042,0.01782228
15043,0.029968262
15044,0.04946901
15045,0.065887466
15046,0.07519529
15047,0.08355712
15048,0.08804323
15049,0.083251946
15050,0.08312988
15051,0.074066184
15052,0.0584717
15053,0.04888915
15054,0.034667958
15055,0.020874023
15056,0.012237541
15057,0.0018005222
15058,-0.008331321
15059,-0.0133056715
15060,-0.029083218
15061,-0.03720095
15062,-0.03924562
15063,-0.042449947
15064,-0.0397644
15065,-0.03179933
15066,-0.027923573
15067,-0.013305669
15068,-0.010467529
15069,-0.010040282
15070,-0.007873534
15071,-0.0111083975
15072,-0.015899658
15073,-0.0069274902
15074,-0.016296389
15075,-0.011962891
15076,-0.00680542
15077,-0.011108413
15078,-0.009490978
15079,-0.004577644
15080,-0.015930176
15081,-0.008483876
15082,-0.0025634803
15083,-0.010284416
15084,-0.0073242076
15085,0.0010070838
15086,0.0022887923
15087,0.0039977916
15088,0.0050964504
15089,0.008056644
15090,0.0140686035
15091,0.019622814
15092,0.022979729
15093,0.02694702
15094,0.031982433
15095,0.035430897
15096,0.037750237
15097,0.041503906
15098,0.037384033
15099,0.03598022
15100,0.036651615
15101,0.024444588
15102,0.015991218
15103,0.012542717
15104,-0.0035705492
15105,-0.011596657
15106,-0.016021721
15107,-0.029998798
15108,-0.03451536
15109,-0.03710936
15110,-0.054168712
15111,-0.0595398
15112,-0.06890868
15113,-0.07913209
15114,-0.0769043
15115,-0.08081056
15116,-0.08621214
15117,-0.07452391
15118,-0.07241821
15119,-0.07073972
15120,-0.060394287
15121,-0.06127931
15122,-0.05279541
15123,-0.04235837
15124,-0.041381836
15125,-0.034454376
15126,-0.026000947
15127,-0.030548066
15128,-0.030181915
15129,-0.028869659
15130,-0.031036347
15131,-0.027069062
15132,-0.01699835
15133,-0.0040893555
15134,0.012084991
15135,0.044036835
15136,0.09951776
15137,0.17156982
15138,0.23571777
15139,0.31500244
15140,0.41531372
15141,0.49093634
15142,0.52474976
15143,0.5658265
15144,0.6035155
15145,0.58917236
15146,0.5413208
15147,0.4926759
15148,0.4086913
15149,0.30249
15150,0.17132604
15151,-0.013458133
15152,-0.232422
15153,-0.39932287
15154,-0.39855933
15155,-0.57028186
15156,-0.7191467
15157,-0.64587426
15158,-0.58862275
15159,-0.6913147
15160,-0.7322083
15161,-0.768921
15162,-0.82110584
15163,-0.8528138
15164,-0.84887695
15165,-0.8217468
15166,-0.8138424
15167,-0.7715149
15168,-0.68576074
15169,-0.59716797
15170,-0.4775393
15171,-0.31411767
15172,-0.10830712
15173,0.15420532
15174,0.41619825
15175,0.6113894
15176,0.7813723
15177,0.9277954
15178,1.0062865
15179,1.0138553
15180,1.0231323
15181,1.0330198
15182,1.0795593
15183,1.1448061
15184,1.1879578
15185,1.2538451
15186,1.3009338
15187,1.2709048
15188,1.149658
15189,0.9588926
15190,0.7294619
15191,0.49768043
15192,0.22030616
15193,-0.06399536
15194,-0.3143921
15195,-0.55584717
15196,-0.8284607
15197,-1.0957949
15198,-1.341919
15199,-1.5552064
15200,-1.7068789
15201,-1.7557375
15202,-1.6823123
15203,-1.504517
15204,-1.2478026
15205,-0.9387815
15206,-0.61587524
15207,-0.3390808
15208,-0.12768555
15209,0.03210485
15210,0.13598609
15211,0.17742896
15212,0.1928711
15213,0.20111096
15214,0.20663404
15215,0.2300111
15216,0.26803613
15217,0.3229679
15218,0.39416516
15219,0.45550525
15220,0.49844372
15221,0.5246585
15222,0.5204771
15223,0.48989862
15224,0.45132452
15225,0.4012146
15226,0.35760498
15227,0.3229676
15228,0.3012085
15229,0.28594974
15230,0.27191162
15231,0.27166748
15232,0.2833252
15233,0.28579703
15234,0.29388422
15235,0.30834973
15236,0.3134154
15237,0.31811488
15238,0.30856335
15239,0.28579724
15240,0.25711048
15241,0.20803845
15242,0.14456189
15243,0.07998645
15244,0.008178592
15245,-0.064727545
15246,-0.13931286
15247,-0.22610486
15248,-0.30291736
15249,-0.37203956
15250,-0.43453956
15251,-0.48272693
15252,-0.5083922
15253,-0.5220946
15254,-0.50778186
15255,-0.47799706
15256,-0.4410096
15257,-0.39562988
15258,-0.34585565
15259,-0.307373
15260,-0.26525873
15261,-0.22885132
15262,-0.20587155
15263,-0.17864984
15264,-0.15206933
15265,-0.133484
15266,-0.11025989
15267,-0.085235655
15268,-0.0705263
15269,-0.03393531
15270,-0.0077513456
15271,0.015899599
15272,0.057525635
15273,0.08770758
15274,0.111968994
15275,0.1477356
15276,0.17675772
15277,0.18756104
15278,0.20022577
15279,0.21389738
15280,0.21759036
15281,0.20681787
15282,0.19869983
15283,0.19482414
15284,0.18353276
15285,0.16702272
15286,0.16052248
15287,0.15261841
15288,0.13369748
15289,0.1200867
15290,0.11941528
15291,0.10690309
15292,0.092224136
15293,0.080719024
15294,0.07116699
15295,0.055023193
15296,0.037994415
15297,0.01788333
15298,6.1035156e-05
15299,-0.01889038
15300,-0.03994745
15301,-0.0573425
15302,-0.072143555
15303,-0.08810422
15304,-0.09887694
15305,-0.095642105
15306,-0.09365846
15307,-0.08981325
15308,-0.07308963
15309,-0.060424846
15310,-0.05273436
15311,-0.039398205
15312,-0.032196064
15313,-0.030975338
15314,-0.023284908
15315,-0.019897472
15316,-0.022949215
15317,-0.023468018
15318,-0.017852783
15319,-0.01980591
15320,-0.033203132
15321,-0.038574234
15322,-0.0378418
15323,-0.049316414
15324,-0.05706786
15325,-0.052856423
15326,-0.05493164
15327,-0.055450425
15328,-0.04705809
15329,-0.040588364
15330,-0.032379165
15331,-0.026031509
15332,-0.024383515
15333,-0.025024429
15334,-0.018920884
15335,-0.009674057
15336,-0.0013427883
15337,0.009613037
15338,0.033081055
15339,0.049499482
15340,0.064208955
15341,0.07385254
15342,0.07095335
15343,0.06375122
15344,0.05905153
15345,0.048339844
15346,0.041015625
15347,0.04174807
15348,0.040863022
15349,0.035766587
15350,0.03277588
15351,0.030212412
15352,0.018432617
15353,0.0073547345
15354,0.00546265
15355,0.008239746
15356,0.0038146973
15357,0.005187981
15358,0.016601562
15359,0.020568848
15360,0.01635743
15361,0.020507805
15362,0.022918694
15363,0.015136749
15364,0.011016842
15365,0.009399407
15366,6.105378e-05
15367,-0.015411366
15368,-0.021514926
15369,-0.024719212
15370,-0.024810772
15371,-0.023925792
15372,-0.015258793
15373,0.0040283296
15374,0.024108889
15375,0.030181885
15376,0.035186764
15377,0.039733876
15378,0.030548088
15379,0.021972671
15380,0.012969941
15381,-0.0065612867
15382,-0.029510498
15383,-0.033599854
15384,-0.032714855
15385,-0.037506096
15386,-0.043853767
15387,-0.04513551
15388,-0.044677746
15389,-0.04406738
15390,-0.04458618
15391,-0.04589843
15392,-0.05123902
15393,-0.046875007
15394,-0.034881577
15395,-0.03277587
15396,-0.02816771
15397,-0.010925315
15398,0.00390628
15399,0.010681167
15400,0.021881111
15401,0.036743157
15402,0.04129029
15403,0.040557876
15404,0.04052733
15405,0.036285393
15406,0.032165535
15407,0.031188957
15408,0.022308338
15409,0.014770513
15410,0.009185794
15411,0.010101317
15412,0.0134277325
15413,0.020019535
15414,0.027496347
15415,0.03625489
15416,0.041198723
15417,0.04885863
15418,0.047607414
15419,0.045684822
15420,0.042907707
15421,0.03314206
15422,0.01788333
15423,0.00582888
15424,-0.011566177
15425,-0.030578643
15426,-0.041656464
15427,-0.046752915
15428,-0.052124012
15429,-0.04949952
15430,-0.038055398
15431,-0.031616192
15432,-0.024597174
15433,-0.011505142
15434,-0.0014343318
15435,0.0005187951
15436,-0.00039673038
15437,0.00021362491
15438,-0.005554199
15439,-0.015808107
15440,-0.020721437
15441,-0.02218628
15442,-0.028228762
15443,-0.029754637
15444,-0.02935791
15445,-0.030853271
15446,-0.02822876
15447,-0.02261353
15448,-0.012969978
15449,0.0004882738
15450,0.011260994
15451,0.023925766
15452,0.036682125
15453,0.0395813
15454,0.039520267
15455,0.041229248
15456,0.035461433
15457,0.0213623
15458,0.009002686
15459,-0.0027771015
15460,-0.013214109
15461,-0.022430418
15462,-0.026153566
15463,-0.029449463
15464,-0.024017332
15465,-0.01449585
15466,-0.012481688
15467,-0.004882809
15468,0.011077885
15469,0.021667482
15470,0.023681646
15471,0.029388428
15472,0.030151365
15473,0.019256592
15474,0.0036926288
15475,-0.007904053
15476,-0.025604248
15477,-0.04238892
15478,-0.04421997
15479,-0.0423584
15480,-0.04006956
15481,-0.027221669
15482,-0.010925297
15483,-0.00021361932
15484,0.013031017
15485,0.023071285
15486,0.023956284
15487,0.020294182
15488,0.015625
15489,0.008697504
15490,0.002838131
15491,-0.0052185077
15492,-0.012817383
15493,-0.0132751465
15494,-0.0140686035
15495,-0.016632061
15496,-0.014739979
15497,-0.009338383
15498,-0.005828861
15499,0.00036621094
15500,0.0063781627
15501,0.0089416355
15502,0.0041808896
15503,-0.00045775622
15504,-0.008514427
15505,-0.017364502
15506,-0.022003163
15507,-0.021881096
15508,-0.020690918
15509,-0.015167251
15510,-0.006195061
15511,0.0057068095
15512,0.018402092
15513,0.026824974
15514,0.031646736
15515,0.04162597
15516,0.045989983
15517,0.039215103
15518,0.033630364
15519,0.030548096
15520,0.020324709
15521,0.010253906
15522,0.006958004
15523,0.00344849
15524,0.0019836426
15525,0.0069274902
15526,0.011932373
15527,0.010101318
15528,0.013000488
15529,0.017333984
15530,0.014160156
15531,0.010986339
15532,0.009796135
15533,0.0060729906
15534,-0.0005187951
15535,-0.0033569336
15536,-0.0044860877
15537,-0.007049568
15538,-0.00988771
15539,-0.0087585375
15540,-0.007080067
15541,-0.011413582
15542,-0.015014652
15543,-0.0139770415
15544,-0.012481684
15545,-0.008789064
15546,-0.0016479511
15547,0.0006408654
15548,0.0013732892
15549,0.006652834
15550,0.00753784
15551,0.004058836
15552,0.0016174335
15553,-0.0052490253
15554,-0.013793947
15555,-0.023101809
15556,-0.030761722
15557,-0.040924076
15558,-0.04364013
15559,-0.04119873
15560,-0.03277587
15561,-0.029083267
15562,-0.019897453
15563,-0.0065307543
15564,0.0044555664
15565,0.008972149
15566,0.016296387
15567,0.022857677
15568,0.028900154
15569,0.028320294
15570,0.029754633
15571,0.025543224
15572,0.020477302
15573,0.017791742
15574,0.016906735
15575,0.008483889
15576,0.003967285
15577,0.0040283212
15578,0.004272461
15579,0.0075988746
15580,0.014343263
15581,0.019897461
15582,0.02661133
15583,0.030944832
15584,0.033203132
15585,0.027679443
15586,0.014190674
15587,0.006195076
15588,0.0010375939
15589,-0.006561294
15590,-0.012268089
15591,-0.011444103
15592,-0.009094249
15593,-0.0066223294
15594,-0.0011902004
15595,0.0087280385
15596,0.015197754
15597,0.020568848
15598,0.023040771
15599,0.01950071
15600,0.010772698
15601,-0.0018921047
15602,-0.0127258375
15603,-0.022796657
15604,-0.033325203
15605,-0.040008545
15606,-0.04412843
15607,-0.04638672
15608,-0.043365464
15609,-0.040008556
15610,-0.033264175
15611,-0.026092524
15612,-0.019775383
15613,-0.014373776
15614,-0.012146
15615,-0.008300781
15616,0.00036621466
15617,0.007904045
15618,0.011230454
15619,0.013092041
15620,0.015869142
15621,0.012817379
15622,0.004058836
15623,0.0031127948
15624,0.009185793
15625,0.013244633
15626,0.020874023
15627,0.034973145
15628,0.04650879
15629,0.047088623
15630,0.04690552
15631,0.041046135
15632,0.028594978
15633,0.01052855
15634,-0.0019836426
15635,-0.016662598
15636,-0.03222657
15637,-0.038452167
15638,-0.038024887
15639,-0.040008545
15640,-0.04086305
15641,-0.03247071
15642,-0.026580805
15643,-0.029907234
15644,-0.029876715
15645,-0.020019535
15646,-0.015441887
15647,-0.01641846
15648,-0.01007079
15649,0.0035705753
15650,0.005065907
15651,0.0047607236
15652,0.009674083
15653,0.010467533
15654,0.0045776106
15655,-6.103888e-05
15656,-0.0034179538
15657,-0.011871312
15658,-0.017761234
15659,-0.021514889
15660,-0.021606442
15661,-0.027099583
15662,-0.027038585
15663,-0.021850586
15664,-0.020996086
15665,-0.019439712
15666,-0.011413567
15667,-0.00012203306
15668,0.0035095215
15669,0.005432129
15670,0.012420677
15671,0.012969986
15672,0.009368889
15673,0.007781975
15674,0.008972153
15675,0.009765618
15676,0.008941643
15677,0.016021706
15678,0.021728523
15679,0.025817893
15680,0.030303955
15681,0.031219475
15682,0.03417968
15683,0.03393554
15684,0.039184563
15685,0.040100098
15686,0.038024895
15687,0.038238518
15688,0.035797127
15689,0.031646743
15690,0.023223866
15691,0.022277832
15692,0.02444461
15693,0.020263687
15694,0.021270737
15695,0.02139283
15696,0.0215149
15697,0.016418494
15698,0.011840813
15699,0.01681517
15700,0.018127471
15701,0.020660393
15702,0.02651979
15703,0.03689578
15704,0.04330443
15705,0.04364015
15706,0.042419463
15707,0.03686522
15708,0.021911621
15709,0.0125427395
15710,0.00775145
15711,0.009613052
15712,0.047454834
15713,0.16320801
15714,0.33441162
15715,0.50061035
15716,0.56768805
15717,0.5296935
15718,0.3003236
15719,0.17092878
15720,-0.031188726
15721,-0.8043214
15722,-1.4239197
15723,-1.4455872
15724,-1.5750732
15725,-1.8098146
15726,-1.566559
15727,-1.0580442
15728,-0.46667457
15729,0.049071908
15730,0.40524316
15731,0.6063849
15732,0.700439
15733,0.6910399
15734,0.69412243
15735,0.7156069
15736,0.76586914
15737,0.8281555
15738,0.8657228
15739,0.8730165
15740,0.8410032
15741,0.7507936
15742,0.61328125
15743,0.4689635
15744,0.33596814
15745,0.205719
15746,0.08605957
15747,-0.0048220158
15748,-0.055114806
15749,-0.07058716
15750,-0.07742292
15751,-0.089142144
15752,-0.1012882
15753,-0.11004621
15754,-0.1266172
15755,-0.1605227
15756,-0.19107056
15757,-0.20214838
15758,-0.20089722
15759,-0.19116211
15760,-0.18136588
15761,-0.1732482
15762,-0.18496698
15763,-0.21429455
15764,-0.24713144
15765,-0.27828988
15766,-0.29708868
15767,-0.2970886
15768,-0.27606198
15769,-0.24853516
15770,-0.22662355
15771,-0.2055054
15772,-0.20046997
15773,-0.21270752
15774,-0.21469104
15775,-0.22204602
15776,-0.2161561
15777,-0.15374744
15778,-0.06616199
15779,0.02560407
15780,0.120422244
15781,0.20385766
15782,0.2492677
15783,0.25961298
15784,0.24578863
15785,0.21383679
15786,0.1647339
15787,0.11514281
15788,0.07592774
15789,0.038024925
15790,-0.0033569187
15791,-0.04669191
15792,-0.08966066
15793,-0.12619019
15794,-0.14321907
15795,-0.15600598
15796,-0.17355365
15797,-0.18774411
15798,-0.18823239
15799,-0.1748352
15800,-0.14920056
15801,-0.11135852
15802,-0.07205176
15803,-0.020294309
15804,0.02166748
15805,0.03741455
15806,0.021576017
15807,0.04510507
15808,0.11355582
15809,0.092437655
15810,0.1016238
15811,0.19149783
15812,0.2519225
15813,0.25994867
15814,0.28945935
15815,0.29586798
15816,0.29882812
15817,0.29339594
15818,0.27908325
15819,0.25909424
15820,0.24087518
15821,0.22167963
15822,0.19763198
15823,0.17547613
15824,0.15103135
15825,0.12432864
15826,0.094909966
15827,0.059814274
15828,0.022369206
15829,-0.010254025
15830,-0.042877257
15831,-0.07891834
15832,-0.11077887
15833,-0.13693237
15834,-0.16183463
15835,-0.18469256
15836,-0.1976012
15837,-0.20422354
15838,-0.20211801
15839,-0.19543457
15840,-0.18539415
15841,-0.16958626
15842,-0.14828491
15843,-0.12597655
15844,-0.10629273
15845,-0.07968141
15846,-0.058715813
15847,-0.04934693
15848,-0.045013428
15849,-0.0362854
15850,-0.028869629
15851,-0.022338882
15852,-0.00988771
15853,0.012573242
15854,0.034057602
15855,0.047668442
15856,0.05792235
15857,0.06829833
15858,0.07055667
15859,0.06762697
15860,0.06979369
15861,0.06564331
15862,0.050811775
15863,0.03887938
15864,0.027404796
15865,0.010314949
15866,-0.008392349
15867,-0.022491459
15868,-0.032684304
15869,-0.043121338
15870,-0.050476078
15871,-0.04968262
15872,-0.047119148
15873,-0.04187011
15874,-0.033416744
15875,-0.022613533
15876,-0.015350342
15877,-0.012390103
15878,-0.015289288
15879,-0.022949226
15880,-0.02816774
15881,-0.032897927
15882,-0.0337219
15883,-0.031982437
15884,-0.03018187
15885,-0.026397675
15886,-0.015258789
15887,-0.008026123
15888,-0.0042419285
15889,-0.00064083934
15890,0.0064086765
15891,0.01278685
15892,0.010314956
15893,0.02148439
15894,0.04528807
15895,0.05020143
15896,0.041442886
15897,0.033599872
15898,0.036346447
15899,0.03820798
15900,0.0206604
15901,0.010131855
15902,0.025451653
15903,0.038787834
15904,0.033996597
15905,0.024932861
15906,0.017211912
15907,0.011749269
15908,0.005065917
15909,0.002593995
15910,0.002319335
15911,0.002532959
15912,0.0025634784
15913,0.0044250493
15914,0.0105896
15915,0.020324709
15916,0.02630615
15917,0.03036499
15918,0.033966057
15919,0.035034187
15920,0.032135002
15921,0.028076164
15922,0.025390632
15923,0.022979729
15924,0.024444565
15925,0.026702896
15926,0.028717026
15927,0.027313203
15928,0.026245117
15929,0.023620605
15930,0.014800981
15931,0.006744355
15932,0.005432129
15933,0.006225586
15934,0.0057678074
15935,0.0021362454
15936,-0.001098603
15937,-0.00851436
15938,-0.023040742
15939,-0.03372191
15940,-0.038696244
15941,-0.040161118
15942,-0.041656516
15943,-0.03878785
15944,-0.03475949
15945,-0.03176882
15946,-0.034118675
15947,-0.033508282
15948,-0.035308834
15949,-0.042297386
15950,-0.03961182
15951,-0.04321289
15952,-0.03918457
15953,-0.037414543
15954,-0.026885983
15955,-0.019592278
15956,-0.015960693
15957,-0.016479492
15958,-0.022460923
15959,-0.023590099
15960,-0.030609146
15961,-0.031799324
15962,-0.03427124
15963,-0.026702896
15964,-0.024078391
15965,-0.016876206
15966,-0.004364051
15967,0.008483864
15968,0.019561768
15969,0.029663071
15970,0.046722397
15971,0.05255125
15972,0.055725068
15973,0.05703734
15974,0.058563255
15975,0.050445568
15976,0.040679917
15977,0.03421019
15978,0.020629887
15979,0.010406494
15980,-0.00036621094
15981,-0.0009765644
15982,-0.0028991718
15983,0.0008544903
15984,0.0011596698
15985,-0.0009765644
15986,-0.0069885273
15987,-0.01229858
15988,-0.017028805
15989,-0.016723633
15990,-0.010070801
15991,-0.0005493165
15992,0.00469971
15993,0.012908934
15994,0.019195557
15995,0.011138916
15996,0.0015258826
15997,-0.0039978046
15998,-0.009674074
15999,-0.017181395
16000,-0.022399902
16001,-0.020233158
16002,-0.021423342
16003,-0.018951416
16004,-0.012725832
16005,-0.006164551
16006,-0.0002746582
16007,0.00015258603
16008,0.011383053
16009,0.015777588
16010,0.021179201
16011,0.028442383
16012,0.030242926
16013,0.034088142
16014,0.03463746
16015,0.029052742
16016,0.020111088
16017,0.012756344
16018,0.0018615723
16019,-0.012481682
16020,-0.02050782
16021,-0.020477314
16022,-0.01965331
16023,-0.020538313
16024,-0.02044678
16025,-0.018432625
16026,-0.01968383
16027,-0.021392819
16028,-0.02267456
16029,-0.023986815
16030,-0.028625486
16031,-0.027038576
16032,-0.026306152
16033,-0.024902336
16034,-0.030731197
16035,-0.0309143
16036,-0.019958496
16037,-0.006011948
16038,0.0116577
16039,0.019409183
16040,0.0246582
16041,0.021728504
16042,0.013427731
16043,-0.0011901781
16044,-0.0158997
16045,-0.022308353
16046,-0.022583
16047,-0.019775394
16048,-0.012146
16049,-0.0043334775
16050,-0.0009155236
16051,0.00067140535
16052,0.0035705678
16053,0.009216316
16054,0.019470215
16055,0.02645874
16056,0.03308105
16057,0.02816771
16058,0.020782461
16059,0.014831539
16060,0.0008239765
16061,-0.011444092
16062,-0.027008059
16063,-0.027465817
16064,0.0051879995
16065,0.012359608
16066,0.007995609
16067,0.023712173
16068,0.03781128
16069,0.02770995
16070,0.0100708045
16071,0.0005493141
16072,0.0153808575
16073,0.0144348135
16074,0.013214111
16075,0.015533449
16076,0.019439697
16077,0.010192869
16078,0.005187989
16079,-3.0517578e-05
16080,0.008392332
16081,0.014129639
16082,0.01461792
16083,0.01635743
16084,0.014099121
16085,0.008544933
16086,0.008117661
16087,0.016754135
16088,0.02511597
16089,0.027832031
16090,0.026336648
16091,0.029815666
16092,0.03152466
16093,0.028625488
16094,0.024566658
16095,0.014251679
16096,0.011627153
16097,0.00296022
16098,-0.001739502
16099,-0.015808135
16100,-0.03219606
16101,-0.04364013
16102,-0.055206306
16103,-0.068359375
16104,-0.07913211
16105,-0.079254165
16106,-0.069366455
16107,-0.049194336
16108,-0.031768806
16109,-0.016204834
16110,-0.0061645396
16111,-0.0050659105
16112,-0.012664791
16113,-0.019989006
16114,-0.027496316
16115,-0.03198243
16116,-0.023101814
16117,-0.01681517
16118,-0.010650642
16119,-0.00393676
16120,-0.00488282
16121,-0.00695803
16122,-0.006469719
16123,-0.0072631985
16124,-0.0033264235
16125,0.010314956
16126,0.015930206
16127,0.022949219
16128,0.025024429
16129,0.023834229
16130,0.022521999
16131,0.018554699
16132,0.009460419
16133,0.009735119
16134,0.011444122
16135,0.017730702
16136,0.029663082
16137,0.030517597
16138,0.031433098
16139,0.033538807
16140,0.034118652
16141,0.023162842
16142,0.016967773
16143,0.012298584
16144,0.011596682
16145,0.013458254
16146,0.008087158
16147,-0.00079345517
16148,-0.0062561166
16149,-0.00869751
16150,-0.018768307
16151,-0.02667237
16152,-0.03399659
16153,-0.034820557
16154,-0.029907236
16155,-0.030578619
16156,-0.025970455
16157,-0.012420639
16158,0.00012207404
16159,0.0122985765
16160,0.02648928
16161,0.031005872
16162,0.030242905
16163,0.026885975
16164,0.020172123
16165,0.01553345
16166,0.012268065
16167,0.011138918
16168,0.010467529
16169,0.010955812
16170,0.008453369
16171,0.008758547
16172,0.0064086933
16173,0.001892088
16174,0.0066833496
16175,0.011993408
16176,0.006439198
16177,0.0016174316
16178,-0.004180897
16179,-0.014953624
16180,-0.016845714
16181,-0.015045155
16182,-0.016113278
16183,-0.011108403
16184,0.0010986328
16185,0.01577759
16186,0.022003176
16187,0.018157959
16188,0.018005371
16189,0.023162827
16190,0.017578132
16191,0.012664791
16192,0.0024413988
16193,-0.0066528395
16194,-0.019317623
16195,-0.028533947
16196,-0.029876694
16197,-0.020965567
16198,-0.011016848
16199,0.0014953539
16200,0.00808716
16201,0.016937256
16202,0.022491455
16203,0.018737793
16204,0.016662586
16205,0.014617898
16206,0.010253921
16207,0.0044250377
16208,-0.006256111
16209,-0.0119323805
16210,-0.017852783
16211,-0.02560423
16212,-0.030303955
16213,-0.036132842
16214,-0.043426502
16215,-0.044067368
16216,-0.04049682
16217,-0.029876713
16218,-0.016174316
16219,-9.1552734e-05
16220,0.012725826
16221,0.026550282
16222,0.03253173
16223,0.034179684
16224,0.029449463
16225,0.02334595
16226,0.019165039
16227,0.0152282715
16228,0.015563967
16229,0.01211548
16230,0.004425045
16231,-0.0030517634
16232,-0.0064086784
16233,-0.013092047
16234,-0.02539064
16235,-0.03320312
16236,-0.029907217
16237,-0.02328492
16238,-0.01678467
16239,-0.01260376
16240,-0.006927492
16241,-0.00015258975
16242,0.004425049
16243,0.007659912
16244,0.014251705
16245,0.018554691
16246,0.020660404
16247,0.023651123
16248,0.025482178
16249,0.023345947
16250,0.01776123
16251,0.011932373
16252,0.005859375
16253,-6.103888e-05
16254,-0.008117676
16255,-0.015472412
16256,-0.015563969
16257,-0.014160158
16258,-0.01663208
16259,-0.011291503
16260,-0.0065002427
16261,-0.010345457
16262,-0.01699829
16263,-0.022430416
16264,-0.029174807
16265,-0.029449465
16266,-0.02719118
16267,-0.02203368
16268,-0.0127563365
16269,0.0015258826
16270,0.011840805
16271,0.0137329325
16272,0.012298603
16273,0.015411373
16274,0.016357418
16275,0.015075689
16276,0.016510008
16277,0.015533446
16278,0.014953611
16279,0.013000485
16280,0.007385252
16281,-0.0014343259
16282,-0.0051269536
16283,-0.0126953125
16284,-0.01663208
16285,-0.018707275
16286,-0.019958494
16287,-0.021850586
16288,-0.024139404
16289,-0.027374268
16290,-0.029968277
16291,-0.029876698
16292,-0.030548088
16293,-0.025756836
16294,-0.010528557
16295,0.00021363795
16296,0.0059204325
16297,0.017181389
16298,0.022430409
16299,0.024566643
16300,0.026611324
16301,0.021453861
16302,0.020385753
16303,0.02471922
16304,0.02880859
16305,0.032684334
16306,0.03552246
16307,0.04461669
16308,0.05236815
16309,0.04953003
16310,0.039367687
16311,0.028747562
16312,0.012359608
16313,-0.0034789778
16314,-0.016540509
16315,-0.022064209
16316,-0.021881126
16317,-0.014404282
16318,-0.0066833384
16319,-0.0015258938
16320,0.0037841648
16321,0.0050964504
16322,0.0047302246
16323,0.002380371
16324,-0.008483887
16325,-0.020965572
16326,-0.032043472
16327,-0.042572036
16328,-0.050720222
16329,-0.049316406
16330,-0.042236336
16331,-0.026397698
16332,-0.007354744
16333,0.013549797
16334,0.02960205
16335,0.041870125
16336,0.043548588
16337,0.04031372
16338,0.03286743
16339,0.026214601
16340,0.021789555
16341,0.01889037
16342,0.01739502
16343,0.014068615
16344,0.0087890625
16345,0.012298558
16346,0.013305664
16347,0.0072632134
16348,0.0075378343
16349,0.010742158
16350,0.011566173
16351,0.008575439
16352,0.0070190057
16353,0.0053710938
16354,0.002166763
16355,0.0005492866
16356,-0.0036621168
16357,-0.0069885254
16358,-0.010650665
16359,-0.005676266
16360,-0.0017089993
16361,0.0044860803
16362,0.008300792
16363,0.015167259
16364,0.019897461
16365,0.021667495
16366,0.01870729
16367,0.010498062
16368,0.0028686598
16369,-0.0033569187
16370,-0.011474624
16371,-0.018371575
16372,-0.020111054
16373,-0.02902221
16374,-0.036041245
16375,-0.039794877
16376,-0.046020515
16377,-0.0501709
16378,-0.050170884
16379,-0.04772949
16380,-0.04232789
16381,-0.039916985
16382,-0.03817749
16383,-0.037170414
16384,-0.046081554
16385,-0.057617188
16386,-0.06954957
16387,-0.08169556
16388,-0.09225465
16389,-0.09857179
16390,-0.10708617
16391,-0.110687256
16392,-0.10583496
16393,-0.093688995
16394,-0.08224496
16395,-0.07638562
16396,-0.074676484
16397,-0.07168588
16398,-0.069122344
16399,-0.07281476
16400,-0.07907084
16401,-0.07684323
16402,-0.059570253
16403,-0.034362763
16404,-0.01284796
16405,0.013824344
16406,0.058929414
16407,0.13293463
16408,0.20803818
16409,0.27181992
16410,0.35369873
16411,0.4547119
16412,0.52865595
16413,0.5623169
16414,0.60168463
16415,0.6487426
16416,0.6416321
16417,0.5909424
16418,0.53756714
16419,0.45101917
16420,0.31884766
16421,0.17279041
16422,0.033935428
16423,-0.08804321
16424,-0.18478405
16425,-0.27493274
16426,-0.3564148
16427,-0.42486554
16428,-0.49108887
16429,-0.5646971
16430,-0.6462403
16431,-0.719696
16432,-0.7771913
16433,-0.81420904
16434,-0.838135
16435,-0.8406371
16436,-0.8354188
16437,-0.82196033
16438,-0.79775965
16439,-0.74188244
16440,-0.6730349
16441,-0.6064451
16442,-0.4978025
16443,-0.3213811
16444,-0.12356615
16445,0.035217524
16446,0.19409204
16447,0.3626399
16448,0.52438307
16449,0.62039185
16450,0.6919254
16451,0.7755432
16452,0.9143977
16453,1.0899351
16454,1.272675
16455,1.4350281
16456,1.5872495
16457,1.7288816
16458,1.7663574
16459,1.6724243
16460,1.4679263
16461,1.1799014
16462,0.82727075
16463,0.44232202
16464,0.0642395
16465,-0.29516578
16466,-0.6184082
16467,-0.879791
16468,-1.1006162
16469,-1.3167725
16470,-1.5103453
16471,-1.6712033
16472,-1.7761539
16473,-1.7968754
16474,-1.7225953
16475,-1.5543212
16476,-1.3177795
16477,-1.0358276
16478,-0.7324524
16479,-0.4442749
16480,-0.20245361
16481,-0.014770746
16482,0.12155175
16483,0.20419335
16484,0.24774122
16485,0.2796936
16486,0.312073
16487,0.34445202
16488,0.3861693
16489,0.4389341
16490,0.49697852
16491,0.55398566
16492,0.60662854
16493,0.6392822
16494,0.63775593
16495,0.6103515
16496,0.5748292
16497,0.52841187
16498,0.4686278
16499,0.40756232
16500,0.362732
16501,0.33242798
16502,0.30587757
16503,0.2852174
16504,0.26812756
16505,0.25524902
16506,0.24850452
16507,0.23843408
16508,0.23355138
16509,0.23794568
16510,0.23782349
16511,0.2373048
16512,0.23678601
16513,0.2196958
16514,0.18426502
16515,0.13717663
16516,0.0721128
16517,-0.013061643
16518,-0.1096189
16519,-0.20779443
16520,-0.31030273
16521,-0.4119872
16522,-0.5028685
16523,-0.57360864
16524,-0.6147462
16525,-0.6291196
16526,-0.6241453
16527,-0.60354626
16528,-0.56448376
16529,-0.5079345
16530,-0.44967657
16531,-0.39822382
16532,-0.3416442
16533,-0.2782899
16534,-0.22183222
16535,-0.17312598
16536,-0.13165283
16537,-0.09286511
16538,-0.06085193
16539,-0.03555286
16540,-0.016601622
16541,0.0027772188
16542,0.021484494
16543,0.03540033
16544,0.05218482
16545,0.07049596
16546,0.09359729
16547,0.11886597
16548,0.14596552
16549,0.17108166
16550,0.1953125
16551,0.20877075
16552,0.21551514
16553,0.21612567
16554,0.20755008
16555,0.19955459
16556,0.19628912
16557,0.1937256
16558,0.18548585
16559,0.17749026
16560,0.1713867
16561,0.16619875
16562,0.15301514
16563,0.13638306
16564,0.119903564
16565,0.1043701
16566,0.08929443
16567,0.07376099
16568,0.05618283
16569,0.0411987
16570,0.03149414
16571,0.025115937
16572,0.01373288
16573,-0.0014038384
16574,-0.0146484375
16575,-0.026306152
16576,-0.039276153
16577,-0.04727176
16578,-0.05279541
16579,-0.053771973
16580,-0.05078125
16581,-0.04922484
16582,-0.05410765
16583,-0.057769775
16584,-0.06311035
16585,-0.06713864
16586,-0.061950654
16587,-0.049407966
16588,-0.03973391
16589,-0.032257073
16590,-0.02688595
16591,-0.025848377
16592,-0.02813723
16593,-0.03149413
16594,-0.03182982
16595,-0.032653797
16596,-0.033142086
16597,-0.036804203
16598,-0.043640144
16599,-0.050079353
16600,-0.056091316
16601,-0.056488037
16602,-0.049530037
16603,-0.0421753
16604,-0.034057602
16605,-0.022094712
16606,-0.009460457
16607,-0.0002746582
16608,0.0036316067
16609,0.0030822903
16610,-0.00012207776
16611,-0.005340591
16612,-0.01751709
16613,-0.039031945
16614,-0.06210327
16615,-0.07388309
16616,-0.07791138
16617,-0.07507324
16618,-0.06271362
16619,-0.04156497
16620,-0.020690918
16621,-0.0025939941
16622,0.011993349
16623,0.027282715
16624,0.040893584
16625,0.05096431
16626,0.056732193
16627,0.061584547
16628,0.058166504
16629,0.04858397
16630,0.039215103
16631,0.037109405
16632,0.039917037
16633,0.047271706
16634,0.05548095
16635,0.06930544
16636,0.078216575
16637,0.080810554
16638,0.0843811
16639,0.09146118
16640,0.08908082
16641,0.08081055
16642,0.07925415
16643,0.07720947
16644,0.060150176
16645,0.03845215
16646,0.019500732
16647,-0.002319336
16648,-0.026458755
16649,-0.045349136
16650,-0.061523438
16651,-0.076660186
16652,-0.084564246
16653,-0.07846067
16654,-0.06872557
16655,-0.05816651
16656,-0.03942871
16657,-0.014862048
16658,-0.0043945312
16659,-0.00970459
16660,-0.010589595
16661,-0.001159667
16662,0.0041809063
16663,-0.0043029776
16664,-0.010528563
16665,-0.0012817383
16666,0.015899658
16667,0.026000973
16668,0.027648926
16669,0.02911377
16670,0.04016114
16671,0.055084217
16672,0.061431892
16673,0.058624282
16674,0.04815674
16675,0.040924057
16676,0.031677276
16677,0.011291534
16678,-0.011474624
16679,-0.028045654
16680,-0.0423889
16681,-0.057403594
16682,-0.064209
16683,-0.066772446
16684,-0.06619264
16685,-0.06243898
16686,-0.049591053
16687,-0.034393303
16688,-0.028289797
16689,-0.02908325
16690,-0.022277836
16691,-0.01641848
16692,-0.017578118
16693,-0.01278685
16694,0.0011291355
16695,0.015350327
16696,0.022277847
16697,0.02166749
16698,0.014160156
16699,0.007019043
16700,-0.0021667462
16701,-0.0093688965
16702,-0.022583008
16703,-0.02835083
16704,-0.030670162
16705,-0.028808586
16706,-0.026062012
16707,-0.02334594
16708,-0.017700203
16709,0.0031738505
16710,0.01889038
16711,0.026214585
16712,0.028167713
16713,0.031250015
16714,0.031646714
16715,0.028655997
16716,0.0163269
16717,0.0036010835
16718,-0.00738525
16719,-0.013916016
16720,-0.019134514
16721,-0.021240227
16722,-0.019103989
16723,-0.008636482
16724,0.005004868
16725,0.011932373
16726,0.022521973
16727,0.029144265
16728,0.028625479
16729,0.020782467
16730,0.014526366
16731,0.016052246
16732,0.019439695
16733,0.009277341
16734,0.0035400372
16735,0.0035095233
16736,0.00061035156
16737,-0.008056641
16738,-0.0043334933
16739,0.0015258822
16740,0.008758546
16741,0.020111078
16742,0.037963875
16743,0.032745365
16744,0.024383549
16745,0.013977036
16746,-0.006835941
16747,-0.02987669
16748,-0.036712658
16749,-0.043914814
16750,-0.041748032
16751,-0.03759764
16752,-0.031677254
16753,-0.013122559
16754,0.0056152362
16755,0.01086426
16756,0.019531252
16757,0.0357666
16758,0.053009037
16759,0.06271362
16760,0.054199215
16761,0.054412834
16762,0.050323498
16763,0.03250123
16764,0.019531243
16765,0.02124025
16766,0.017242454
16767,0.011108384
16768,-0.007995613
16769,-0.019958489
16770,-0.01947023
16771,-0.03872682
16772,-0.05648803
16773,-0.05935667
16774,-0.052185066
16775,-0.036132798
16776,-0.021331776
16777,-0.012817378
16778,0.01040649
16779,0.0074768066
16780,-0.0011291504
16781,-0.0043640137
16782,-0.018463135
16783,-0.03598022
16784,-0.035308834
16785,-0.040924072
16786,-0.02651978
16787,-0.025207512
16788,-0.03381347
16789,-0.015686058
16790,0.0042114034
16791,0.0003662333
16792,0.0070800856
16793,0.014068574
16794,0.016815208
16795,0.020263683
16796,0.017242435
16797,0.024597172
16798,0.020294202
16799,0.012023925
16800,0.02044677
16801,0.023376456
16802,0.001800538
16803,-0.0024719243
16804,-0.011779784
16805,-0.011260987
16806,-0.0072631855
16807,-0.013549806
16808,-0.018218994
16809,-0.007781986
16810,-0.0178833
16811,-0.014770508
16812,-0.005126942
16813,-0.003570564
16814,0.000854481
16815,0.0035095327
16816,-0.0015258752
16817,-0.008392349
16818,-0.018493652
16819,-0.016540524
16820,-0.01107787
16821,-0.010070797
16822,0.010711666
16823,0.020599354
16824,0.027099606
16825,0.047485348
16826,0.04769897
16827,0.024475094
16828,0.028656004
16829,0.024536131
16830,0.01400757
16831,0.0029602014
16832,-0.0043640137
16833,-0.004119872
16834,0.0013122559
16835,-0.0045166016
16836,0.0039367713
16837,0.014526369
16838,0.018859861
16839,0.025970459
16840,0.036651596
16841,0.059814468
16842,0.06423951
16843,0.044128418
16844,0.031677246
16845,0.020416282
16846,-0.012634248
16847,-0.030029312
16848,-0.04138185
16849,-0.03671263
16850,-0.028015144
16851,-0.02999881
16852,-0.03375245
16853,-0.014770512
16854,-0.01919556
16855,-0.030609123
16856,-0.033905018
16857,-0.031249996
16858,-0.022155758
16859,-0.019104004
16860,-0.029724121
16861,-0.030883785
16862,-0.023223877
16863,-0.024963379
16864,-0.02642823
16865,-0.025634758
16866,-0.016815178
16867,-0.015319843
16868,-0.014251716
16869,-0.012359604
16870,-0.0047607347
16871,-0.0008850321
16872,0.011871342
16873,0.019836433
16874,0.022369377
16875,0.018096942
16876,0.009460453
16877,-0.0011596978
16878,-0.01419067
16879,-0.030761704
16880,-0.038909934
16881,-0.029937714
16882,-0.020507812
16883,-0.0062866136
16884,0.0039978027
16885,0.024414092
16886,0.04403685
16887,0.059204098
16888,0.0640564
16889,0.0715332
16890,0.061981194
16891,0.04467774
16892,0.017120358
16893,-0.006896967
16894,-0.018310547
16895,-0.028472899
16896,-0.035369866
16897,-0.030609127
16898,-0.014373781
16899,-0.0033569355
16900,0.013916015
16901,0.024566654
16902,0.028076172
16903,0.023925783
16904,0.0154418945
16905,0.005218504
16906,-0.0027770977
16907,-0.015533445
16908,-0.014434816
16909,-0.006927492
16910,-0.0033264155
16911,-0.0040893555
16912,-0.0083313
16913,-0.0017700181
16914,0.012084961
16915,0.008117676
16916,0.006378174
16917,0.01986694
16918,0.023010254
16919,0.018249515
16920,0.012023937
16921,0.004455555
16922,-0.0011291653
16923,-0.0012817271
16924,-0.010650635
16925,-0.006744411
16926,0.009918215
16927,0.014862075
16928,0.010375984
16929,0.0077209473
16930,0.007415775
16931,0.003326416
16932,-0.009429935
16933,-0.020355247
16934,-0.011108417
16935,0.0003051795
16936,0.008361828
16937,0.009613041
16938,0.013366692
16939,0.008514401
16940,0.009399407
16941,0.0005493313
16942,-0.010925297
16943,-0.024383567
16944,-0.024902359
16945,-0.031036362
16946,-0.032714844
16947,-0.035949722
16948,-0.027038578
16949,-0.012145994
16950,0.00680542
16951,0.018798828
16952,0.029663086
16953,0.031829834
16954,0.0206604
16955,0.014099121
16956,0.00894165
16957,-0.002166748
16958,-0.0070495605
16959,0.00073242
16960,0.0022583008
16961,0.0061950684
16962,-0.006225588
16963,-0.015380859
16964,-0.01660156
16965,-0.006469726
16966,-0.0075073233
16967,0.0050048833
16968,0.01470948
16969,0.0222168
16970,0.023590084
16971,0.03002929
16972,0.03503418
16973,0.031219494
16974,0.028228763
16975,0.040008537
16976,0.048400886
16977,0.036041282
16978,0.01919555
16979,0.013427712
16980,0.01766967
16981,0.009185776
16982,-0.0011291802
16983,-0.016662613
16984,-0.0057678074
16985,0.055969223
16986,0.1998291
16987,0.32635498
16988,0.34326172
16989,0.300476
16990,0.30859387
16991,0.34548962
16992,0.339691
16993,-0.03692603
16994,-0.69271845
16995,-0.9491271
16996,-0.9833679
16997,-1.4557495
16998,-1.706787
16999,-1.2286377
17000,-0.63024926
17001,-0.12402344
17002,0.3412783
17003,0.5881957
17004,0.5510253
17005,0.39715576
17006,0.2369082
17007,0.16967767
17008,0.11727893
17009,0.07669079
17010,0.10849029
17011,0.24212635
17012,0.4041139
17013,0.5289004
17014,0.5997313
17015,0.6427917
17016,0.6647036
17017,0.61889654
17018,0.51406866
17019,0.3832091
17020,0.2600708
17021,0.17166138
17022,0.13528436
17023,0.13433814
17024,0.1548155
17025,0.18765265
17026,0.21441627
17027,0.20327735
17028,0.15725696
17029,0.076324224
17030,-0.025848508
17031,-0.12188721
17032,-0.20910645
17033,-0.28381371
17034,-0.34024054
17035,-0.37924182
17036,-0.39254755
17037,-0.37255877
17038,-0.33737186
17039,-0.29357907
17040,-0.25839227
17041,-0.22955321
17042,-0.21749878
17043,-0.2216187
17044,-0.23986815
17045,-0.25836182
17046,-0.2677307
17047,-0.27087405
17048,-0.27917475
17049,-0.26959237
17050,-0.2397767
17051,-0.19332886
17052,-0.14944446
17053,-0.09256017
17054,-0.013153195
17055,0.07833874
17056,0.13687122
17057,0.20123261
17058,0.2817077
17059,0.31915295
17060,0.3363037
17061,0.37487787
17062,0.3781432
17063,0.32794186
17064,0.2997132
17065,0.27816772
17066,0.20440677
17067,0.113861084
17068,0.047180206
17069,-0.026519746
17070,-0.09213254
17071,-0.15441898
17072,-0.21646117
17073,-0.2571106
17074,-0.2784119
17075,-0.30621338
17076,-0.3219909
17077,-0.33691406
17078,-0.34918213
17079,-0.3589478
17080,-0.35995463
17081,-0.3395689
17082,-0.2904054
17083,-0.23074335
17084,-0.14971906
17085,-0.06430066
17086,0.020446718
17087,0.10449195
17088,0.17984009
17089,0.24734509
17090,0.3086853
17091,0.34426886
17092,0.36557025
17093,0.38128662
17094,0.38696295
17095,0.38546765
17096,0.36322024
17097,0.32791138
17098,0.2965393
17099,0.2625733
17100,0.22106934
17101,0.18670651
17102,0.14978018
17103,0.12118539
17104,0.088897884
17105,0.055755556
17106,0.026397675
17107,-0.0063170493
17108,-0.040618896
17109,-0.0642091
17110,-0.089141816
17111,-0.10455325
17112,-0.111694634
17113,-0.1203613
17114,-0.11489841
17115,-0.101745605
17116,-0.09536761
17117,-0.08337399
17118,-0.071380645
17119,-0.060852066
17120,-0.051086456
17121,-0.046905547
17122,-0.03805545
17123,-0.028381348
17124,-0.022918686
17125,-0.016784683
17126,-0.019622803
17127,-0.028839111
17128,-0.030792236
17129,-0.03793335
17130,-0.04876712
17131,-0.051055923
17132,-0.056243926
17133,-0.05969237
17134,-0.060058583
17135,-0.06378174
17136,-0.06799317
17137,-0.06915282
17138,-0.0770874
17139,-0.0743103
17140,-0.08111573
17141,-0.08364868
17142,-0.08044432
17143,-0.08422853
17144,-0.083618164
17145,-0.06478882
17146,-0.059387207
17147,-0.044677734
17148,-0.027648896
17149,-0.0033569187
17150,0.021728516
17151,0.035614043
17152,0.046783492
17153,0.07141113
17154,0.076293945
17155,0.07910159
17156,0.073913574
17157,0.073761
17158,0.086059585
17159,0.08880617
17160,0.07833863
17161,0.08041382
17162,0.08178712
17163,0.07998657
17164,0.06964112
17165,0.06347657
17166,0.06359863
17167,0.05725096
17168,0.043609604
17169,0.0401306
17170,0.026000977
17171,0.010192856
17172,-0.0010986477
17173,-0.012573227
17174,-0.015624985
17175,-0.013854995
17176,-0.0217285
17177,-0.015991196
17178,-0.014160156
17179,-0.026641846
17180,-0.030761734
17181,-0.034606934
17182,-0.03836058
17183,-0.04003907
17184,-0.050720256
17185,-0.04678347
17186,-0.04034425
17187,-0.038452156
17188,-0.032135013
17189,-0.02600098
17190,-0.022399904
17191,-0.007019043
17192,-0.011077882
17193,-0.008148193
17194,-0.012176514
17195,-0.01611328
17196,-0.018493652
17197,-0.01617432
17198,-0.027740479
17199,-0.018127427
17200,-0.02130125
17201,-0.017547611
17202,-0.016143806
17203,-0.010711651
17204,-0.014099129
17205,-0.008483913
17206,-0.014465325
17207,-0.006042473
17208,-0.0073852763
17209,9.1552734e-05
17210,0.007476814
17211,0.0136108175
17212,0.018127449
17213,0.039733894
17214,0.046234127
17215,0.055023186
17216,0.057861328
17217,0.06295776
17218,0.07034302
17219,0.061737064
17220,0.04724121
17221,0.045288086
17222,0.025543228
17223,-0.0076293945
17224,-0.028411873
17225,-0.048614472
17226,-0.052368153
17227,-0.05435183
17228,-0.049346916
17229,-0.03231809
17230,-0.009460444
17231,-0.0021972675
17232,0.01223755
17233,0.009155273
17234,0.007568363
17235,-0.0015869169
17236,-0.0075683603
17237,-0.011657715
17238,-0.0013732896
17239,-0.0045776386
17240,0.007965088
17241,0.009979251
17242,0.008361818
17243,-0.0045776386
17244,-0.012054441
17245,-0.030914303
17246,-0.035217278
17247,-0.04263305
17248,-0.028411865
17249,-0.024322513
17250,-0.014282223
17251,-0.005554192
17252,0.010864247
17253,0.008544903
17254,0.0124206655
17255,0.005310066
17256,0.011627197
17257,0.008514404
17258,-0.00015257858
17259,-0.013641359
17260,-0.021209717
17261,-0.038787834
17262,-0.043670647
17263,-0.051269546
17264,-0.049072273
17265,-0.03887938
17266,-0.022735596
17267,-0.018524207
17268,-0.02236937
17269,-0.0097350925
17270,0.013336182
17271,-0.0018005371
17272,-0.0115356445
17273,0.003631562
17274,0.015167251
17275,0.01556398
17276,0.013610855
17277,0.015899658
17278,0.029327378
17279,0.04125976
17280,0.040832542
17281,0.046997085
17282,0.049224835
17283,0.057952873
17284,0.060791023
17285,0.06942749
17286,0.06710815
17287,0.0699463
17288,0.06390379
17289,0.053131096
17290,0.02557373
17291,0.013214111
17292,-0.002136238
17293,-0.007080093
17294,-0.01916501
17295,-0.012451135
17296,-0.0018310547
17297,0.016845673
17298,0.0129700005
17299,0.01461792
17300,0.0042419285
17301,0.0051574633
17302,-0.008117668
17303,-0.013549812
17304,-0.028320298
17305,-0.029449448
17306,-0.040283196
17307,-0.03494263
17308,-0.039092995
17309,-0.0385437
17310,-0.03671266
17311,-0.017913822
17312,-0.009674069
17313,-0.0010681171
17314,0.00030517392
17315,0.0034484845
17316,-0.0007019052
17317,-0.0012512188
17318,0.0024719224
17319,0.010833738
17320,0.017089847
17321,0.023101805
17322,0.026611332
17323,0.030273426
17324,0.029357921
17325,0.018707268
17326,0.013214085
17327,0.004699722
17328,0.001251217
17329,-0.008209258
17330,-0.016693115
17331,-0.023071293
17332,-0.015838634
17333,-0.02368166
17334,-0.02423096
17335,-0.020812979
17336,-0.014068594
17337,-0.018615738
17338,-0.0140686035
17339,-0.0108947735
17340,-0.0028076153
17341,-0.0010375981
17342,0.00827026
17343,0.0032348605
17344,-0.008850097
17345,-0.027404781
17346,-0.035675045
17347,-0.051788323
17348,-0.055847164
17349,-0.05410766
17350,-0.03677369
17351,-0.017974883
17352,0.006225586
17353,0.018157952
17354,0.028289758
17355,0.027526852
17356,0.027679466
17357,0.022308342
17358,0.020843495
17359,0.009643551
17360,0.0053710938
17361,0.0007019043
17362,0.0048217773
17363,0.005584715
17364,0.008056641
17365,0.0024719238
17366,0.0074157715
17367,0.009918209
17368,0.010375977
17369,0.0029602083
17370,0.0044250498
17371,0.0018920889
17372,-0.0008544894
17373,-0.0033264123
17374,-0.0008544903
17375,-0.0016784668
17376,0.001434328
17377,0.0063781748
17378,0.011077879
17379,0.009490967
17380,0.012176514
17381,0.01809692
17382,0.01776123
17383,0.014465332
17384,0.0113830585
17385,0.008392332
17386,0.0014343262
17387,-0.0032653771
17388,-0.0016174354
17389,-0.00054931827
17390,-0.006164549
17391,-0.0017395038
17392,0.0019531231
17393,-0.0029907245
17394,-0.010467531
17395,-0.016815186
17396,-0.030731203
17397,-0.03726197
17398,-0.043792725
17399,-0.044342037
17400,-0.040710438
17401,-0.027252208
17402,-0.01821898
17403,-0.0036620833
17404,0.0033874437
17405,0.013122551
17406,0.016448975
17407,0.015167218
17408,0.006500244
17409,0.0024108961
17410,-0.000671383
17411,-0.005096428
17412,-0.0132751465
17413,-0.013366729
17414,-0.0071105994
17415,-0.0007629134
17416,0.007995609
17417,0.017578106
17418,0.021179203
17419,0.022583012
17420,0.02148439
17421,0.015899666
17422,0.010406494
17423,0.008300776
17424,0.009155275
17425,0.011138916
17426,0.013153077
17427,0.02096558
17428,0.02722168
17429,0.021972656
17430,0.010803223
17431,0.007019041
17432,0.002838133
17433,-0.005340577
17434,-0.011688233
17435,-0.011077884
17436,-0.007873538
17437,-0.0068969736
17438,-0.0025024395
17439,0.006866456
17440,0.006530761
17441,0.003509522
17442,0.0069885263
17443,0.00753784
17444,0.007507327
17445,0.011383056
17446,0.015686024
17447,0.021453843
17448,0.02587891
17449,0.033447266
17450,0.037445076
17451,0.024566654
17452,0.009613052
17453,0.0031738281
17454,-0.0010070913
17455,-0.009460468
17456,-0.014007583
17457,-0.00912476
17458,0.0044555515
17459,0.013183575
17460,0.019531265
17461,0.020935036
17462,0.018035859
17463,0.013488755
17464,0.0035705492
17465,-0.006378159
17466,-0.009124748
17467,-0.009979233
17468,-0.010437008
17469,-0.0067443512
17470,-0.0010070615
17471,-9.1552734e-05
17472,0.0005493127
17473,-0.002197262
17474,-0.004302975
17475,-0.005218491
17476,-0.0028381273
17477,-0.0010986589
17478,0.0056457296
17479,0.012969963
17480,0.021575924
17481,0.022613503
17482,0.026245125
17483,0.030792236
17484,0.030120842
17485,0.023101807
17486,0.016509995
17487,0.0104370415
17488,0.0031128377
17489,-0.0073242635
17490,-0.016479507
17491,-0.021026582
17492,-0.024414048
17493,-0.02896119
17494,-0.029144257
17495,-0.025634736
17496,-0.025329575
17497,-0.031280518
17498,-0.03689571
17499,-0.04525755
17500,-0.053588882
17501,-0.06427002
17502,-0.07153319
17503,-0.07577515
17504,-0.07687379
17505,-0.076843254
17506,-0.0723877
17507,-0.067291245
17508,-0.06271364
17509,-0.059570298
17510,-0.054229736
17511,-0.046447784
17512,-0.03738402
17513,-0.030761719
17514,-0.021453857
17515,-0.012023896
17516,-0.003570512
17517,0.0010680854
17518,0.0054626763
17519,0.006988585
17520,0.008911192
17521,0.009460449
17522,0.014099106
17523,0.024536133
17524,0.032989502
17525,0.038848862
17526,0.043701142
17527,0.052642807
17528,0.056365967
17529,0.05435179
17530,0.05090332
17531,0.050476067
17532,0.04757689
17533,0.04611209
17534,0.04217528
17535,0.040740937
17536,0.03994751
17537,0.03887941
17538,0.036193844
17539,0.03375245
17540,0.033843994
17541,0.03570556
17542,0.03744506
17543,0.03543091
17544,0.03213502
17545,0.03195191
17546,0.03182984
17547,0.025390625
17548,0.018646263
17549,0.015808098
17550,0.018127427
17551,0.026611313
17552,0.029388405
17553,0.029754639
17554,0.025817856
17555,0.023345917
17556,0.011444062
17557,-0.005371064
17558,-0.026092574
17559,-0.04373169
17560,-0.05953981
17561,-0.06414796
17562,-0.064300545
17563,-0.06198121
17564,-0.057464622
17565,-0.04956054
17566,-0.04125975
17567,-0.03601074
17568,-0.027099613
17569,-0.019989014
17570,-0.019226076
17571,-0.020355225
17572,-0.023162842
17573,-0.025878891
17574,-0.021820076
17575,-0.02230836
17576,-0.023681626
17577,-0.019744877
17578,-0.016357437
17579,-0.016235381
17580,-0.01971437
17581,-0.019988999
17582,-0.01156617
17583,-0.0033264458
17584,-0.0025939792
17585,0.006805457
17586,0.016662583
17587,0.02331546
17588,0.025421165
17589,0.027526833
17590,0.03237916
17591,0.041412372
17592,0.038909893
17593,0.038818363
17594,0.0426941
17595,0.04306029
17596,0.04034424
17597,0.034515385
17598,0.028778076
17599,0.027923577
17600,0.021972649
17601,0.016662613
17602,0.01901244
17603,0.015594479
17604,0.013916038
17605,0.018218994
17606,0.017425545
17607,0.020446785
17608,0.025634773
17609,0.0300598
17610,0.030792221
17611,0.027496323
17612,0.016754165
17613,0.0052184984
17614,-0.012298584
17615,-0.025054932
17616,-0.03381346
17617,-0.04220581
17618,-0.042510957
17619,-0.043151848
17620,-0.048400905
17621,-0.052368157
17622,-0.05203245
17623,-0.061614998
17624,-0.06460573
17625,-0.0670166
17626,-0.06344604
17627,-0.060119633
17628,-0.05636599
17629,-0.054229736
17630,-0.04235837
17631,-0.03649901
17632,-0.035064712
17633,-0.031066865
17634,-0.03182982
17635,-0.03274539
17636,-0.040740952
17637,-0.043365464
17638,-0.040161148
17639,-0.03292848
17640,-0.033050522
17641,-0.025939941
17642,-0.022186294
17643,-0.01852417
17644,-0.02166745
17645,-0.029693604
17646,-0.030090302
17647,-0.016937196
17648,-0.0090942085
17649,0.019012481
17650,0.07901004
17651,0.13485721
17652,0.18777466
17653,0.26492307
17654,0.34066767
17655,0.38113403
17656,0.40765375
17657,0.4420777
17658,0.48104835
17659,0.4824524
17660,0.45278925
17661,0.4255371
17662,0.3819579
17663,0.28860474
17664,0.16189587
17665,0.03262317
17666,-0.0946964
17667,-0.21316504
17668,-0.32428008
17669,-0.41293347
17670,-0.48269683
17671,-0.53421015
17672,-0.5811159
17673,-0.6182556
17674,-0.6520996
17675,-0.6785888
17676,-0.6951295
17677,-0.69692993
17678,-0.6936342
17679,-0.6919557
17680,-0.67889404
17681,-0.66995215
17682,-0.64486694
17683,-0.6037291
17684,-0.53610206
17685,-0.4348445
17686,-0.27770972
17687,-0.06768799
17688,0.15814209
17689,0.40374756
17690,0.66622925
17691,0.8933104
17692,1.0588683
17693,1.1838983
17694,1.2645872
17695,1.2783204
17696,1.2359924
17697,1.1948545
17698,1.137207
17699,1.0542603
17700,0.9634398
17701,0.84539795
17702,0.6888125
17703,0.5159912
17704,0.32928467
17705,0.1381836
17706,-0.061767578
17707,-0.24563575
17708,-0.40829492
17709,-0.5588689
17710,-0.69927955
17711,-0.81231654
17712,-0.89083886
17713,-0.93481433
17714,-0.9528805
17715,-0.9378663
17716,-0.88195837
17717,-0.80563354
17718,-0.7259826
17719,-0.64804065
17720,-0.5669555
17721,-0.4836427
17722,-0.4069516
17723,-0.33630347
17724,-0.26654053
17725,-0.19699061
17726,-0.13378882
17727,-0.067229986
17728,0.0008544922
17729,0.07955921
17730,0.15707397
17731,0.22818005
17732,0.3101499
17733,0.3869323
17734,0.44195557
17735,0.46496606
17736,0.4723817
17737,0.45889282
17738,0.42007446
17739,0.35095227
17740,0.29440302
17741,0.25604242
17742,0.21902466
17743,0.18258666
17744,0.17318724
17745,0.17687991
17746,0.17370605
17747,0.1704407
17748,0.16561878
17749,0.16430679
17750,0.16040039
17751,0.154724
17752,0.15289316
17753,0.16088873
17754,0.1578368
17755,0.15148938
17756,0.12707514
17757,0.08639526
17758,0.029357791
17759,-0.035858274
17760,-0.106048465
17761,-0.16894537
17762,-0.21603405
17763,-0.250183
17764,-0.2756347
17765,-0.29220578
17766,-0.29162574
17767,-0.28897092
17768,-0.28170782
17769,-0.2706299
17770,-0.25369263
17771,-0.23773198
17772,-0.2177429
17773,-0.20089723
17774,-0.18078613
17775,-0.15930176
17776,-0.14193726
17777,-0.12451166
17778,-0.10241696
17779,-0.08639535
17780,-0.07525647
17781,-0.059722632
17782,-0.045746
17783,-0.028534263
17784,-0.011077881
17785,0.0071718693
17786,0.019897401
17787,0.0400998
17788,0.05932629
17789,0.072143614
17790,0.08261114
17791,0.101379454
17792,0.12402341
17793,0.14361557
17794,0.15820318
17795,0.16723642
17796,0.17144771
17797,0.16986082
17798,0.16027835
17799,0.14379884
17800,0.12805176
17801,0.11480713
17802,0.10330202
17803,0.09320067
17804,0.08407594
17805,0.07867432
17806,0.07763669
17807,0.07354736
17808,0.06576535
17809,0.06021118
17810,0.052886993
17811,0.038024902
17812,0.018035889
17813,-0.0026549995
17814,-0.019134492
17815,-0.035003662
17816,-0.050048828
17817,-0.061645508
17818,-0.06225586
17819,-0.052734375
17820,-0.035278335
17821,-0.023193374
17822,-0.0119018555
17823,-0.004608169
17824,0.0025024414
17825,-0.003967285
17826,-0.019378647
17827,-0.02841185
17828,-0.024017304
17829,-0.016784638
17830,-0.010406494
17831,-0.0021362305
17832,0.009613052
17833,0.013732895
17834,0.004516557
17835,-0.0037231743
17836,-0.009094268
17837,-0.020904556
17838,-0.033233643
17839,-0.035827637
17840,-0.04055783
17841,-0.04858397
17842,-0.055328358
17843,-0.06344604
17844,-0.07525633
17845,-0.08505248
17846,-0.09848021
17847,-0.110839844
17848,-0.11862184
17849,-0.12124634
17850,-0.121917725
17851,-0.121093765
17852,-0.117492676
17853,-0.10974124
17854,-0.100128144
17855,-0.08792105
17856,-0.06448361
17857,-0.03149429
17858,0.0011901557
17859,0.029937804
17860,0.053222597
17861,0.073547244
17862,0.08557129
17863,0.08679193
17864,0.082733184
17865,0.08355713
17866,0.08361815
17867,0.07797244
17868,0.069549605
17869,0.06207274
17870,0.059997544
17871,0.05807498
17872,0.060577415
17873,0.07290648
17874,0.09112549
17875,0.10678103
17876,0.11346434
17877,0.108734116
17878,0.097290024
17879,0.078613296
17880,0.053497314
17881,0.031341568
17882,0.020141602
17883,0.01846312
17884,0.023071289
17885,0.027130097
17886,0.026062012
17887,0.022277832
17888,0.0140686035
17889,-0.0024414212
17890,-0.01657106
17891,-0.023071274
17892,-0.024078399
17893,-0.017761245
17894,-0.007812515
17895,-0.0064697266
17896,-0.013153091
17897,-0.024719253
17898,-0.042938232
17899,-0.062500015
17900,-0.07513431
17901,-0.073120125
17902,-0.055511497
17903,-0.034423847
17904,-0.018188491
17905,-0.0038757622
17906,0.004760742
17907,0.0016479865
17908,-0.0065002628
17909,-0.017639186
17910,-0.029327374
17911,-0.038970947
17912,-0.04763795
17913,-0.057037346
17914,-0.06314086
17915,-0.0636902
17916,-0.05761718
17917,-0.049652085
17918,-0.048400894
17919,-0.050170943
17920,-0.048004135
17921,-0.05038452
17922,-0.050293
17923,-0.040222168
17924,-0.021820053
17925,-0.0014648736
17926,0.02111815
17927,0.04071048
17928,0.051635742
17929,0.04971309
17930,0.041656494
17931,0.034332283
17932,0.025756828
17933,0.014862046
17934,0.008880593
17935,0.008026116
17936,0.0046692267
17937,0.0032043308
17938,0.007385254
17939,0.015167214
17940,0.02505494
17941,0.03375244
17942,0.04138183
17943,0.046783417
17944,0.0454712
17945,0.03857422
17946,0.027984604
17947,0.019592278
17948,0.016815187
17949,0.014801028
17950,0.012390136
17951,0.013000485
17952,0.017303467
17953,0.023132328
17954,0.029663086
17955,0.04052734
17956,0.04998778
17957,0.055236816
17958,0.055541985
17959,0.05310057
17960,0.044006333
17961,0.0319214
17962,0.023529053
17963,0.02111815
17964,0.015716568
17965,0.012481689
17966,0.00668332
17967,0.0007324368
17968,-0.007934555
17969,-0.020233184
17970,-0.03485109
17971,-0.044433564
17972,-0.048370376
17973,-0.053802535
17974,-0.057159424
17975,-0.058319114
17976,-0.056335483
17977,-0.049438477
17978,-0.039642327
17979,-0.03201295
17980,-0.01889038
17981,-0.005218504
17982,0.00820923
17983,0.0154418945
17984,0.016571043
17985,0.013305662
17986,0.008575439
17987,-0.0038146973
17988,-0.016143804
17989,-0.0249939
17990,-0.029876707
17991,-0.036102295
17992,-0.03704834
17993,-0.035949707
17994,-0.034820557
17995,-0.034698483
17996,-0.03399659
17997,-0.03915404
17998,-0.041961677
17999,-0.040679954
18000,-0.04144284
18001,-0.038452134
18002,-0.02972415
18003,-0.02172853
18004,-0.016693085
18005,-0.011108398
18006,-0.007080108
18007,-0.0022888333
18008,0.0059509277
18009,0.015655532
18010,0.02267456
18011,0.031463623
18012,0.041381866
18013,0.04534915
18014,0.04620362
18015,0.051330596
18016,0.053985603
18017,0.057403572
18018,0.059448265
18019,0.055725113
18020,0.048675522
18021,0.043670654
18022,0.037963875
18023,0.029144272
18024,0.016845692
18025,0.011108421
18026,0.008972168
18027,0.0043640137
18028,0.007751465
18029,0.018249556
18030,0.025787354
18031,0.02990722
18032,0.025054932
18033,0.012451172
18034,-0.005126983
18035,-0.020477287
18036,-0.029388413
18037,-0.029907227
18038,-0.029174805
18039,-0.024230957
18040,-0.01553347
18041,-0.0042419285
18042,0.0033874512
18043,0.0068664476
18044,0.011993423
18045,0.021972664
18046,0.031188931
18047,0.031097434
18048,0.02523806
18049,0.02307126
18050,0.020294204
18051,0.018951453
18052,0.022705048
18053,0.030029312
18054,0.033508345
18055,0.038726777
18056,0.035491943
18057,0.024292022
18058,0.007324204
18059,-0.011932403
18060,-0.029510483
18061,-0.047088623
18062,-0.061981216
18063,-0.06964112
18064,-0.0753479
18065,-0.084594704
18066,-0.08599853
18067,-0.08523562
18068,-0.083496094
18069,-0.07766722
18070,-0.060729988
18071,-0.04019168
18072,-0.023345925
18073,-0.01062008
18074,0.0045165867
18075,0.010040268
18076,0.007965095
18077,0.009307861
18078,0.00991822
18079,0.007720925
18080,0.007873535
18081,0.011810295
18082,0.017730713
18083,0.020233143
18084,0.022003192
18085,0.026611336
18086,0.026428204
18087,0.022247307
18088,0.018493677
18089,0.018463137
18090,0.0142517015
18091,0.0021362305
18092,-0.0061950665
18093,-0.008117674
18094,-0.009399418
18095,-0.009887695
18096,-0.009735107
18097,-0.0066528358
18098,-0.002807621
18099,-0.0037536696
18100,-0.009796146
18101,-0.0171814
18102,-0.028747544
18103,-0.04107667
18104,-0.046264663
18105,-0.04431148
18106,-0.036254883
18107,-0.023223922
18108,-0.010986313
18109,-0.004608169
18110,0.0032958537
18111,0.012695283
18112,0.014953613
18113,0.0146789625
18114,0.018493637
18115,0.023437493
18116,0.027465813
18117,0.02926638
18118,0.031280503
18119,0.036529504
18120,0.039489757
18121,0.04165651
18122,0.038696267
18123,0.03662109
18124,0.035949714
18125,0.03460694
18126,0.038513184
18127,0.04379273
18128,0.04721068
18129,0.051605236
18130,0.05111693
18131,0.03915403
18132,0.027313247
18133,0.016601562
18134,0.0041503534
18135,-0.0059814155
18136,-0.009124748
18137,-0.0064086914
18138,-0.0046081617
18139,-0.0061035156
18140,-0.010559067
18141,-0.016082756
18142,-0.021728508
18143,-0.028533943
18144,-0.03405763
18145,-0.03369138
18146,-0.027130108
18147,-0.02017213
18148,-0.016845714
18149,-0.014251679
18150,-0.01107787
18151,-0.008178718
18152,-0.0042419434
18153,0.0018615834
18154,0.004486084
18155,0.007232666
18156,0.0075378343
18157,0.006042488
18158,0.002349846
18159,-0.00146484
18160,-0.006896984
18161,-0.0061645433
18162,-0.0049438328
18163,-0.0036926195
18164,-0.0028991774
18165,0.00045776367
18166,0.001159668
18167,0.0028381348
18168,0.0040893555
18169,0.007904053
18170,0.011657709
18171,0.0126953125
18172,0.014831547
18173,0.013916023
18174,0.003143318
18175,-0.007995602
18176,-0.018615745
18177,-0.03137208
18178,-0.048461914
18179,-0.061065685
18180,-0.06582643
18181,-0.06295776
18182,-0.053192154
18183,-0.035217293
18184,-0.013946518
18185,0.0030212514
18186,0.012176517
18187,0.017181404
18188,0.016113289
18189,0.011566184
18190,0.002197262
18191,-0.0010681339
18192,0.0020751916
18193,0.005767826
18194,0.008117676
18195,0.011840824
18196,0.019622788
18197,0.02273561
18198,0.021698019
18199,0.018981924
18200,0.016784653
18201,0.014038091
18202,0.0124816885
18203,0.011047362
18204,0.009735107
18205,0.006225583
18206,-0.0020446782
18207,-0.013305664
18208,-0.023498535
18209,-0.02627563
18210,-0.027862543
18211,-0.026885979
18212,-0.02078247
18213,-0.016845707
18214,-0.016021729
18215,-0.01666259
18216,-0.015869152
18217,-0.014068618
18218,-0.011291496
18219,-0.0032348633
18220,0.006622296
18221,0.018920887
18222,0.03192138
18223,0.040771488
18224,0.049163803
18225,0.057861317
18226,0.06390381
18227,0.06649781
18228,0.06613158
18229,0.06774904
18230,0.06494139
18231,0.065765396
18232,0.08950809
18233,0.16418463
18234,0.28421032
18235,0.3715516
18236,0.3628235
18237,0.23626697
18238,0.14996338
18239,0.14773571
18240,0.19873017
18241,0.028564274
18242,-0.51895124
18243,-0.86785865
18244,-0.87173486
18245,-1.1513369
18246,-1.5803219
18247,-1.2253722
18248,-0.5163574
18249,0.08874512
18250,0.5817567
18251,0.86199975
18252,0.7791136
18253,0.5160519
18254,0.19448864
18255,0.006774962
18256,-0.058899105
18257,-0.1144104
18258,-0.10559082
18259,-0.0101928115
18260,0.12182623
18261,0.23394775
18262,0.30767825
18263,0.35827637
18264,0.40167224
18265,0.40795898
18266,0.3625183
18267,0.2778015
18268,0.18014526
18269,0.09927374
18270,0.05569452
18271,0.041534364
18272,0.058135986
18273,0.10208136
18274,0.14825433
18275,0.16250604
18276,0.14297482
18277,0.1028139
18278,0.056091487
18279,0.009185791
18280,-0.034637332
18281,-0.08169556
18282,-0.13229334
18283,-0.18374625
18284,-0.23251355
18285,-0.26156616
18286,-0.2570189
18287,-0.20471184
18288,-0.13348381
18289,-0.078369215
18290,-0.019958526
18291,0.011840835
18292,-0.0072631836
18293,-0.0054321587
18294,-0.02575685
18295,-0.07476804
18296,-0.07113649
18297,-0.03649905
18298,-0.02322387
18299,-0.04779052
18300,-0.12072756
18301,-0.1730957
18302,-0.19049071
18303,-0.250885
18304,-0.30609137
18305,-0.2840882
18306,-0.21664429
18307,-0.16128528
18308,-0.11526477
18309,-0.09033209
18310,-0.07800296
18311,-0.07275379
18312,-0.08431998
18313,-0.11184716
18314,-0.12359631
18315,-0.11904919
18316,-0.09844959
18317,-0.0698244
18318,-0.023895323
18319,0.0403136
18320,0.10012835
18321,0.14743048
18322,0.1943053
18323,0.23764032
18324,0.27365136
18325,0.29757687
18326,0.30343622
18327,0.31405646
18328,0.31253055
18329,0.2782897
18330,0.2490235
18331,0.23995973
18332,0.22079471
18333,0.1980896
18334,0.18728638
18335,0.18075556
18336,0.16433728
18337,0.14425653
18338,0.1275635
18339,0.106536835
18340,0.084869444
18341,0.060516268
18342,0.039734066
18343,0.01867652
18344,-0.0001219511
18345,-0.013122618
18346,-0.01840204
18347,-0.036529362
18348,-0.0679017
18349,-0.084869474
18350,-0.09368873
18351,-0.13980106
18352,-0.18246475
18353,-0.17987067
18354,-0.17864984
18355,-0.20407107
18356,-0.20071398
18357,-0.1740417
18358,-0.1671143
18359,-0.16384889
18360,-0.1437378
18361,-0.12826538
18362,-0.12081908
18363,-0.109893814
18364,-0.09698485
18365,-0.082458496
18366,-0.06295778
18367,-0.040374726
18368,-0.014526367
18369,0.0031738281
18370,0.011505157
18371,0.010833755
18372,0.011627212
18373,0.011627197
18374,-0.0047302097
18375,-0.019134507
18376,0.0045165718
18377,0.011932388
18378,-0.020019546
18379,-0.003540039
18380,0.039031997
18381,0.03427124
18382,0.013488799
18383,0.030242905
18384,0.043395996
18385,0.027679473
18386,0.019805893
18387,0.034393296
18388,0.042236313
18389,0.04840088
18390,0.055694595
18391,0.060882576
18392,0.061218284
18393,0.058013957
18394,0.05130004
18395,0.045806885
18396,0.038299575
18397,0.030578611
18398,0.032440178
18399,0.036346436
18400,0.03253173
18401,0.025299065
18402,0.018859856
18403,0.017791763
18404,0.0065002367
18405,0.0018615723
18406,0.0082092285
18407,0.014190681
18408,0.012664802
18409,0.012817383
18410,0.0154113695
18411,0.0111389235
18412,0.0060424954
18413,0.0057678223
18414,0.008056611
18415,0.010009773
18416,0.012115493
18417,0.01956176
18418,0.030181892
18419,0.032257095
18420,0.029144287
18421,0.02633664
18422,0.013580322
18423,-0.0071410984
18424,-0.02130127
18425,-0.01763916
18426,-0.013305649
18427,-0.050689712
18428,-0.050628692
18429,0.00097657
18430,-0.016784642
18431,-0.070678726
18432,-0.040710457
18433,-0.0014038198
18434,-0.0479126
18435,-0.091430634
18436,-0.055236805
18437,-0.022216827
18438,-0.05267333
18439,-0.057830803
18440,-0.020080559
18441,-0.0047302283
18442,-0.012634277
18443,-0.006072987
18444,0.009857178
18445,0.021423329
18446,0.027343765
18447,0.0354004
18448,0.04180907
18449,0.030883778
18450,0.015350342
18451,0.0093688965
18452,0.009948732
18453,0.0034179697
18454,0.00045776274
18455,0.003356935
18456,0.00045776367
18457,-0.008636474
18458,-0.009826661
18459,-0.0036315923
18460,0.0044555664
18461,-0.009429931
18462,-0.013977049
18463,0.023529056
18464,0.035339355
18465,0.0048217773
18466,0.0024719238
18467,0.03729248
18468,0.029541016
18469,-0.009735111
18470,-0.012481688
18471,0.0099487305
18472,-0.0047302283
18473,-0.018676763
18474,-0.013092041
18475,-0.012664797
18476,-0.021881104
18477,-0.021362308
18478,-0.023040771
18479,-0.026489256
18480,-0.027648926
18481,-0.026031496
18482,-0.011688232
18483,-0.0042419434
18484,-0.0051574744
18485,-0.004577644
18486,-0.0042724684
18487,-0.0055236705
18488,-0.008148193
18489,-0.015258789
18490,-0.014221169
18491,-0.0032348633
18492,0.005035408
18493,-0.010559063
18494,-0.016357422
18495,0.01678466
18496,0.01757814
18497,-0.02636718
18498,-0.017791755
18499,0.027160645
18500,0.008636482
18501,-0.026947014
18502,-0.011169434
18503,0.005554192
18504,-0.020507816
18505,-0.034729015
18506,-0.022613525
18507,-0.016815186
18508,-0.022247337
18509,-0.012786858
18510,0.003753662
18511,0.0042113885
18512,0.0044555888
18513,0.012176536
18514,0.016082756
18515,0.018463112
18516,0.02136232
18517,0.025360081
18518,0.034912094
18519,0.04199218
18520,0.041168217
18521,0.04446411
18522,0.043701172
18523,0.036010735
18524,0.037994385
18525,0.041015625
18526,0.027923584
18527,-0.007720936
18528,-0.046295173
18529,0.006011959
