0,-0.12573244
1,-0.12524414
2,-0.16497804
3,-0.18453981
4,-0.20996086
5,-0.22650146
6,-0.24890134
7,-0.26309198
8,-0.28097537
9,-0.29397583
10,-0.31402588
11,-0.330719
12,-0.34680176
13,-0.36141968
14,-0.3740234
15,-0.3802185
16,-0.3829651
17,-0.3833924
18,-0.38156128
19,-0.37265012
20,-0.355011
21,-0.33239752
22,-0.27606207
23,-0.22586057
24,-0.20709227
25,-0.17291257
26,-0.14675908
27,-0.109954864
28,-0.086456314
29,-0.054931685
30,-0.028564438
31,0.004150383
32,0.032714866
33,0.061035156
34,0.08050537
35,0.09542845
36,0.103576645
37,0.10516353
38,0.09631346
39,0.08230589
40,0.049468994
41,0.018524185
42,-0.016021717
43,-0.056762733
44,-0.1146851
45,-0.17745972
46,-0.22100823
47,-0.27554315
48,-0.31274426
49,-0.3422547
50,-0.34585565
51,-0.33322158
52,-0.3019714
53,-0.26562506
54,-0.2238769
55,-0.18759161
56,-0.1491698
57,-0.10675049
58,-0.05682367
59,0.0014954209
60,0.06591791
61,0.14053348
62,0.22360225
63,0.31314084
64,0.40563965
65,0.49893194
66,0.58279425
67,0.66638184
68,0.7646179
69,0.84350574
70,0.9085693
71,0.94757074
72,0.9739074
73,0.97058105
74,0.9543152
75,0.91729736
76,0.8764342
77,0.826416
78,0.7764281
79,0.7208252
80,0.66525275
81,0.6019593
82,0.5401916
83,0.47619638
84,0.415924
85,0.34680176
86,0.26904297
87,0.19390872
88,0.10147099
89,0.027007982
90,-0.027771078
91,-0.07507332
92,-0.118530154
93,-0.15802002
94,-0.19161989
95,-0.22375476
96,-0.25347906
97,-0.283966
98,-0.3035278
99,-0.31542963
100,-0.31643677
101,-0.31277466
102,-0.31198126
103,-0.30722052
104,-0.30279535
105,-0.30090335
106,-0.2896423
107,-0.28598022
108,-0.27767944
109,-0.26516724
110,-0.25106812
111,-0.22555545
112,-0.19891363
113,-0.16076666
114,-0.12313825
115,-0.08343512
116,-0.050689787
117,-0.014159977
118,0.018096924
119,0.053772062
120,0.08630377
121,0.11816406
122,0.13827524
123,0.1517028
124,0.14596555
125,0.124206394
126,0.08142096
127,0.022033632
128,-0.055419877
129,-0.1399536
130,-0.2286072
131,-0.32077026
132,-0.40957642
133,-0.50878906
134,-0.6015319
135,-0.6956481
136,-0.77209485
137,-0.8345947
138,-0.8739623
139,-0.8968813
140,-0.89315796
141,-0.868103
142,-0.8282775
143,-0.7785035
144,-0.720642
145,-0.6600952
146,-0.58740234
147,-0.51654047
148,-0.44128418
149,-0.36618045
150,-0.302185
151,-0.23300168
152,-0.16723634
153,-0.10839843
154,-0.058136016
155,-0.027252138
156,-0.005920291
157,-0.0010985881
158,0.0042417347
159,0.0046081096
160,0.0110474825
161,0.013030827
162,0.016845718
163,0.017700016
164,0.008117661
165,-0.0046692938
166,-0.01571656
167,-0.025054924
168,-0.019134328
169,-0.004455425
170,0.028686415
171,0.0722962
172,0.13153069
173,0.19927979
174,0.2752991
175,0.35205084
176,0.43167114
177,0.50830084
178,0.57958984
179,0.63928217
180,0.6857299
181,0.71173096
182,0.722229
183,0.7122802
184,0.6876221
185,0.6499939
186,0.6065368
187,0.55737305
188,0.5048522
189,0.45202643
190,0.39370733
191,0.34597784
192,0.296997
193,0.25949103
194,0.2278442
195,0.20321654
196,0.17578126
197,0.1568909
198,0.13409425
199,0.12857057
200,0.12576286
201,0.1392517
202,0.15426646
203,0.17492676
204,0.1921996
205,0.21139537
206,0.22201543
207,0.2233582
208,0.22738652
209,0.22384647
210,0.22470097
211,0.22521965
212,0.21957392
213,0.21929921
214,0.21313483
215,0.20791623
216,0.20883182
217,0.21090701
218,0.21298218
219,0.22348024
220,0.23617552
221,0.25930786
222,0.2858581
223,0.31884763
224,0.34606946
225,0.37265015
226,0.3875426
227,0.39297497
228,0.39010626
229,0.3771363
230,0.3565064
231,0.3303528
232,0.2935792
233,0.25418085
234,0.2079467
235,0.15801992
236,0.101562575
237,0.04437253
238,-0.018371552
239,-0.0798645
240,-0.1419068
241,-0.20126347
242,-0.25622562
243,-0.3088074
244,-0.35446167
245,-0.39764407
246,-0.4326172
247,-0.4612732
248,-0.48583978
249,-0.50970465
250,-0.5305786
251,-0.54833984
252,-0.56677246
253,-0.5726318
254,-0.5762329
255,-0.5697631
256,-0.551239
257,-0.53274536
258,-0.5084838
259,-0.48406985
260,-0.46270746
261,-0.44259644
262,-0.41894534
263,-0.40359497
264,-0.3852844
265,-0.37414545
266,-0.36050412
267,-0.3550721
268,-0.34515375
269,-0.33566287
270,-0.3239746
271,-0.30886844
272,-0.29473877
273,-0.27490234
274,-0.26284793
275,-0.24624632
276,-0.23757938
277,-0.22595213
278,-0.21365356
279,-0.1972656
280,-0.17712402
281,-0.1539307
282,-0.13034056
283,-0.105682366
284,-0.0791626
285,-0.057525627
286,-0.037200913
287,-0.023345977
288,-0.012329144
289,-0.005737271
290,0.0005187392
291,0.0048218295
292,0.008483902
293,0.018951371
294,0.02947995
295,0.050598145
296,0.0757446
297,0.09933475
298,0.12619016
299,0.15322877
300,0.17425534
301,0.19555669
302,0.2154235
303,0.23046875
304,0.24011232
305,0.2421875
306,0.23669437
307,0.22747806
308,0.21670532
309,0.20635986
310,0.20043942
311,0.1968384
312,0.19400021
313,0.19177252
314,0.18655391
315,0.18499753
316,0.17974852
317,0.17675778
318,0.17858885
319,0.1770935
320,0.18048094
321,0.17980957
322,0.17651367
323,0.16589357
324,0.15606695
325,0.1411438
326,0.13293457
327,0.124359146
328,0.12036131
329,0.11929321
330,0.119720474
331,0.11727904
332,0.109771684
333,0.09912118
334,0.08697504
335,0.072143614
336,0.05834961
337,0.039978027
338,0.028045654
339,0.012634277
340,-0.0010375679
341,-0.00970459
342,-0.020507805
343,-0.03448487
344,-0.043457024
345,-0.058441162
346,-0.0724792
347,-0.08535766
348,-0.09484862
349,-0.10293579
350,-0.10849
351,-0.11007691
352,-0.10836789
353,-0.100677416
354,-0.092559755
355,-0.079254255
356,-0.062835604
357,-0.044189513
358,-0.024658203
359,-0.008453369
360,0.0058898926
361,0.009002686
362,0.008605987
363,0.007232636
364,-6.094575e-05
365,-0.0057373345
366,-0.0132446885
367,-0.018188536
368,-0.028900087
369,-0.03616339
370,-0.046081483
371,-0.048431367
372,-0.05505371
373,-0.05923459
374,-0.06448361
375,-0.06616208
376,-0.0690307
377,-0.06655893
378,-0.06298819
379,-0.053375334
380,-0.04019168
381,-0.024108857
382,-0.0049743652
383,0.01373291
384,0.029602036
385,0.04565431
386,0.056701586
387,0.07052612
388,0.07922365
389,0.09637457
390,0.109008685
391,0.12152104
392,0.12841795
393,0.13177489
394,0.12860107
395,0.12380983
396,0.11450192
397,0.106597885
398,0.101593
399,0.09793092
400,0.0909118
401,0.087463394
402,0.07702635
403,0.07232666
404,0.055633575
405,0.046264634
406,0.031280503
407,0.014373794
408,-3.0577183e-05
409,-0.011413544
410,-0.029327393
411,-0.044616714
412,-0.060272336
413,-0.080657914
414,-0.09942627
415,-0.12521361
416,-0.14682011
417,-0.17468262
418,-0.1966248
419,-0.22375496
420,-0.24639894
421,-0.2722167
422,-0.29724133
423,-0.32260126
424,-0.34933484
425,-0.37078854
426,-0.3913268
427,-0.40020752
428,-0.40774536
429,-0.40701294
430,-0.4004517
431,-0.3928833
432,-0.37853998
433,-0.36904907
434,-0.34890747
435,-0.327362
436,-0.29473877
437,-0.26068118
438,-0.21365356
439,-0.16921997
440,-0.12216188
441,-0.08337398
442,-0.04934697
443,-0.021636918
444,0.0030212104
445,0.021698028
446,0.040008605
447,0.05725093
448,0.07788079
449,0.10119629
450,0.12866214
451,0.15509033
452,0.18356335
453,0.20483395
454,0.23306271
455,0.2540893
456,0.28244025
457,0.30938715
458,0.33993533
459,0.3724976
460,0.40447998
461,0.43649295
462,0.46899414
463,0.5012512
464,0.52734375
465,0.5534973
466,0.57315063
467,0.5836792
468,0.5910646
469,0.5866699
470,0.58389276
471,0.5709839
472,0.56311035
473,0.55026245
474,0.53573614
475,0.51937866
476,0.5065612
477,0.49560544
478,0.48214728
479,0.47079462
480,0.45272833
481,0.439148
482,0.41604614
483,0.39492798
484,0.3649292
485,0.33410645
486,0.29907227
487,0.26031488
488,0.22546387
489,0.18792723
490,0.15963748
491,0.1269226
492,0.10171506
493,0.07037353
494,0.04617308
495,0.01699832
496,-0.009246893
497,-0.03750608
498,-0.061370842
499,-0.07989503
500,-0.097412124
501,-0.11523433
502,-0.1372681
503,-0.1625061
504,-0.19497682
505,-0.22131348
506,-0.25335696
507,-0.2760926
508,-0.2987671
509,-0.3175659
510,-0.334961
511,-0.34481812
512,-0.35092172
513,-0.35241696
514,-0.35485828
515,-0.3586731
516,-0.36871338
517,-0.38226318
518,-0.3959046
519,-0.41271973
520,-0.43225098
521,-0.4526062
522,-0.47494507
523,-0.49511713
524,-0.5121155
525,-0.52227783
526,-0.5272827
527,-0.52948
528,-0.5325928
529,-0.5377503
530,-0.55010986
531,-0.5577087
532,-0.5681458
533,-0.5704651
534,-0.570923
535,-0.5606689
536,-0.55062854
537,-0.53118896
538,-0.5158386
539,-0.49389648
540,-0.47640997
541,-0.45681763
542,-0.4421692
543,-0.4269104
544,-0.40975952
545,-0.3869018
546,-0.3565979
547,-0.3240662
548,-0.28179932
549,-0.24139401
550,-0.18975829
551,-0.14035028
552,-0.08377076
553,-0.030456565
554,0.021301307
555,0.06588744
556,0.1066285
557,0.1386413
558,0.16644281
559,0.1908264
560,0.2126465
561,0.23870847
562,0.26202393
563,0.29049683
564,0.3086548
565,0.33068848
566,0.34103394
567,0.35443115
568,0.36297607
569,0.37191772
570,0.38409424
571,0.39486694
572,0.41125488
573,0.4230652
574,0.4398498
575,0.4492798
576,0.45721436
577,0.45037842
578,0.43692023
579,0.40988156
580,0.3787536
581,0.34552002
582,0.3164978
583,0.29260254
584,0.27539065
585,0.26986694
586,0.27264404
587,0.28378296
588,0.2960205
589,0.3042297
590,0.30407715
591,0.29455566
592,0.27682495
593,0.25338745
594,0.22924803
595,0.20553593
596,0.18688963
597,0.16333005
598,0.14529422
599,0.12704465
600,0.10668951
601,0.09039305
602,0.07476802
603,0.06149295
604,0.048919678
605,0.032928467
606,0.023254395
607,0.007598877
608,-0.0038147122
609,-0.015624985
610,-0.026062027
611,-0.039642334
612,-0.05633545
613,-0.073913574
614,-0.09475708
615,-0.108032234
616,-0.12585449
617,-0.13726807
618,-0.15203856
619,-0.15637207
620,-0.16140747
621,-0.15939331
622,-0.15408328
623,-0.1378784
624,-0.119537376
625,-0.09478759
626,-0.06982421
627,-0.048675537
628,-0.032196067
629,-0.026306156
630,-0.020019531
631,-0.027282707
632,-0.030303963
633,-0.038085893
634,-0.03762819
635,-0.0340271
636,-0.026489243
637,-0.016418472
638,-0.008117691
639,-0.00064088404
640,-0.000732407
641,0.0023193508
642,-0.00064086914
643,0.0033874512
644,0.0049743354
645,0.015228286
646,0.021759048
647,0.030975297
648,0.035247818
649,0.040008552
650,0.03741453
651,0.030853242
652,0.017364517
653,0.000518769
654,-0.017242417
655,-0.031951882
656,-0.043731697
657,-0.049804706
658,-0.050872818
659,-0.046508774
660,-0.044006348
661,-0.038757324
662,-0.035034172
663,-0.03024292
664,-0.029480003
665,-0.02719117
666,-0.025543183
667,-0.026550286
668,-0.024902351
669,-0.033416748
670,-0.042175293
671,-0.04833985
672,-0.053771958
673,-0.048736587
674,-0.037475556
675,-0.021392815
676,-3.053248e-05
677,0.023986816
678,0.048645005
679,0.071319565
680,0.092315644
681,0.101135254
682,0.10507202
683,0.101684555
684,0.09167479
685,0.07150268
686,0.051696792
687,0.027526854
688,0.002746595
689,-0.026641876
690,-0.048706047
691,-0.07037353
692,-0.08517458
693,-0.098236084
694,-0.106292725
695,-0.11279296
696,-0.11138918
697,-0.10198973
698,-0.08728027
699,-0.06735231
700,-0.051727265
701,-0.04147339
702,-0.039093018
703,-0.042053223
704,-0.04940796
705,-0.05508423
706,-0.06585693
707,-0.07589725
708,-0.0870361
709,-0.09725954
710,-0.109313965
711,-0.11752322
712,-0.12417604
713,-0.1285095
714,-0.12542725
715,-0.122406006
716,-0.11154175
717,-0.1066284
718,-0.09854128
719,-0.09832763
720,-0.09698487
721,-0.09936522
722,-0.09823607
723,-0.098236084
724,-0.098022446
725,-0.096527115
726,-0.08944704
727,-0.08343507
728,-0.06787111
729,-0.04977417
730,-0.02563472
731,-0.0054016113
732,0.018676713
733,0.038391124
734,0.054290786
735,0.07147216
736,0.08984375
737,0.10513305
738,0.11785889
739,0.12564088
740,0.12600707
741,0.11993407
742,0.10562132
743,0.085449226
744,0.061981186
745,0.042114258
746,0.026367188
747,0.019500718
748,0.015624989
749,0.015777573
750,0.019470215
751,0.028320335
752,0.032226577
753,0.043548577
754,0.051788315
755,0.062713645
756,0.06637576
757,0.06857298
758,0.061614987
759,0.055908203
760,0.046356186
761,0.04077147
762,0.030059827
763,0.01983641
764,0.006469718
765,-0.011138937
766,-0.02816772
767,-0.04565431
768,-0.054718025
769,-0.064971924
770,-0.06906127
771,-0.07492065
772,-0.073791504
773,-0.07696533
774,-0.072631866
775,-0.072723396
776,-0.068511955
777,-0.066833496
778,-0.063171394
779,-0.066101044
780,-0.07260132
781,-0.080871575
782,-0.091918945
783,-0.09790041
784,-0.10067748
785,-0.08963011
786,-0.0697937
787,-0.044250526
788,-0.018249497
789,0.006286621
790,0.026611328
791,0.041900665
792,0.051116973
793,0.05996704
794,0.06304932
795,0.060791016
796,0.05960083
797,0.057769775
798,0.05603029
799,0.05590819
800,0.060729973
801,0.06842039
802,0.08135986
803,0.09460449
804,0.10906981
805,0.12438965
806,0.140625
807,0.16201782
808,0.1840515
809,0.2138672
810,0.24386595
811,0.27267456
812,0.2927246
813,0.30422974
814,0.3067932
815,0.3050232
816,0.29244995
817,0.27740476
818,0.2553711
819,0.23092651
820,0.20285036
821,0.1722107
822,0.14248657
823,0.113555886
824,0.09259032
825,0.07147216
826,0.05682374
827,0.035980225
828,0.019103996
829,-0.006103527
830,-0.02990723
831,-0.052886948
832,-0.07150268
833,-0.084686294
834,-0.097290054
835,-0.10757446
836,-0.11761477
837,-0.12747194
838,-0.13650511
839,-0.1369934
840,-0.13815306
841,-0.12734985
842,-0.11203006
843,-0.09317016
844,-0.07043455
845,-0.04046633
846,-0.008697532
847,0.02456665
848,0.056976333
849,0.087615974
850,0.112335205
851,0.12875366
852,0.13208008
853,0.1261902
854,0.11437988
855,0.09655762
856,0.08032228
857,0.06448363
858,0.05236815
859,0.03640747
860,0.021850586
861,0.0060424954
862,-0.013275132
863,-0.03567505
864,-0.058074966
865,-0.08044435
866,-0.102447525
867,-0.123992905
868,-0.15036009
869,-0.17404175
870,-0.19830321
871,-0.22253418
872,-0.24679565
873,-0.2711792
874,-0.2886047
875,-0.30877686
876,-0.3232727
877,-0.33816528
878,-0.34579468
879,-0.35183713
880,-0.35076904
881,-0.35083008
882,-0.34118652
883,-0.33590698
884,-0.31710815
885,-0.3045654
886,-0.2856446
887,-0.26287842
888,-0.24011232
889,-0.21575926
890,-0.19824216
891,-0.18350218
892,-0.17581175
893,-0.16110231
894,-0.15457153
895,-0.14529419
896,-0.13519287
897,-0.12539673
898,-0.121032715
899,-0.11169433
900,-0.10717772
901,-0.09680173
902,-0.08679198
903,-0.065765396
904,-0.042907737
905,-0.01168824
906,0.02468872
907,0.06552125
908,0.102630615
909,0.13558963
910,0.1593628
911,0.17358398
912,0.18194579
913,0.1795044
914,0.1729126
915,0.16244505
916,0.14898682
917,0.13226317
918,0.11511229
919,0.10479737
920,0.10290526
921,0.11175539
922,0.122955315
923,0.13317871
924,0.1434631
925,0.15338135
926,0.16259766
927,0.17398068
928,0.18414307
929,0.19882202
930,0.21051027
931,0.21929933
932,0.22653198
933,0.2362976
934,0.24645995
935,0.25878906
936,0.27178955
937,0.27920532
938,0.28219604
939,0.28353882
940,0.27514648
941,0.2669983
942,0.255188
943,0.23800659
944,0.21704103
945,0.2027588
946,0.18603516
947,0.17514038
948,0.16061401
949,0.15057373
950,0.12872314
951,0.108306855
952,0.08187869
953,0.057861328
954,0.0407715
955,0.028533943
956,0.026489252
957,0.032867447
958,0.05111693
959,0.06710818
960,0.089874275
961,0.115600586
962,0.13708496
963,0.15362547
964,0.16958615
965,0.1739502
966,0.17724611
967,0.17120358
968,0.1612854
969,0.13772582
970,0.10971069
971,0.07095337
972,0.026061997
973,-0.024688732
974,-0.07489013
975,-0.11843871
976,-0.15783688
977,-0.1892395
978,-0.21728513
979,-0.2409973
980,-0.26559448
981,-0.2862854
982,-0.30313107
983,-0.31158447
984,-0.30960083
985,-0.3000183
986,-0.29040527
987,-0.28002933
988,-0.27078247
989,-0.26211545
990,-0.25424194
991,-0.24035646
992,-0.22442628
993,-0.20574951
994,-0.18054199
995,-0.15798949
996,-0.13156131
997,-0.106109634
998,-0.08255006
999,-0.0668335
1000,-0.05313112
1001,-0.053710915
1002,-0.058532692
1003,-0.06002806
1004,-0.06076048
1005,-0.06814577
1006,-0.070892334
1007,-0.07727048
1008,-0.08609008
1009,-0.08438112
1010,-0.084198
1011,-0.07702636
1012,-0.07012939
1013,-0.06015015
1014,-0.045837417
1015,-0.030914307
1016,-0.010467533
1017,0.010925284
1018,0.035644528
1019,0.060363766
1020,0.0807495
1021,0.09451294
1022,0.09939575
1023,0.097137436
1024,0.0845642
1025,0.071075425
1026,0.050872803
1027,0.027221695
1028,0.0020752084
1029,-0.018341057
1030,-0.034942623
1031,-0.044158913
1032,-0.051391616
1033,-0.052093506
1034,-0.05630494
1035,-0.060089096
1036,-0.061981194
1037,-0.064086914
1038,-0.0656128
1039,-0.070312485
1040,-0.074279785
1041,-0.082397476
1042,-0.08248902
1043,-0.078826904
1044,-0.07052611
1045,-0.055236816
1046,-0.032470703
1047,-0.0074157864
1048,0.018066406
1049,0.043853775
1050,0.06719971
1051,0.08621213
1052,0.103698716
1053,0.11111453
1054,0.119018555
1055,0.12539673
1056,0.13406372
1057,0.13778688
1058,0.13995361
1059,0.13916016
1060,0.13677979
1061,0.13940427
1062,0.13925172
1063,0.14468385
1064,0.14511108
1065,0.14837646
1066,0.1463318
1067,0.14990234
1068,0.14715576
1069,0.14190674
1070,0.13378906
1071,0.13259888
1072,0.12667847
1073,0.12255856
1074,0.115173325
1075,0.10040283
1076,0.08380127
1077,0.051147446
1078,0.019561771
1079,-0.016632095
1080,-0.05145262
1081,-0.081726074
1082,-0.10705565
1083,-0.12661743
1084,-0.14453125
1085,-0.165802
1086,-0.19262694
1087,-0.22210693
1088,-0.2526856
1089,-0.2821961
1090,-0.30816653
1091,-0.32479855
1092,-0.331604
1093,-0.32870477
1094,-0.32067865
1095,-0.30175787
1096,-0.27984607
1097,-0.2510987
1098,-0.22048953
1099,-0.1859436
1100,-0.14196777
1101,-0.08874512
1102,-0.029083252
1103,0.031494126
1104,0.090362564
1105,0.14108278
1106,0.18737793
1107,0.22619627
1108,0.25759888
1109,0.2784729
1110,0.2928772
1111,0.30279547
1112,0.31149295
1113,0.32150272
1114,0.3321534
1115,0.3376769
1116,0.33843985
1117,0.32986465
1118,0.31588748
1119,0.30145273
1120,0.28698725
1121,0.28250113
1122,0.28036505
1123,0.2768554
1124,0.27810663
1125,0.28375244
1126,0.29446402
1127,0.30273432
1128,0.3237914
1129,0.3403625
1130,0.36105347
1131,0.3793335
1132,0.40512094
1133,0.43304437
1134,0.46621698
1135,0.48956284
1136,0.5014649
1137,0.48635855
1138,0.45846564
1139,0.40597546
1140,0.34075928
1141,0.25836188
1142,0.16311653
1143,0.05682376
1144,-0.061309848
1145,-0.18157955
1146,-0.30047607
1147,-0.42102045
1148,-0.5411988
1149,-0.6621093
1150,-0.7863464
1151,-0.90060425
1152,-1.0002136
1153,-1.0683291
1154,-1.1175841
1155,-1.1455079
1156,-1.1578064
1157,-1.1529541
1158,-1.130585
1159,-1.0866698
1160,-1.0228273
1161,-0.9437561
1162,-0.84875494
1163,-0.7441407
1164,-0.63037115
1165,-0.51651
1166,-0.40771484
1167,-0.30273443
1168,-0.2125854
1169,-0.13278198
1170,-0.065216005
1171,-0.00018307567
1172,0.05316168
1173,0.10144046
1174,0.13378908
1175,0.15609746
1176,0.1634521
1177,0.15802
1178,0.14007573
1179,0.114593595
1180,0.09173581
1181,0.07543957
1182,0.06744391
1183,0.06570418
1184,0.064971834
1185,0.061523408
1186,0.05633545
1187,0.045288056
1188,0.035888582
1189,0.034515455
1190,0.034759536
1191,0.046417177
1192,0.063690275
1193,0.09582524
1194,0.12844852
1195,0.16061403
1196,0.18728639
1197,0.19839486
1198,0.19253531
1199,0.17395021
1200,0.1480408
1201,0.12417616
1202,0.10177623
1203,0.08816534
1204,0.07635504
1205,0.075988755
1206,0.0870668
1207,0.11312862
1208,0.1582946
1209,0.22760008
1210,0.32208255
1211,0.42184445
1212,0.527832
1213,0.6330261
1214,0.7427673
1215,0.85052484
1216,0.9675902
1217,1.0677185
1218,1.155426
1219,1.210968
1220,1.2530824
1221,1.2766113
1222,1.291687
1223,1.2868956
1224,1.2616885
1225,1.2029111
1226,1.1165161
1227,1.0004885
1228,0.8612672
1229,0.7021791
1230,0.5352478
1231,0.36190796
1232,0.19656378
1233,0.02758795
1234,-0.119903564
1235,-0.25570664
1236,-0.36730984
1237,-0.4682008
1238,-0.5418702
1239,-0.5991517
1240,-0.62677
1241,-0.63015765
1242,-0.6007994
1243,-0.5480654
1244,-0.48068255
1245,-0.41085827
1246,-0.35006726
1247,-0.3072815
1248,-0.28146362
1249,-0.26632679
1250,-0.25793445
1251,-0.24642944
1252,-0.2411499
1253,-0.2457275
1254,-0.26342764
1255,-0.28912362
1256,-0.32415774
1257,-0.37091067
1258,-0.43289185
1259,-0.50842285
1260,-0.6031189
1261,-0.6954651
1262,-0.78393567
1263,-0.84420794
1264,-0.8901061
1265,-0.9075318
1266,-0.90945446
1267,-0.8867492
1268,-0.8454288
1269,-0.7807007
1270,-0.6943362
1271,-0.5919496
1272,-0.48175052
1273,-0.36755377
1274,-0.2614442
1275,-0.16815194
1276,-0.097473204
1277,-0.03884892
1278,-0.0067443997
1279,0.018402025
1280,0.023498677
1281,0.024932891
1282,0.008575499
1283,-0.0079956055
1284,-0.03933713
1285,-0.07360837
1286,-0.12203984
1287,-0.17208862
1288,-0.22308347
1289,-0.26589948
1290,-0.2936401
1291,-0.2978516
1292,-0.28036487
1293,-0.24771118
1294,-0.20593292
1295,-0.16183472
1296,-0.11578363
1297,-0.05947888
1298,-0.0062562525
1299,0.055786222
1300,0.106658936
1301,0.16155994
1302,0.20562756
1303,0.25140396
1304,0.2830811
1305,0.30935666
1306,0.3201294
1307,0.32046515
1308,0.30563343
1309,0.279358
1310,0.2485353
1311,0.22003177
1312,0.1976014
1313,0.18643196
1314,0.18112186
1315,0.18176271
1316,0.1865845
1317,0.18695067
1318,0.1936952
1319,0.21163942
1320,0.23843388
1321,0.27517706
1322,0.31549087
1323,0.35403454
1324,0.39190665
1325,0.42828372
1326,0.47073367
1327,0.5057373
1328,0.5419007
1329,0.5604859
1330,0.5822753
1331,0.5809632
1332,0.57470715
1333,0.54730225
1334,0.51535046
1335,0.46960455
1336,0.41836548
1337,0.36413583
1338,0.31082156
1339,0.25775152
1340,0.20999153
1341,0.16409321
1342,0.12808228
1343,0.100372314
1344,0.09109494
1345,0.08392343
1346,0.08981323
1347,0.09606919
1348,0.11328122
1349,0.12945557
1350,0.15673825
1351,0.18048102
1352,0.2122803
1353,0.23706059
1354,0.2529602
1355,0.25537097
1356,0.24166863
1357,0.21627808
1358,0.1793517
1359,0.14093012
1360,0.09851083
1361,0.06719962
1362,0.036621034
1363,0.005005032
1364,-0.026916474
1365,-0.06405641
1366,-0.10452278
1367,-0.1507875
1368,-0.19918817
1369,-0.24499512
1370,-0.2866212
1371,-0.32247916
1372,-0.3528749
1373,-0.37808222
1374,-0.40335068
1375,-0.42584223
1376,-0.44537365
1377,-0.46374512
1378,-0.48342913
1379,-0.5010377
1380,-0.51660156
1381,-0.5310364
1382,-0.5430603
1383,-0.5517275
1384,-0.56317157
1385,-0.5813904
1386,-0.60220337
1387,-0.62814325
1388,-0.65270996
1389,-0.6717835
1390,-0.68145746
1391,-0.6862487
1392,-0.68322754
1393,-0.6678163
1394,-0.64724725
1395,-0.6130372
1396,-0.5802307
1397,-0.53320324
1398,-0.48251343
1399,-0.4213256
1400,-0.360321
1401,-0.2980042
1402,-0.24002063
1403,-0.19000244
1404,-0.14346325
1405,-0.10263061
1406,-0.06771846
1407,-0.034881756
1408,-0.007690426
1409,0.0179444
1410,0.043792788
1411,0.073028564
1412,0.10241704
1413,0.13323982
1414,0.1626282
1415,0.19479364
1416,0.22659309
1417,0.26370236
1418,0.29879755
1419,0.33941644
1420,0.3811646
1421,0.4300232
1422,0.48336804
1423,0.5370179
1424,0.58929443
1425,0.63238525
1426,0.6697998
1427,0.69290173
1428,0.7061769
1429,0.70956415
1430,0.70742804
1431,0.7040709
1432,0.7010804
1433,0.69308484
1434,0.679535
1435,0.6590881
1436,0.62994385
1437,0.59432983
1438,0.55450445
1439,0.5096741
1440,0.46270746
1441,0.41268915
1442,0.3596802
1443,0.30691528
1444,0.26104745
1445,0.22268681
1446,0.19653323
1447,0.18225099
1448,0.17825313
1449,0.1821595
1450,0.19372568
1451,0.21347052
1452,0.2342224
1453,0.25222772
1454,0.26660147
1455,0.27044678
1456,0.26269543
1457,0.24716175
1458,0.21969596
1459,0.18127447
1460,0.13525385
1461,0.079803556
1462,0.025329575
1463,-0.038024828
1464,-0.10229485
1465,-0.16677865
1466,-0.2311097
1467,-0.28546137
1468,-0.341156
1469,-0.38592523
1470,-0.43341058
1471,-0.47259527
1472,-0.5081787
1473,-0.53292835
1474,-0.5503539
1475,-0.5623779
1476,-0.57656854
1477,-0.58715826
1478,-0.59750366
1479,-0.6014709
1480,-0.6044923
1481,-0.5969542
1482,-0.58499146
1483,-0.5633239
1484,-0.5349426
1485,-0.5057983
1486,-0.4781189
1487,-0.45602423
1488,-0.4406739
1489,-0.43206787
1490,-0.42599487
1491,-0.4251098
1492,-0.42401117
1493,-0.42529303
1494,-0.42443854
1495,-0.42257679
1496,-0.41983032
1497,-0.41271973
1498,-0.4016113
1499,-0.38665777
1500,-0.3613587
1501,-0.33666986
1502,-0.30285642
1503,-0.26641852
1504,-0.22967523
1505,-0.19415286
1506,-0.15631104
1507,-0.114410445
1508,-0.06777954
1509,-0.022003159
1510,0.017272983
1511,0.045562737
1512,0.06454467
1513,0.07162471
1514,0.074218735
1515,0.075286925
1516,0.074798584
1517,0.06402588
1518,0.052734323
1519,0.036590658
1520,0.021545403
1521,0.008270189
1522,-0.0006104186
1523,-0.0061950088
1524,-0.004486054
1525,-0.00015260279
1526,0.011352584
1527,0.02236934
1528,0.03598024
1529,0.052307114
1530,0.07260133
1531,0.09210202
1532,0.117981
1533,0.14044188
1534,0.16870116
1535,0.19509883
1536,0.22341919
1537,0.24807744
1538,0.27142334
1539,0.28918457
1540,0.30487055
1541,0.31765753
1542,0.32894892
1543,0.33581537
1544,0.33926392
1545,0.338562
1546,0.3343201
1547,0.32409662
1548,0.31408694
1549,0.30477902
1550,0.29479983
1551,0.2877807
1552,0.28549197
1553,0.28112793
1554,0.27871704
1555,0.27926636
1556,0.27819824
1557,0.2854919
1558,0.29107666
1559,0.29895023
1560,0.30450442
1561,0.31060785
1562,0.31524658
1563,0.31970215
1564,0.32177734
1565,0.32492065
1566,0.3244934
1567,0.32015988
1568,0.31158447
1569,0.29992673
1570,0.2918701
1571,0.2861023
1572,0.27792358
1573,0.26675415
1574,0.2446289
1575,0.22525024
1576,0.20556639
1577,0.19674687
1578,0.18777466
1579,0.18499757
1580,0.17578124
1581,0.16683958
1582,0.14819339
1583,0.13024898
1584,0.11099241
1585,0.0898132
1586,0.073303215
1587,0.05429078
1588,0.04058838
1589,0.023193348
1590,0.004211433
1591,-0.012390116
1592,-0.033447266
1593,-0.048645012
1594,-0.06646729
1595,-0.07968139
1596,-0.099243164
1597,-0.11376952
1598,-0.1323242
1599,-0.14169309
1600,-0.15274046
1601,-0.16140746
1602,-0.1683655
1603,-0.17526247
1604,-0.17617798
1605,-0.17370605
1606,-0.17086795
1607,-0.17138672
1608,-0.17120361
1609,-0.17770386
1610,-0.18283081
1611,-0.18713379
1612,-0.18225098
1613,-0.1714172
1614,-0.16378783
1615,-0.1626587
1616,-0.16864014
1617,-0.1734314
1618,-0.18548584
1619,-0.19485474
1620,-0.21005248
1621,-0.23312378
1622,-0.2554016
1623,-0.28302002
1624,-0.29745483
1625,-0.3067627
1626,-0.3048401
1627,-0.3008728
1628,-0.28936768
1629,-0.28213495
1630,-0.2749939
1631,-0.2701416
1632,-0.26177981
1633,-0.24826047
1634,-0.22659305
1635,-0.19644162
1636,-0.16110228
1637,-0.12554933
1638,-0.08605957
1639,-0.05206299
1640,-0.014282227
1641,0.006378159
1642,0.025177032
1643,0.025787339
1644,0.030700669
1645,0.030334488
1646,0.030548096
1647,0.026092507
1648,0.019836426
1649,0.01181031
1650,-0.0065612644
1651,-0.012054443
1652,-0.028717028
1653,-0.028686516
1654,-0.039520264
1655,-0.040557846
1656,-0.044464126
1657,-0.04354863
1658,-0.041015625
1659,-0.029541023
1660,-0.01513673
1661,-0.00015258417
1662,0.028137196
1663,0.052062985
1664,0.08245848
1665,0.0986023
1666,0.11856079
1667,0.1302185
1668,0.13775635
1669,0.13839722
1670,0.1400757
1671,0.13946533
1672,0.14035031
1673,0.15097046
1674,0.1588745
1675,0.17416382
1676,0.18936159
1677,0.19854735
1678,0.18765262
1679,0.16665648
1680,0.13720702
1681,0.105407715
1682,0.07568361
1683,0.044372573
1684,0.017669693
1685,0.007019043
1686,0.0020446628
1687,0.019104019
1688,0.036132798
1689,0.06295775
1690,0.08584595
1691,0.11010743
1692,0.12982176
1693,0.14645386
1694,0.15878294
1695,0.15820312
1696,0.15762326
1697,0.14077759
1698,0.12472536
1699,0.0962219
1700,0.06414796
1701,0.0187378
1702,-0.026702875
1703,-0.07080077
1704,-0.11141966
1705,-0.13800049
1706,-0.1634216
1707,-0.17413329
1708,-0.19250488
1709,-0.20065306
1710,-0.22125243
1711,-0.2327576
1712,-0.24209595
1713,-0.2416687
1714,-0.23657228
1715,-0.22576904
1716,-0.20626831
1717,-0.19290161
1718,-0.16885376
1719,-0.14978027
1720,-0.120574936
1721,-0.08459473
1722,-0.03341674
1723,0.019287137
1724,0.07788086
1725,0.13101198
1726,0.17944336
1727,0.2190857
1728,0.24383546
1729,0.25021362
1730,0.24481203
1731,0.22933961
1732,0.20480347
1733,0.1739502
1734,0.14154048
1735,0.11126709
1736,0.07437134
1737,0.04037475
1738,0.0051574856
1739,-0.02606199
1740,-0.05490112
1741,-0.072753906
1742,-0.09158327
1743,-0.09454346
1744,-0.085418716
1745,-0.065216064
1746,-0.042297386
1747,-0.016937263
1748,-0.0022888258
1749,0.0069579743
1750,0.009399418
1751,-0.003417965
1752,-0.0075378306
1753,-0.014526367
1754,-0.0050964206
1755,0.002807647
1756,0.0091552725
1757,0.0037231278
1758,-0.009887677
1759,-0.02807616
1760,-0.05267334
1761,-0.06640625
1762,-0.08810423
1763,-0.09167482
1764,-0.10211183
1765,-0.10171507
1766,-0.102294944
1767,-0.096344024
1768,-0.09957883
1769,-0.10119632
1770,-0.11044313
1771,-0.124938965
1772,-0.13574219
1773,-0.13812254
1774,-0.12564087
1775,-0.11001587
1776,-0.087036125
1777,-0.07006835
1778,-0.04818723
1779,-0.023559563
1780,0.0116577335
1781,0.04772948
1782,0.088653564
1783,0.12796022
1784,0.16564943
1785,0.19656372
1786,0.22781372
1787,0.24523926
1788,0.2476196
1789,0.24969482
1790,0.24462892
1791,0.23651129
1792,0.22760004
1793,0.21957402
1794,0.20593259
1795,0.19955453
1796,0.18103024
1797,0.16656485
1798,0.14303592
1799,0.11331177
1800,0.07110597
1801,0.017547615
1802,-0.044799805
1803,-0.12173461
1804,-0.20931998
1805,-0.32177734
1806,-0.43423462
1807,-0.5554809
1808,-0.6616822
1809,-0.7569274
1810,-0.8199464
1811,-0.8609618
1812,-0.8605958
1813,-0.8414308
1814,-0.7908323
1815,-0.7234801
1816,-0.63970935
1817,-0.54495233
1818,-0.45211798
1819,-0.36196887
1820,-0.2805481
1821,-0.19631965
1822,-0.10733032
1823,-0.009277344
1824,0.092529275
1825,0.19812015
1826,0.3060302
1827,0.40789786
1828,0.5085754
1829,0.6019288
1830,0.6819152
1831,0.7572936
1832,0.80853266
1833,0.84176636
1834,0.8523559
1835,0.8481141
1836,0.8310851
1837,0.80258167
1838,0.7612915
1839,0.70639026
1840,0.6425477
1841,0.5722046
1842,0.5034789
1843,0.4373474
1844,0.37423703
1845,0.30563354
1846,0.23150633
1847,0.15829468
1848,0.087890595
1849,0.029754654
1850,-0.019714337
1851,-0.054077215
1852,-0.08081049
1853,-0.10086058
1854,-0.11410518
1855,-0.13333136
1856,-0.15756217
1857,-0.1839295
1858,-0.20986935
1859,-0.23291017
1860,-0.24499513
1861,-0.25170904
1862,-0.23910521
1863,-0.22616577
1864,-0.19555667
1865,-0.16091913
1866,-0.11483766
1867,-0.062408447
1868,-0.0007324368
1869,0.061553955
1870,0.12469483
1871,0.19659431
1872,0.26171878
1873,0.32937616
1874,0.3869019
1875,0.4350891
1876,0.46847537
1877,0.48965448
1878,0.4916688
1879,0.48730472
1880,0.4754333
1881,0.4577027
1882,0.44100946
1883,0.4158631
1884,0.3829345
1885,0.33401477
1886,0.2706604
1887,0.19354253
1888,0.09808348
1889,0.0010070726
1890,-0.10360716
1891,-0.20880125
1892,-0.31976306
1893,-0.4248962
1894,-0.5307617
1895,-0.62799066
1896,-0.71560675
1897,-0.79177845
1898,-0.84762585
1899,-0.8728026
1900,-0.8652039
1901,-0.8359986
1902,-0.7918395
1903,-0.73709095
1904,-0.6785888
1905,-0.61923194
1906,-0.55825824
1907,-0.49298096
1908,-0.42993152
1909,-0.36889654
1910,-0.3168945
1911,-0.27038574
1912,-0.23043825
1913,-0.19778441
1914,-0.17623895
1915,-0.17303476
1916,-0.18429571
1917,-0.2127989
1918,-0.24652117
1919,-0.27978516
1920,-0.29943871
1921,-0.30551136
1922,-0.28805554
1923,-0.26309204
1924,-0.23287952
1925,-0.20214838
1926,-0.1791991
1927,-0.15518188
1928,-0.13504028
1929,-0.10110462
1930,-0.072631806
1931,-0.02783215
1932,0.023223892
1933,0.08218385
1934,0.13845827
1935,0.20040894
1936,0.26104727
1937,0.31958002
1938,0.37872308
1939,0.42797858
1940,0.47125238
1941,0.49444568
1942,0.4963989
1943,0.47262573
1944,0.43371576
1945,0.3771058
1946,0.31481916
1947,0.23757923
1948,0.15725705
1949,0.07373047
1950,-3.0338764e-05
1951,-0.060546935
1952,-0.104278564
1953,-0.1393128
1954,-0.16067499
1955,-0.18307489
1956,-0.19552618
1957,-0.20391837
1958,-0.1985473
1959,-0.18457031
1960,-0.15469366
1961,-0.1235657
1962,-0.08718863
1963,-0.05480954
1964,-0.020385623
1965,-0.0047912896
1966,0.00091561675
1967,-0.0005798638
1968,0.0036316514
1969,0.012207016
1970,0.03457638
1971,0.065795794
1972,0.10067746
1973,0.13317874
1974,0.16531366
1975,0.19458014
1976,0.22460932
1977,0.2623596
1978,0.30917358
1979,0.35760495
1980,0.40686032
1981,0.4551087
1982,0.49749762
1983,0.5387878
1984,0.57022095
1985,0.5935363
1986,0.6011353
1987,0.5960388
1988,0.5815125
1989,0.5603943
1990,0.5374756
1991,0.5125427
1992,0.49014282
1993,0.46014398
1994,0.42260742
1995,0.3658142
1996,0.30471793
1997,0.23693858
1998,0.16885373
1999,0.1047363
2000,0.047546405
2001,0.002075173
2002,-0.031799324
2003,-0.058288537
2004,-0.074157655
2005,-0.08233646
2006,-0.0810547
2007,-0.06893921
2008,-0.050842285
2009,-0.0218506
2010,0.0073242933
2011,0.038635224
2012,0.059509337
2013,0.078887984
2014,0.08364868
2015,0.07882686
2016,0.06295769
2017,0.04037474
2018,0.0109252855
2019,-0.016998246
2020,-0.040741004
2021,-0.05960083
2022,-0.07687378
2023,-0.08633428
2024,-0.09301761
2025,-0.09957886
2026,-0.10467524
2027,-0.11758424
2028,-0.13174438
2029,-0.15188603
2030,-0.17037965
2031,-0.17996216
2032,-0.1850586
2033,-0.18392946
2034,-0.1874085
2035,-0.19515997
2036,-0.21374507
2037,-0.23721305
2038,-0.26931757
2039,-0.32080084
2040,-0.397766
2041,-0.47601315
2042,-0.56353754
2043,-0.6521605
2044,-0.69586194
2045,-0.6297301
2046,-0.4952392
2047,-0.30099493
2048,-0.07946777
2049,0.13018811
2050,0.29864508
2051,0.4051209
2052,0.44583148
2053,0.42144775
2054,0.33499146
2055,0.20452893
2056,0.053283572
2057,-0.10168463
2058,-0.24542242
2059,-0.36669916
2060,-0.45596308
2061,-0.5006409
2062,-0.50692743
2063,-0.49133313
2064,-0.456604
2065,-0.41314688
2066,-0.38980097
2067,-0.4265747
2068,-0.49487302
2069,-0.5866699
2070,-0.6856081
2071,-0.7713012
2072,-0.8270569
2073,-0.8417968
2074,-0.8085631
2075,-0.73843384
2076,-0.62725824
2077,-0.4931641
2078,-0.33557123
2079,-0.17501827
2080,-0.016418442
2081,0.1275329
2082,0.2539978
2083,0.3672791
2084,0.46426386
2085,0.5396118
2086,0.597229
2087,0.6408996
2088,0.6512452
2089,0.5975952
2090,0.50131226
2091,0.3725891
2092,0.23214726
2093,0.109008744
2094,0.016998246
2095,-0.0397339
2096,-0.06567392
2097,-0.06613161
2098,-0.040344253
2099,-0.0028381497
2100,0.045837447
2101,0.09240727
2102,0.13705443
2103,0.17440793
2104,0.20544434
2105,0.23770145
2106,0.2757873
2107,0.3107605
2108,0.3456726
2109,0.37966913
2110,0.39248663
2111,0.3633728
2112,0.30966187
2113,0.23699951
2114,0.15365602
2115,0.07492061
2116,0.009277329
2117,-0.033111632
2118,-0.05456555
2119,-0.05224611
2120,-0.033355698
2121,0.0054931343
2122,0.045288116
2123,0.08074955
2124,0.10879519
2125,0.1304016
2126,0.13952634
2127,0.120269775
2128,0.07632445
2129,0.022888288
2130,-0.034942567
2131,-0.09295654
2132,-0.096069396
2133,0.01165776
2134,0.19161986
2135,0.42160034
2136,0.6718751
2137,0.89270025
2138,1.0513916
2139,1.1290283
2140,1.123352
2141,1.0486755
2142,0.9071045
2143,0.7288819
2144,0.52374256
2145,0.31549066
2146,0.11550901
2147,-0.05874635
2148,-0.21011354
2149,-0.35931396
2150,-0.50213623
2151,-0.6298523
2152,-0.74594116
2153,-0.8465575
2154,-0.8830872
2155,-0.8078003
2156,-0.65155035
2157,-0.43997186
2158,-0.20431513
2159,0.014557004
2160,0.18865964
2161,0.301239
2162,0.35250866
2163,0.3447265
2164,0.2839356
2165,0.18679821
2166,0.06655884
2167,-0.051208556
2168,-0.16171275
2169,-0.2555847
2170,-0.32394415
2171,-0.36163327
2172,-0.3707275
2173,-0.36358654
2174,-0.34442148
2175,-0.3204345
2176,-0.32437128
2177,-0.38436908
2178,-0.47897345
2179,-0.59799194
2180,-0.72286993
2181,-0.8295593
2182,-0.9082337
2183,-0.9450989
2184,-0.9429321
2185,-0.90200806
2186,-0.8260498
2187,-0.7238159
2188,-0.5993347
2189,-0.4577636
2190,-0.31304926
2191,-0.16897583
2192,-0.031005852
2193,0.10910036
2194,0.24468996
2195,0.36950684
2196,0.47949222
2197,0.57205194
2198,0.622406
2199,0.60424805
2200,0.5388794
2201,0.43722534
2202,0.3187561
2203,0.20849608
2204,0.12475577
2205,0.07897949
2206,0.0684509
2207,0.08746335
2208,0.12832637
2209,0.18295288
2210,0.24502556
2211,0.3127746
2212,0.37835705
2213,0.44229126
2214,0.49972546
2215,0.56546015
2216,0.63668835
2217,0.7114869
2218,0.7841797
2219,0.8538208
2220,0.88821405
2221,0.86334234
2222,0.78552234
2223,0.67645264
2224,0.5420226
2225,0.40765387
2226,0.2900086
2227,0.20269781
2228,0.14559934
2229,0.119720444
2230,0.119445816
2231,0.1323242
2232,0.1569214
2233,0.1783753
2234,0.20059207
2235,0.20938106
2236,0.20223999
2237,0.1803894
2238,0.14886472
2239,0.10415648
2240,0.04974374
2241,-0.019256666
2242,-0.10699457
2243,-0.15817264
2244,-0.16485584
2245,-0.1355896
2246,-0.067718476
2247,0.013000429
2248,0.09802249
2249,0.16439825
2250,0.20416248
2251,0.21218872
2252,0.1902467
2253,0.13186646
2254,0.046814024
2255,-0.06213382
2256,-0.17474374
2257,-0.29037476
2258,-0.39138803
2259,-0.48013306
2260,-0.55444336
2261,-0.6217042
2262,-0.6722107
2263,-0.7071838
2264,-0.720398
2265,-0.73825085
2266,-0.76574713
2267,-0.8014831
2268,-0.85046387
2269,-0.8999634
2270,-0.94662464
2271,-0.9833375
2272,-1.0012817
2273,-1.0027772
2274,-0.9793091
2275,-0.9364013
2276,-0.8739928
2277,-0.80496216
2278,-0.7387086
2279,-0.68383783
2280,-0.6297608
2281,-0.5739136
2282,-0.5180054
2283,-0.4526978
2284,-0.37478638
2285,-0.28149423
2286,-0.17590335
2287,-0.08911137
2288,-0.025207423
2289,0.013244584
2290,0.027557433
2291,0.026672333
2292,0.011108278
2293,-0.0011291811
2294,-0.013000368
2295,-0.01068118
2296,-0.008545099
2297,0.010437011
2298,0.04348749
2299,0.09820554
2300,0.16519177
2301,0.25219727
2302,0.34680182
2303,0.43798822
2304,0.5166016
2305,0.52871716
2306,0.47937012
2307,0.5163574
2308,0.6080932
2309,0.7173463
2310,0.85723877
2311,0.99841297
2312,1.119049
2313,1.1990052
2314,1.2321777
2315,1.2253112
2316,1.1811829
2317,1.1033934
2318,1.0056455
2319,0.90255743
2320,0.7934264
2321,0.69454956
2322,0.60095227
2323,0.5191345
2324,0.4259339
2325,0.33715814
2326,0.24533081
2327,0.19046023
2328,0.14840698
2329,0.060150266
2330,-0.07507318
2331,-0.1796264
2332,-0.28570545
2333,-0.3483888
2334,-0.3575439
2335,-0.32556152
2336,-0.2676086
2337,-0.21032697
2338,-0.15847772
2339,-0.12982172
2340,-0.1295166
2341,-0.16610712
2342,-0.20974731
2343,-0.23040771
2344,-0.22155768
2345,-0.17419443
2346,-0.09661868
2347,-0.0068053976
2348,0.08999631
2349,0.19338994
2350,0.2884828
2351,0.29165658
2352,0.21417236
2353,0.12295514
2354,0.03555292
2355,-0.040893316
2356,-0.09112543
2357,-0.11117548
2358,-0.101745516
2359,-0.083984256
2360,-0.06137106
2361,-0.050659135
2362,-0.03729226
2363,-0.03518681
2364,-0.050933838
2365,-0.101257294
2366,-0.17373663
2367,-0.27505493
2368,-0.3753052
2369,-0.47277832
2370,-0.5442505
2371,-0.5632935
2372,-0.5169983
2373,-0.49301153
2374,-0.4603882
2375,-0.46112067
2376,-0.49221808
2377,-0.5520628
2378,-0.6351929
2379,-0.7089539
2380,-0.76052856
2381,-0.77032477
2382,-0.7403565
2383,-0.65338135
2384,-0.5295714
2385,-0.36871338
2386,-0.19940183
2387,-0.048858643
2388,0.070892304
2389,0.14846803
2390,0.20214848
2391,0.22647086
2392,0.23532109
2393,0.181366
2394,0.08969122
2395,0.09933443
2396,0.18661499
2397,0.29626468
2398,0.45898443
2399,0.6205443
2400,0.7590941
2401,0.8540344
2402,0.9036865
2403,0.92532337
2404,0.90704334
2405,0.8746947
2406,0.81768787
2407,0.7567749
2408,0.68457025
2409,0.59680176
2410,0.50497437
2411,0.4020996
2412,0.29501343
2413,0.18200685
2414,0.06732169
2415,-0.10968031
2416,-0.32095346
2417,-0.43002313
2418,-0.4536742
2419,-0.43179315
2420,-0.37005597
2421,-0.28298968
2422,-0.17849733
2423,-0.098358266
2424,-0.044097975
2425,-0.026245162
2426,-0.040924057
2427,-0.09219372
2428,-0.17245507
2429,-0.27239978
2430,-0.35812384
2431,-0.4034425
2432,-0.40838623
2433,-0.37326056
2434,-0.31585696
2435,-0.23266596
2436,-0.15216075
2437,-0.047729522
2438,0.05612184
2439,0.10003681
2440,0.08822633
2441,0.045806956
2442,-0.06661982
2443,-0.19335942
2444,-0.3166197
2445,-0.42642212
2446,-0.51449585
2447,-0.593231
2448,-0.64666736
2449,-0.6994629
2450,-0.7413331
2451,-0.7901916
2452,-0.80923456
2453,-0.779358
2454,-0.70593274
2455,-0.5775452
2456,-0.4125672
2457,-0.22744745
2458,-0.038696274
2459,0.16729742
2460,0.37033087
2461,0.4971009
2462,0.56253046
2463,0.574707
2464,0.5360106
2465,0.4609071
2466,0.35958868
2467,0.26171887
2468,0.16946413
2469,0.09283455
2470,0.038177475
2471,0.003936857
2472,0.0042725224
2473,0.031310983
2474,0.06448369
2475,0.08755494
2476,0.09204099
2477,0.08068851
2478,0.049438544
2479,0.010894701
2480,-0.028381243
2481,-0.027282625
2482,0.006469786
2483,0.007537678
2484,-0.0022888035
2485,-0.02420041
2486,-0.048706084
2487,-0.07559198
2488,-0.10781862
2489,-0.115936324
2490,-0.11019896
2491,-0.07122806
2492,-0.01449582
2493,0.07974246
2494,0.19116218
2495,0.32464594
2496,0.4406739
2497,0.5313721
2498,0.58639526
2499,0.6091919
2500,0.6006165
2501,0.5670776
2502,0.52401745
2503,0.47137457
2504,0.42449954
2505,0.3754881
2506,0.3380432
2507,0.29760742
2508,0.28121948
2509,0.26184082
2510,0.24807733
2511,0.23605344
2512,0.23223877
2513,0.23626702
2514,0.24676508
2515,0.26663205
2516,0.28704837
2517,0.31280515
2518,0.32269287
2519,0.30599976
2520,0.26889038
2521,0.20062256
2522,0.116790764
2523,0.021606468
2524,-0.06826786
2525,-0.15475473
2526,-0.22216807
2527,-0.27566528
2528,-0.3122863
2529,-0.33715817
2530,-0.34899896
2531,-0.35336304
2532,-0.3483887
2533,-0.3446656
2534,-0.32897955
2535,-0.31854248
2536,-0.29626462
2537,-0.2755432
2538,-0.25030518
2539,-0.22576906
2540,-0.20153809
2541,-0.17941284
2542,-0.15216061
2543,-0.12713625
2544,-0.096435584
2545,-0.059844915
2546,-0.023010284
2547,0.023681603
2548,0.066223085
2549,0.11740117
2550,0.16253662
2551,0.21264648
2552,0.24780273
2553,0.27661133
2554,0.2915039
2555,0.2883301
2556,0.2763977
2557,0.2494507
2558,0.22921754
2559,0.1992187
2560,0.18072513
2561,0.15179446
2562,0.1347657
2563,0.1112977
2564,0.09399408
2565,0.0748902
2566,0.061096072
2567,0.043426543
2568,0.02407834
2569,0.0059203804
2570,-0.014801055
2571,-0.03555292
2572,-0.0541687
2573,-0.06726073
2574,-0.07949829
2575,-0.0895996
2576,-0.1052246
2577,-0.12557983
2578,-0.15423585
2579,-0.18115236
2580,-0.21463013
2581,-0.24670406
2582,-0.27160645
2583,-0.2900391
2584,-0.29949954
2585,-0.30078128
2586,-0.29934692
2587,-0.29232788
2588,-0.2926025
2589,-0.29360962
2590,-0.30438232
2591,-0.31729126
2592,-0.33590695
2593,-0.3540039
2594,-0.37225342
2595,-0.38610837
2596,-0.39337158
2597,-0.39465332
2598,-0.38894653
2599,-0.3680725
2600,-0.34158325
2601,-0.30187988
2602,-0.26272583
2603,-0.22161861
2604,-0.18688966
2605,-0.15505981
2606,-0.13320926
2607,-0.11413578
2608,-0.1025085
2609,-0.08865359
2610,-0.08306881
2611,-0.07827758
2612,-0.07354736
2613,-0.07458498
2614,-0.06948853
2615,-0.07415773
2616,-0.07501219
2617,-0.08828737
2618,-0.095489495
2619,-0.10626219
2620,-0.106597885
2621,-0.09838871
2622,-0.07867432
2623,-0.053161636
2624,-0.0262146
2625,0.006347686
2626,0.032592744
2627,0.060943604
2628,0.07586668
2629,0.08712764
2630,0.08755495
2631,0.08660887
2632,0.082336456
2633,0.08285524
2634,0.08535765
2635,0.09158327
2636,0.09954834
2637,0.110595666
2638,0.12316896
2639,0.13217163
2640,0.13842773
2641,0.13848877
2642,0.13253784
2643,0.12158203
2644,0.11184691
2645,0.100799575
2646,0.09902957
2647,0.10501091
2648,0.1156922
2649,0.13076782
2650,0.14675912
2651,0.16247566
2652,0.17471308
2653,0.18682867
2654,0.19906609
2655,0.21289061
2656,0.22891234
2657,0.25094604
2658,0.2715149
2659,0.29660034
2660,0.3189392
2661,0.34326166
2662,0.35894775
2663,0.37280273
2664,0.3774109
2665,0.37179565
2666,0.35757446
2667,0.33843997
2668,0.3182373
2669,0.30096433
2670,0.28753665
2671,0.27325442
2672,0.2665101
2673,0.26177984
2674,0.2606811
2675,0.25463873
2676,0.24731438
2677,0.22927853
2678,0.2051697
2679,0.17300412
2680,0.14184573
2681,0.11508179
2682,0.088775635
2683,0.072998084
2684,0.0590515
2685,0.051757812
2686,0.04156491
2687,0.03576663
2688,0.020599365
2689,0.0073242188
2690,-0.017150879
2691,-0.04650876
2692,-0.08303833
2693,-0.11508179
2694,-0.14581302
2695,-0.16470343
2696,-0.17837524
2697,-0.18252563
2698,-0.18630975
2699,-0.18145752
2700,-0.17611693
2701,-0.1680603
2702,-0.15902711
2703,-0.148407
2704,-0.14053346
2705,-0.130188
2706,-0.11688231
2707,-0.10464476
2708,-0.0870056
2709,-0.06814572
2710,-0.049713135
2711,-0.03680417
2712,-0.028381377
2713,-0.028045624
2714,-0.033874534
2715,-0.04125975
2716,-0.05395513
2717,-0.06774907
2718,-0.07891843
2719,-0.08856204
2720,-0.09402463
2721,-0.09637448
2722,-0.09524536
2723,-0.09411619
2724,-0.09182741
2725,-0.09863284
2726,-0.106567375
2727,-0.120147705
2728,-0.13403322
2729,-0.1517639
2730,-0.16534424
2731,-0.18218994
2732,-0.1919861
2733,-0.20306398
2734,-0.20928958
2735,-0.21505736
2736,-0.21713258
2737,-0.22259521
2738,-0.22921759
2739,-0.242096
2740,-0.2597046
2741,-0.2804871
2742,-0.300415
2743,-0.3163757
2744,-0.32995608
2745,-0.3319091
2746,-0.34204105
2747,-0.3472901
2748,-0.3596497
2749,-0.3713379
2750,-0.39288336
2751,-0.41427606
2752,-0.44067377
2753,-0.46273798
2754,-0.47802734
2755,-0.4803161
2756,-0.46771234
2757,-0.4423828
2758,-0.3990783
2759,-0.35153192
2760,-0.2896424
2761,-0.22555543
2762,-0.15979001
2763,-0.09701535
2764,-0.036163338
2765,0.0163574
2766,0.0663147
2767,0.106842
2768,0.14450075
2769,0.17834479
2770,0.21176147
2771,0.24426268
2772,0.27453616
2773,0.31234735
2774,0.35034174
2775,0.39163202
2776,0.4284668
2777,0.46740717
2778,0.5034179
2779,0.5361328
2780,0.56494135
2781,0.5860596
2782,0.60141
2783,0.6097107
2784,0.6156921
2785,0.61849976
2786,0.61721814
2787,0.61282355
2788,0.6036072
2789,0.58703613
2790,0.5720825
2791,0.55856323
2792,0.5454407
2793,0.53570557
2794,0.5292054
2795,0.52331537
2796,0.5151672
2797,0.5088196
2798,0.4927063
2799,0.4739074
2800,0.43994135
2801,0.40109253
2802,0.3477783
2803,0.29983515
2804,0.24426275
2805,0.19717407
2806,0.15374756
2807,0.1246033
2808,0.101562455
2809,0.09020991
2810,0.08294681
2811,0.07971188
2812,0.08221433
2813,0.08892822
2814,0.09829711
2815,0.111938424
2816,0.12930302
2817,0.1455383
2818,0.16397092
2819,0.1733093
2820,0.17883302
2821,0.16986082
2822,0.15316767
2823,0.12905885
2824,0.09503172
2825,0.057952836
2826,0.01675418
2827,-0.025451675
2828,-0.06750487
2829,-0.107482895
2830,-0.1461792
2831,-0.1843262
2832,-0.22576904
2833,-0.26660147
2834,-0.30850223
2835,-0.3511659
2836,-0.39328003
2837,-0.43634033
2838,-0.4766541
2839,-0.5170898
2840,-0.5506286
2841,-0.58251953
2842,-0.6022949
2843,-0.6203918
2844,-0.6334228
2845,-0.6443176
2846,-0.6491698
2847,-0.6524963
2848,-0.64984137
2849,-0.64486694
2850,-0.6496887
2851,-0.6599121
2852,-0.67837524
2853,-0.69851685
2854,-0.72216797
2855,-0.7357788
2856,-0.75228894
2857,-0.76071167
2858,-0.7633972
2859,-0.76626575
2860,-0.7660829
2861,-0.76644886
2862,-0.7619933
2863,-0.75402826
2864,-0.7348633
2865,-0.71087635
2866,-0.6699219
2867,-0.622406
2868,-0.56002796
2869,-0.49273682
2870,-0.41345212
2871,-0.3314818
2872,-0.24276732
2873,-0.15969849
2874,-0.077545166
2875,-0.0012206435
2876,0.07531738
2877,0.14721684
2878,0.21591192
2879,0.27679446
2880,0.34085083
2881,0.3995361
2882,0.46109015
2883,0.5237121
2884,0.5812683
2885,0.6370238
2886,0.68179333
2887,0.7226562
2888,0.75338745
2889,0.7812196
2890,0.804901
2891,0.83071905
2892,0.84338385
2893,0.8406068
2894,0.82891846
2895,0.8057861
2896,0.7823183
2897,0.7540589
2898,0.73449713
2899,0.71231085
2900,0.6965332
2901,0.6875917
2902,0.6918334
2903,0.70910645
2904,0.7362061
2905,0.77111804
2906,0.8053892
2907,0.843872
2908,0.87561035
2909,0.9080808
2910,0.9238587
2911,0.92547613
2912,0.8979491
2913,0.84680164
2914,0.77172846
2915,0.67785645
2916,0.57189935
2917,0.4551087
2918,0.3334045
2919,0.19982906
2920,0.058196962
2921,-0.09945688
2922,-0.26141343
2923,-0.4293214
2924,-0.5955506
2925,-0.7463076
2926,-0.8776855
2927,-0.9866333
2928,-1.0748291
2929,-1.1431274
2930,-1.1958311
2931,-1.226532
2932,-1.239685
2933,-1.2225342
2934,-1.1833496
2935,-1.1210023
2936,-1.0345154
2937,-0.92483544
2938,-0.7944946
2939,-0.65023804
2940,-0.49902344
2941,-0.3521729
2942,-0.2105408
2943,-0.08493049
2944,0.031616166
2945,0.12435919
2946,0.19204724
2947,0.22763062
2948,0.23776245
2949,0.215271
2950,0.17199713
2951,0.10485843
2952,0.024566561
2953,-0.06954947
2954,-0.16735849
2955,-0.2683717
2956,-0.36553946
2957,-0.45516974
2958,-0.52996826
2959,-0.58013916
2960,-0.61492914
2961,-0.62295526
2962,-0.61489886
2963,-0.57727057
2964,-0.52151495
2965,-0.43643194
2966,-0.341919
2967,-0.2386779
2968,-0.14633168
2969,-0.06118764
2970,0.008605853
2971,0.07223515
2972,0.13113426
2973,0.18347168
2974,0.23208606
2975,0.26336697
2976,0.29162577
2977,0.3048707
2978,0.3140869
2979,0.31967163
2980,0.3189699
2981,0.30639657
2982,0.28927624
2983,0.2711487
2984,0.252655
2985,0.24270627
2986,0.24124153
2987,0.25442517
2988,0.28048703
2989,0.33200085
2990,0.40475452
2991,0.4936829
2992,0.58712757
2993,0.696411
2994,0.80682373
2995,0.92807007
2996,1.0442506
2997,1.1594542
2998,1.2587588
2999,1.3416139
3000,1.4049376
3001,1.4483032
3002,1.4507446
3003,1.4095767
3004,1.3187866
3005,1.1856995
3006,1.0172424
3007,0.8252869
3008,0.61627203
3009,0.40615854
3010,0.19610602
3011,0.0082396865
3012,-0.15142828
3013,-0.27841178
3014,-0.38208008
3015,-0.46517938
3016,-0.5365907
3017,-0.59558105
3018,-0.64828473
3019,-0.6841127
3020,-0.7084044
3021,-0.7144165
3022,-0.7145082
3023,-0.70806897
3024,-0.6995851
3025,-0.68353283
3026,-0.6648865
3027,-0.64669806
3028,-0.6331482
3029,-0.63287354
3030,-0.64779675
3031,-0.6772156
3032,-0.7209166
3033,-0.76959246
3034,-0.8161316
3035,-0.8462527
3036,-0.8628844
3037,-0.87854004
3038,-0.8736267
3039,-0.8597716
3040,-0.8507994
3041,-0.8438109
3042,-0.83761597
3043,-0.81756604
3044,-0.7875671
3045,-0.7421571
3046,-0.67511004
3047,-0.577942
3048,-0.45108038
3049,-0.30288696
3050,-0.1370238
3051,0.031311065
3052,0.20416263
3053,0.36013782
3054,0.49862674
3055,0.5985717
3056,0.664673
3057,0.69342035
3058,0.7014161
3059,0.68670654
3060,0.65036005
3061,0.5897216
3062,0.5232238
3063,0.44183353
3064,0.3526305
3065,0.24688724
3066,0.13638304
3067,0.017211854
3068,-0.08895877
3069,-0.18984988
3070,-0.27780145
3071,-0.35583496
3072,-0.4182433
3073,-0.46624762
3074,-0.4969787
3075,-0.51913446
3076,-0.5255127
3077,-0.5308836
3078,-0.53524774
3079,-0.541504
3080,-0.5386354
3081,-0.51626605
3082,-0.4735718
3083,-0.4100037
3084,-0.31613156
3085,-0.20590198
3086,-0.07839976
3087,0.04876715
3088,0.17739862
3089,0.29602057
3090,0.40673834
3091,0.4981079
3092,0.5745544
3093,0.62509155
3094,0.6582946
3095,0.6732179
3096,0.6741028
3097,0.6653749
3098,0.65753174
3099,0.6472474
3100,0.63406366
3101,0.603943
3102,0.5576476
3103,0.50454724
3104,0.43307498
3105,0.357727
3106,0.28909296
3107,0.23281853
3108,0.19100958
3109,0.16094969
3110,0.14685063
3111,0.14346327
3112,0.14620973
3113,0.150177
3114,0.15347292
3115,0.15219104
3116,0.15039045
3117,0.14541638
3118,0.13726795
3119,0.14453134
3120,0.15667722
3121,0.18670654
3122,0.22323614
3123,0.2719423
3124,0.31262207
3125,0.33590716
3126,0.3498841
3127,0.3537904
3128,0.32913196
3129,0.28598028
3130,0.22653194
3131,0.16128531
3132,0.085296735
3133,0.009216309
3134,-0.06698601
3135,-0.12969972
3136,-0.178711
3137,-0.20553593
3138,-0.20971684
3139,-0.1971435
3140,-0.16754156
3141,-0.12554939
3142,-0.07849124
3143,-0.023010388
3144,0.035736054
3145,0.10357669
3146,0.16827399
3147,0.22222902
3148,0.2817688
3149,0.3337708
3150,0.36859125
3151,0.37954715
3152,0.3700561
3153,0.3364867
3154,0.2851869
3155,0.2141113
3156,0.1373291
3157,0.060272336
3158,-0.009216338
3159,-0.064575136
3160,-0.108825594
3161,-0.13623053
3162,-0.15298444
3163,-0.16235358
3164,-0.17291248
3165,-0.18603516
3166,-0.20217887
3167,-0.21774301
3168,-0.23422241
3169,-0.24401864
3170,-0.26351935
3171,-0.28680423
3172,-0.3097839
3173,-0.33297735
3174,-0.3553161
3175,-0.38403314
3176,-0.41088867
3177,-0.44329828
3178,-0.47192386
3179,-0.49560547
3180,-0.5176086
3181,-0.53124994
3182,-0.54528797
3183,-0.5450746
3184,-0.53570545
3185,-0.5256347
3186,-0.5001221
3187,-0.47863758
3188,-0.45257562
3189,-0.43957528
3190,-0.42395025
3191,-0.41534433
3192,-0.39993292
3193,-0.38836676
3194,-0.36160272
3195,-0.3269959
3196,-0.2796325
3197,-0.2238464
3198,-0.15859987
3199,-0.086395174
3200,-0.019866958
3201,0.044586092
3202,0.10049434
3203,0.15069585
3204,0.19085698
3205,0.22375491
3206,0.24221803
3207,0.25640863
3208,0.2684936
3209,0.2769165
3210,0.283905
3211,0.28222662
3212,0.277771
3213,0.2656861
3214,0.24496466
3215,0.21838374
3216,0.20080565
3217,0.18911737
3218,0.18029787
3219,0.17752078
3220,0.18008418
3221,0.1925965
3222,0.2086792
3223,0.22427356
3224,0.23791501
3225,0.24890137
3226,0.25454712
3227,0.25088504
3228,0.23721308
3229,0.22180176
3230,0.1970214
3231,0.17160034
3232,0.13934322
3233,0.107299864
3234,0.07208255
3235,0.043121383
3236,0.0149231255
3237,-0.005218506
3238,-0.022308335
3239,-0.028778076
3240,-0.031646773
3241,-0.024993896
3242,-0.016540542
3243,-0.0054931603
3244,0.0064697433
3245,0.01177974
3246,0.01712033
3247,0.013824493
3248,0.013732888
3249,0.004638739
3250,-0.0018921271
3251,-0.014343306
3252,-0.03335578
3253,-0.058807418
3254,-0.08349614
3255,-0.10064694
3256,-0.117767304
3257,-0.11813351
3258,-0.12170409
3259,-0.11669925
3260,-0.11450196
3261,-0.10717775
3262,-0.10220339
3263,-0.0996704
3264,-0.10644531
3265,-0.1173401
3266,-0.12832642
3267,-0.13900755
3268,-0.14489749
3269,-0.14575195
3270,-0.13964844
3271,-0.1257019
3272,-0.1032715
3273,-0.08383179
3274,-0.07034302
3275,-0.06585694
3276,-0.06872559
3277,-0.07437135
3278,-0.08166506
3279,-0.08108523
3280,-0.08459474
3281,-0.08218382
3282,-0.0857849
3283,-0.09240723
3284,-0.09844969
3285,-0.10565187
3286,-0.11004636
3287,-0.11563112
3288,-0.1184082
3289,-0.11477661
3290,-0.11071779
3291,-0.10452269
3292,-0.096008286
3293,-0.085815445
3294,-0.07730104
3295,-0.077239975
3296,-0.08010863
3297,-0.1187439
3298,-0.16415408
3299,-0.20855713
3300,-0.25527948
3301,-0.24148566
3302,-0.14596559
3303,-0.02709961
3304,0.13656616
3305,0.3002931
3306,0.46081537
3307,0.5850219
3308,0.6652223
3309,0.7013549
3310,0.68551636
3311,0.6338806
3312,0.5472718
3313,0.44903567
3314,0.33654785
3315,0.23269653
3316,0.13098146
3317,0.05340576
3318,-0.011383086
3319,-0.031585753
3320,-0.036834657
3321,-0.025451541
3322,0.007537782
3323,0.009490907
3324,-0.013580322
3325,-0.054351866
3326,-0.111450136
3327,-0.17312622
3328,-0.23233035
3329,-0.27923584
3330,-0.30139166
3331,-0.30426013
3332,-0.28045648
3333,-0.23980719
3334,-0.18051153
3335,-0.115814224
3336,-0.05734256
3337,-0.0075683594
3338,0.028961182
3339,0.062927246
3340,0.09170532
3341,0.13378912
3342,0.17739868
3343,0.21264648
3344,0.24407959
3345,0.2337647
3346,0.18637085
3347,0.11804207
3348,0.030487016
3349,-0.059356734
3350,-0.14340201
3351,-0.21163933
3352,-0.2494202
3353,-0.26663208
3354,-0.25881958
3355,-0.2330322
3356,-0.19049072
3357,-0.13775636
3358,-0.07623289
3359,-0.009918198
3360,0.061065666
3361,0.12661743
3362,0.19219972
3363,0.26083377
3364,0.32806396
3365,0.38565058
3366,0.4333801
3367,0.4438477
3368,0.40292358
3369,0.3443604
3370,0.25457758
3371,0.16030878
3372,0.055725187
3373,-0.031249933
3374,-0.101013154
3375,-0.14120485
3376,-0.14974976
3377,-0.13125607
3378,-0.08816528
3379,-0.031860396
3380,0.040344268
3381,0.10748288
3382,0.1706848
3383,0.21109009
3384,0.22744752
3385,0.18759158
3386,0.12658688
3387,0.05627438
3388,-0.030792136
3389,-0.042266868
3390,0.01629635
3391,0.118774466
3392,0.26254272
3393,0.42089853
3394,0.57467645
3395,0.69934076
3396,0.77954113
3397,0.81906116
3398,0.8140259
3399,0.7695619
3400,0.68609625
3401,0.5733033
3402,0.45117188
3403,0.3170166
3404,0.19046018
3405,0.061401367
3406,-0.06488037
3407,-0.2138978
3408,-0.36547852
3409,-0.502716
3410,-0.63082886
3411,-0.6801454
3412,-0.64352417
3413,-0.56005865
3414,-0.43167105
3415,-0.27832022
3416,-0.12860121
3417,0.003814578
3418,0.083801314
3419,0.12646484
3420,0.117889464
3421,0.06433104
3422,-0.021637008
3423,-0.12911978
3424,-0.25012213
3425,-0.3696289
3426,-0.47576904
3427,-0.55700684
3428,-0.6145325
3429,-0.6297913
3430,-0.62725824
3431,-0.6144713
3432,-0.5761415
3433,-0.56823736
3434,-0.5843506
3435,-0.6183167
3436,-0.66949457
3437,-0.7271424
3438,-0.77459717
3439,-0.8032837
3440,-0.8030701
3441,-0.77713
3442,-0.72744745
3443,-0.6589661
3444,-0.57879645
3445,-0.4895935
3446,-0.401062
3447,-0.3121948
3448,-0.2312317
3449,-0.15078734
3450,-0.06375123
3451,0.041473433
3452,0.15344238
3453,0.25613403
3454,0.35433957
3455,0.40255737
3456,0.40194702
3457,0.36614996
3458,0.305725
3459,0.2287597
3460,0.15243544
3461,0.084869444
3462,0.047241196
3463,0.02420041
3464,0.02401732
3465,0.045135528
3466,0.08441165
3467,0.13650508
3468,0.19387817
3469,0.25802612
3470,0.31304932
3471,0.36398315
3472,0.40472412
3473,0.45834357
3474,0.50878906
3475,0.5593262
3476,0.60250854
3477,0.610199
3478,0.571167
3479,0.51300055
3480,0.43090814
3481,0.3409118
3482,0.24865729
3483,0.16644293
3484,0.10815432
3485,0.06732175
3486,0.05517577
3487,0.066467315
3488,0.09945682
3489,0.13714594
3490,0.18630981
3491,0.22015381
3492,0.25115967
3493,0.26135254
3494,0.26126102
3495,0.24261473
3496,0.22219849
3497,0.19467159
3498,0.16439818
3499,0.131897
3500,0.10577391
3501,0.082519576
3502,0.061462358
3503,0.045013413
3504,0.034698486
3505,0.024139404
3506,0.016662613
3507,0.00036615133
3508,-0.016693145
3509,-0.042877138
3510,-0.071014434
3511,-0.10757443
3512,-0.14443965
3513,-0.17849734
3514,-0.20028684
3515,-0.21859741
3516,-0.23004152
3517,-0.24475102
3518,-0.26370233
3519,-0.28851324
3520,-0.31277475
3521,-0.33706662
3522,-0.3571167
3523,-0.36727905
3524,-0.37332153
3525,-0.37182617
3526,-0.36398312
3527,-0.34609985
3528,-0.33297732
3529,-0.31225583
3530,-0.28918457
3531,-0.2656861
3532,-0.23709106
3533,-0.2013245
3534,-0.16577148
3535,-0.12750247
3536,-0.088256836
3537,-0.04748535
3538,-0.0023193061
3539,0.042938277
3540,0.086761445
3541,0.12582399
3542,0.15765385
3543,0.18850702
3544,0.21423335
3545,0.23031613
3546,0.24646
3547,0.25405878
3548,0.2633973
3549,0.26669306
3550,0.27032477
3551,0.27548215
3552,0.27603143
3553,0.277832
3554,0.27572638
3555,0.2764587
3556,0.27554318
3557,0.2748108
3558,0.26867676
3559,0.26245117
3560,0.25772095
3561,0.2633362
3562,0.2707519
3563,0.2858277
3564,0.29891974
3565,0.32147223
3566,0.33813477
3567,0.35781863
3568,0.37548822
3569,0.3977051
3570,0.4137573
3571,0.4288941
3572,0.43875128
3573,0.44561762
3574,0.44442743
3575,0.43972784
3576,0.422821
3577,0.39114368
3578,0.3479919
3579,0.29031372
3580,0.21511841
3581,0.13079834
3582,0.03170778
3583,-0.07009885
3584,-0.18395999
3585,-0.29370105
3586,-0.40890497
3587,-0.51797485
3588,-0.616455
3589,-0.7039185
3590,-0.770935
3591,-0.82418805
3592,-0.8645324
3593,-0.8925779
3594,-0.90853876
3595,-0.91653454
3596,-0.9124146
3597,-0.89520264
3598,-0.86227417
3599,-0.82019025
3600,-0.76498413
3601,-0.6972656
3602,-0.62023926
3603,-0.5343933
3604,-0.44409183
3605,-0.3583985
3606,-0.27294916
3607,-0.1936036
3608,-0.11318979
3609,-0.0472717
3610,0.013458312
3611,0.05972287
3612,0.09463498
3613,0.11059564
3614,0.114166155
3615,0.103973284
3616,0.08541854
3617,0.053588957
3618,0.01965344
3619,-0.024902344
3620,-0.06802373
3621,-0.10830681
3622,-0.14782709
3623,-0.16995248
3624,-0.18606563
3625,-0.19180298
3626,-0.19442755
3627,-0.19393928
3628,-0.18692015
3629,-0.17285165
3630,-0.14553839
3631,-0.11941534
3632,-0.0838929
3633,-0.044769228
3634,-0.0076598823
3635,0.02407831
3636,0.053100646
3637,0.07708728
3638,0.09832764
3639,0.11602789
3640,0.13510138
3641,0.15280148
3642,0.17684947
3643,0.20761107
3644,0.24340819
3645,0.27880853
3646,0.32003784
3647,0.35751343
3648,0.40512085
3649,0.45367432
3650,0.5165405
3651,0.58483887
3652,0.6608277
3653,0.73907465
3654,0.8140868
3655,0.87820435
3656,0.9295349
3657,0.9694823
3658,0.99829113
3659,1.0216062
3660,1.0377505
3661,1.0465697
3662,1.0398864
3663,1.0259095
3664,0.98605347
3665,0.92898536
3666,0.8471069
3667,0.7413939
3668,0.62149036
3669,0.48709106
3670,0.34664917
3671,0.2062073
3672,0.06503293
3673,-0.07681264
3674,-0.21481319
3675,-0.34091187
3676,-0.45404053
3677,-0.54699713
3678,-0.6179809
3679,-0.65722644
3680,-0.6690979
3681,-0.6517026
3682,-0.6157835
3683,-0.55859387
3684,-0.4973146
3685,-0.42172238
3686,-0.35351568
3687,-0.2861328
3688,-0.22985847
3689,-0.17071521
3690,-0.13500974
3691,-0.10971069
3692,-0.089874245
3693,-0.084289506
3694,-0.095947266
3695,-0.12756339
3696,-0.17770378
3697,-0.23593141
3698,-0.30926508
3699,-0.37832654
3700,-0.43661487
3701,-0.4820251
3702,-0.5176392
3703,-0.539459
3704,-0.5543824
3705,-0.5566406
3706,-0.5509033
3707,-0.5393677
3708,-0.5129394
3709,-0.47769147
3710,-0.43118286
3711,-0.38504016
3712,-0.32968134
3713,-0.26620483
3714,-0.21182252
3715,-0.16171265
3716,-0.11929321
3717,-0.08291632
3718,-0.051940918
3719,-0.026214581
3720,-0.0072326213
3721,0.009307846
3722,0.012695298
3723,0.0066833347
3724,-0.0110474825
3725,-0.039794996
3726,-0.07952897
3727,-0.12789902
3728,-0.18145734
3729,-0.24560553
3730,-0.30416873
3731,-0.35729977
3732,-0.39132684
3733,-0.41467285
3734,-0.4191894
3735,-0.40579224
3736,-0.38528442
3737,-0.352417
3738,-0.31103516
3739,-0.25512695
3740,-0.19506836
3741,-0.12783812
3742,-0.058654785
3743,0.010162458
3744,0.06768794
3745,0.116424546
3746,0.15121463
3747,0.17034903
3748,0.18313594
3749,0.18347171
3750,0.18527229
3751,0.18334964
3752,0.1874696
3753,0.19110098
3754,0.19937137
3755,0.2057189
3756,0.2208556
3757,0.23931885
3758,0.25949097
3759,0.2861023
3760,0.31784058
3761,0.35723877
3762,0.39816284
3763,0.4379273
3764,0.47250366
3765,0.49612433
3766,0.5117492
3767,0.51312256
3768,0.51022345
3769,0.50061023
3770,0.48797607
3771,0.47546387
3772,0.4572754
3773,0.44049078
3774,0.4077149
3775,0.37445056
3776,0.32208252
3777,0.285736
3778,0.23446648
3779,0.18414307
3780,0.14367676
3781,0.11199953
3782,0.08767699
3783,0.062255874
3784,0.040954575
3785,0.011505157
3786,-0.02047731
3787,-0.05206299
3788,-0.07537845
3789,-0.090789735
3790,-0.08898927
3791,-0.08193961
3792,-0.061218306
3793,-0.031158403
3794,0.0025634766
3795,0.03613279
3796,0.06304926
3797,0.09097296
3798,0.10711672
3799,0.13681033
3800,0.14950567
3801,0.15985107
3802,0.17370605
3803,0.18295288
3804,0.19119264
3805,0.19613646
3806,0.2006531
3807,0.20175171
3808,0.19461058
3809,0.18710326
3810,0.17419432
3811,0.15643312
3812,0.1366882
3813,0.11502075
3814,0.08966063
3815,0.06674199
3816,0.04000855
3817,0.008300751
3818,-0.016265918
3819,-0.04421993
3820,-0.05892945
3821,-0.08728026
3822,-0.10153191
3823,-0.1166382
3824,-0.1289978
3825,-0.14501952
3826,-0.1585388
3827,-0.16888426
3828,-0.176239
3829,-0.17745972
3830,-0.17001347
3831,-0.16171263
3832,-0.15292357
3833,-0.13906853
3834,-0.13412483
3835,-0.1267395
3836,-0.12872313
3837,-0.1367187
3838,-0.1544189
3839,-0.17306525
3840,-0.1924134
3841,-0.21597289
3842,-0.23526002
3843,-0.2643127
3844,-0.28305048
3845,-0.29833984
3846,-0.30911255
3847,-0.3154297
3848,-0.317688
3849,-0.313385
3850,-0.30593872
3851,-0.2922058
3852,-0.27011108
3853,-0.24786375
3854,-0.22302245
3855,-0.19467165
3856,-0.17501834
3857,-0.15475464
3858,-0.13824463
3859,-0.12765503
3860,-0.118072495
3861,-0.106994644
3862,-0.08959961
3863,-0.0770569
3864,-0.06750488
3865,-0.06781006
3866,-0.0641785
3867,-0.062347405
3868,-0.0610962
3869,-0.055053696
3870,-0.046081588
3871,-0.038940422
3872,-0.031463653
3873,-0.028594986
3874,-0.027252167
3875,-0.034515396
3876,-0.047821045
3877,-0.06549069
3878,-0.083343506
3879,-0.098785385
3880,-0.11196901
3881,-0.11972043
3882,-0.12377928
3883,-0.123687744
3884,-0.13070679
3885,-0.13372803
3886,-0.14019775
3887,-0.14346313
3888,-0.15042117
3889,-0.15429689
3890,-0.16262817
3891,-0.16769408
3892,-0.17163086
3893,-0.17410278
3894,-0.17492676
3895,-0.17517088
3896,-0.17712401
3897,-0.17428589
3898,-0.1725769
3899,-0.17422485
3900,-0.16400145
3901,-0.15969849
3902,-0.14416505
3903,-0.12673949
3904,-0.09622195
3905,-0.06692501
3906,-0.034820527
3907,0.001434356
3908,0.043884292
3909,0.09301756
3910,0.14160155
3911,0.19592287
3912,0.24606325
3913,0.29205322
3914,0.32763672
3915,0.3614807
3916,0.38540652
3917,0.4038391
3918,0.41030884
3919,0.4144287
3920,0.40884396
3921,0.39172363
3922,0.37127686
3923,0.34225464
3924,0.31185913
3925,0.2825928
3926,0.26016235
3927,0.24182129
3928,0.23260498
3929,0.22869876
3930,0.23260498
3931,0.2340698
3932,0.23983763
3933,0.24334715
3934,0.24621582
3935,0.24108887
3936,0.23071289
3937,0.21432498
3938,0.1953125
3939,0.17468263
3940,0.1543579
3941,0.1371155
3942,0.13027954
3943,0.13119507
3944,0.13442993
3945,0.15008543
3946,0.16058351
3947,0.17425537
3948,0.1850586
3949,0.19458008
3950,0.20376585
3951,0.20602416
3952,0.2009277
3953,0.19540405
3954,0.214386
3955,0.26004028
3956,0.3370972
3957,0.4257203
3958,0.5106201
3959,0.5711365
3960,0.60467535
3961,0.598236
3962,0.5553893
3963,0.46371454
3964,0.33114618
3965,0.16653442
3966,-0.025024425
3967,-0.21987921
3968,-0.421997
3969,-0.6086427
3970,-0.78240955
3971,-0.92285156
3972,-1.025177
3973,-1.0935059
3974,-1.1258545
3975,-1.1269531
3976,-1.113678
3977,-1.0939025
3978,-1.0673218
3979,-1.0295409
3980,-0.97332764
3981,-0.90133667
3982,-0.8104249
3983,-0.691864
3984,-0.5487365
3985,-0.38098142
3986,-0.1957092
3987,-0.00064086914
3988,0.18737802
3989,0.3630371
3990,0.5151366
3991,0.6440431
3992,0.736328
3993,0.7975463
3994,0.8204957
3995,0.8157348
3996,0.7865601
3997,0.73889154
3998,0.6596069
3999,0.55587775
4000,0.4256286
4001,0.28704822
4002,0.15280145
4003,0.03729242
4004,-0.055999696
4005,-0.12390131
4006,-0.15628046
4007,-0.16134644
4008,-0.13388053
4009,-0.08786005
4010,-0.020019472
4011,0.047973692
4012,0.13052362
4013,0.20605475
4014,0.27932745
4015,0.3433534
4016,0.3930054
4017,0.4350282
4018,0.46060178
4019,0.47290042
4020,0.45138553
4021,0.40255734
4022,0.31802362
4023,0.21743771
4024,0.10244751
4025,-0.0059813857
4026,-0.10656746
4027,-0.19509888
4028,-0.2673645
4029,-0.3200073
4030,-0.35559088
4031,-0.37530518
4032,-0.37921143
4033,-0.37487796
4034,-0.3552245
4035,-0.33187872
4036,-0.2985534
4037,-0.2644958
4038,-0.23236099
4039,-0.2008973
4040,-0.1754762
4041,-0.15261823
4042,-0.10656744
4043,-0.03524804
4044,0.05920422
4045,0.16378802
4046,0.25936884
4047,0.3315736
4048,0.3769836
4049,0.38241556
4050,0.33996573
4051,0.24948108
4052,0.11199942
4053,-0.056945816
4054,-0.24099737
4055,-0.42306522
4056,-0.5977782
4057,-0.7536928
4058,-0.8760986
4059,-0.96847534
4060,-1.0215455
4061,-1.0400085
4062,-1.0203247
4063,-0.9663391
4064,-0.85565186
4065,-0.6896972
4066,-0.47473133
4067,-0.23785383
4068,-0.004455507
4069,0.20220947
4070,0.36666876
4071,0.48742664
4072,0.5466002
4073,0.553192
4074,0.5021666
4075,0.41226196
4076,0.28604126
4077,0.14721674
4078,-0.0077819973
4079,-0.15811163
4080,-0.3007813
4081,-0.42279065
4082,-0.5188598
4083,-0.5840455
4084,-0.6174315
4085,-0.622162
4086,-0.6113282
4087,-0.5864562
4088,-0.5498657
4089,-0.49984747
4090,-0.42825323
4091,-0.33889782
4092,-0.23690796
4093,-0.11495966
4094,0.026397765
4095,0.19015506
4096,0.3750001
4097,0.5747681
4098,0.7737123
4099,0.9614868
4100,1.1290891
4101,1.2699282
4102,1.373535
4103,1.4443665
4104,1.4797975
4105,1.4842224
4106,1.4637452
4107,1.4146116
4108,1.3310852
4109,1.2105409
4110,1.0551757
4111,0.862152
4112,0.6305541
4113,0.3798827
4114,0.14733896
4115,-0.021392643
4116,-0.09777829
4117,-0.09344478
4118,-0.023071244
4119,0.096069396
4120,0.24243176
4121,0.3856202
4122,0.5058595
4123,0.5863342
4124,0.61965954
4125,0.6083376
4126,0.5489501
4127,0.45391858
4128,0.33047467
4129,0.19525158
4130,0.03970343
4131,-0.1298219
4132,-0.3088073
4133,-0.4715881
4134,-0.60552984
4135,-0.6976318
4136,-0.75894177
4137,-0.8113099
4138,-0.85934454
4139,-0.90362537
4140,-0.92993164
4141,-0.9503785
4142,-0.95162976
4143,-0.9388124
4144,-0.89770496
4145,-0.8384094
4146,-0.7556762
4147,-0.6656494
4148,-0.570923
4149,-0.48229992
4150,-0.40628058
4151,-0.34005722
4152,-0.28442383
4153,-0.24090593
4154,-0.20819086
4155,-0.17495719
4156,-0.13833621
4157,-0.097106814
4158,-0.05883798
4159,-0.043762326
4160,-0.06274408
4161,-0.11141974
4162,-0.17874151
4163,-0.26049805
4164,-0.33972174
4165,-0.40802
4166,-0.4513855
4167,-0.4691773
4168,-0.4555664
4169,-0.42041022
4170,-0.36520392
4171,-0.2945557
4172,-0.22000113
4173,-0.14105219
4174,-0.068664566
4175,0.00042720512
4176,0.0584106
4177,0.11547849
4178,0.17810065
4179,0.2388916
4180,0.28482056
4181,0.29669186
4182,0.27038577
4183,0.21435541
4184,0.13919061
4185,0.05078125
4186,-0.039245635
4187,-0.12161252
4188,-0.18777466
4189,-0.22943117
4190,-0.24865727
4191,-0.2423707
4192,-0.21228027
4193,-0.16018681
4194,-0.09661858
4195,-0.0341797
4196,0.028839089
4197,0.083435066
4198,0.12994382
4199,0.14382933
4200,0.12118536
4201,0.063446015
4202,0.009216337
4203,-0.0055235634
4204,0.046203643
4205,0.15484613
4206,0.2932434
4207,0.45874026
4208,0.6230164
4209,0.76947033
4210,0.8712769
4211,0.92999256
4212,0.93603516
4213,0.9013671
4214,0.82760614
4215,0.73043835
4216,0.6228637
4217,0.5080566
4218,0.40222168
4219,0.30166632
4220,0.20916742
4221,0.108825624
4222,-0.013214052
4223,-0.14892587
4224,-0.27008054
4225,-0.3354796
4226,-0.32989514
4227,-0.2614135
4228,-0.1505127
4229,-0.0080567
4230,0.14327998
4231,0.28479004
4232,0.39642346
4233,0.46743762
4234,0.49691772
4235,0.48770142
4236,0.44287097
4237,0.3681336
4238,0.27731317
4239,0.18353271
4240,0.0910034
4241,0.0069580227
4242,-0.05923462
4243,-0.10247806
4244,-0.11520386
4245,-0.09542853
4246,-0.06781006
4247,-0.050353974
4248,-0.05706793
4249,-0.094207704
4250,-0.14544672
4251,-0.21365362
4252,-0.2836305
4253,-0.34948742
4254,-0.39404297
4255,-0.4234314
4256,-0.42663574
4257,-0.41461182
4258,-0.38418573
4259,-0.34725955
4260,-0.30227658
4261,-0.2519531
4262,-0.20288087
4263,-0.15957643
4264,-0.1199951
4265,-0.07910156
4266,-0.028076168
4267,0.025207542
4268,0.06469725
4269,0.074096605
4270,0.03894049
4271,-0.028991714
4272,-0.120910674
4273,-0.2259216
4274,-0.33135986
4275,-0.42996216
4276,-0.50921637
4277,-0.56607056
4278,-0.59619147
4279,-0.60665894
4280,-0.59133905
4281,-0.55926526
4282,-0.51904285
4283,-0.47171018
4284,-0.42950433
4285,-0.3884583
4286,-0.35070804
4287,-0.30816644
4288,-0.25009152
4289,-0.18392938
4290,-0.118530214
4291,-0.07861331
4292,-0.06820679
4293,-0.08502203
4294,-0.11941528
4295,-0.16693112
4296,-0.21743783
4297,-0.2581482
4298,-0.28445435
4299,-0.28506464
4300,-0.26602167
4301,-0.22964472
4302,-0.17736812
4303,-0.1114197
4304,-0.04257201
4305,0.021087648
4306,0.08276365
4307,0.13497928
4308,0.1824646
4309,0.22384642
4310,0.25549316
4311,0.286438
4312,0.31695554
4313,0.347351
4314,0.3768617
4315,0.40884393
4316,0.4348144
4317,0.45968628
4318,0.477234
4319,0.49728397
4320,0.51043713
4321,0.52862555
4322,0.543396
4323,0.5599061
4324,0.5707092
4325,0.58053595
4326,0.5878905
4327,0.59085083
4328,0.59313965
4329,0.5998535
4330,0.6003418
4331,0.6044005
4332,0.6011352
4333,0.5942687
4334,0.58151245
4335,0.5625916
4336,0.5438844
4337,0.5186157
4338,0.49624628
4339,0.46936035
4340,0.44131476
4341,0.4125061
4342,0.38369748
4343,0.35284424
4344,0.31820682
4345,0.29135132
4346,0.25912476
4347,0.2271424
4348,0.19757077
4349,0.17373659
4350,0.15390009
4351,0.13754277
4352,0.12252809
4353,0.10485839
4354,0.08346559
4355,0.058746368
4356,0.028137162
4357,-0.008636519
4358,-0.05050657
4359,-0.09457397
4360,-0.14007564
4361,-0.18521118
4362,-0.22833249
4363,-0.26971436
4364,-0.30847174
4365,-0.34344488
4366,-0.37597662
4367,-0.40429693
4368,-0.4317627
4369,-0.45928967
4370,-0.4870299
4371,-0.51474
4372,-0.54550165
4373,-0.58200073
4374,-0.61483765
4375,-0.65225214
4376,-0.68090814
4377,-0.71017444
4378,-0.7290344
4379,-0.7451782
4380,-0.75207525
4381,-0.75024414
4382,-0.7392272
4383,-0.71447754
4384,-0.68185437
4385,-0.64404297
4386,-0.60525525
4387,-0.56777954
4388,-0.53710943
4389,-0.5132752
4390,-0.49502563
4391,-0.4783631
4392,-0.46908557
4393,-0.46322632
4394,-0.45980832
4395,-0.46527103
4396,-0.46426395
4397,-0.46591178
4398,-0.46020502
4399,-0.44845575
4400,-0.42572019
4401,-0.39477533
4402,-0.35290533
4403,-0.3062439
4404,-0.25353998
4405,-0.20007323
4406,-0.14514169
4407,-0.091217026
4408,-0.034942552
4409,0.019836485
4410,0.07897954
4411,0.13397223
4412,0.1906128
4413,0.24307255
4414,0.2890929
4415,0.3204651
4416,0.34591678
4417,0.36141962
4418,0.37677002
4419,0.3931884
4420,0.41668695
4421,0.44149768
4422,0.4663391
4423,0.4931031
4424,0.5172425
4425,0.5371399
4426,0.5524291
4427,0.559845
4428,0.5569764
4429,0.5456848
4430,0.5308534
4431,0.5107727
4432,0.493805
4433,0.47775275
4434,0.47003174
4435,0.46130377
4436,0.4604491
4437,0.4602356
4438,0.4608155
4439,0.46948236
4440,0.47235107
4441,0.47528064
4442,0.4737243
4443,0.4656676
4444,0.44766235
4445,0.42642218
4446,0.39517218
4447,0.36575323
4448,0.32763666
4449,0.2921753
4450,0.24865729
4451,0.2081299
4452,0.16802979
4453,0.12960815
4454,0.09426884
4455,0.071075454
4456,0.054504395
4457,0.038574234
4458,0.028564425
4459,0.019836439
4460,0.0082091745
4461,0.0013123173
4462,-0.009124765
4463,-0.012420634
4464,-0.02111815
4465,-0.022827134
4466,-0.029205352
4467,-0.029327467
4468,-0.034271225
4469,-0.033752434
4470,-0.039550744
4471,-0.039794892
4472,-0.040924057
4473,-0.040863022
4474,-0.04153447
4475,-0.040283203
4476,-0.042602524
4477,-0.050109893
4478,-0.059387207
4479,-0.071991
4480,-0.08142088
4481,-0.08856203
4482,-0.09454347
4483,-0.10052484
4484,-0.10809328
4485,-0.12115474
4486,-0.14108275
4487,-0.16055298
4488,-0.18103032
4489,-0.20245366
4490,-0.22229005
4491,-0.2414856
4492,-0.25222778
4493,-0.25579834
4494,-0.24578859
4495,-0.22796631
4496,-0.20272832
4497,-0.17480469
4498,-0.15054321
4499,-0.13406375
4500,-0.12884523
4501,-0.12731932
4502,-0.13537592
4503,-0.14242557
4504,-0.14752199
4505,-0.15191646
4506,-0.15792847
4507,-0.16149902
4508,-0.16384888
4509,-0.16268915
4510,-0.16113286
4511,-0.15710455
4512,-0.15005493
4513,-0.14566043
4514,-0.12963861
4515,-0.11804202
4516,-0.09887692
4517,-0.08666991
4518,-0.07138063
4519,-0.060546875
4520,-0.04946901
4521,-0.04019165
4522,-0.0317688
4523,-0.019500718
4524,-0.013122544
4525,-0.004028335
4526,0.003326416
4527,0.00775145
4528,0.011810318
4529,0.009460449
4530,0.013275161
4531,0.00677491
4532,0.0016174391
4533,-0.01077269
4534,-0.023071282
4535,-0.038024902
4536,-0.05505371
4537,-0.06903078
4538,-0.08636473
4539,-0.10049437
4540,-0.11441039
4541,-0.12673952
4542,-0.14251707
4543,-0.15438844
4544,-0.16799927
4545,-0.17700195
4546,-0.18395995
4547,-0.1864624
4548,-0.19030762
4549,-0.1894226
4550,-0.18688965
4551,-0.1821289
4552,-0.17361449
4553,-0.1630249
4554,-0.15017699
4555,-0.13000485
4556,-0.107452415
4557,-0.0788269
4558,-0.05935671
4559,-0.039215066
4560,-0.03137207
4561,-0.02435302
4562,-0.02664186
4563,-0.03271482
4564,-0.038604744
4565,-0.041473404
4566,-0.03677369
4567,-0.036376975
4568,-0.027008086
4569,-0.024780259
4570,-0.022399902
4571,-0.022003159
4572,-0.019622818
4573,-0.011688232
4574,-0.0012207031
4575,0.016723633
4576,0.0345459
4577,0.056365967
4578,0.07492067
4579,0.09014894
4580,0.09893797
4581,0.1022339
4582,0.1029968
4583,0.105590835
4584,0.108947754
4585,0.11584474
4586,0.12957765
4587,0.14447021
4588,0.16348267
4589,0.17810059
4590,0.19366452
4591,0.20874022
4592,0.22317505
4593,0.23983765
4594,0.25335693
4595,0.26913452
4596,0.27960205
4597,0.29208374
4598,0.29977417
4599,0.30166626
4600,0.29730222
4601,0.2846985
4602,0.2713318
4603,0.2524414
4604,0.23849486
4605,0.2255554
4606,0.22146608
4607,0.222229
4608,0.23306273
4609,0.24603271
4610,0.25970456
4611,0.2730713
4612,0.28063965
4613,0.2845764
4614,0.2874756
4615,0.29089355
4616,0.29312134
4617,0.29708862
4618,0.29541016
4619,0.28933716
4620,0.28207397
4621,0.2687378
4622,0.25332645
4623,0.23452759
4624,0.21865846
4625,0.20098878
4626,0.18701173
4627,0.1680603
4628,0.15148926
4629,0.13217162
4630,0.10961913
4631,0.08340453
4632,0.056915276
4633,0.035034172
4634,0.0144653395
4635,-0.0010986477
4636,-0.012847893
4637,-0.02456665
4638,-0.035003632
4639,-0.047790512
4640,-0.06188965
4641,-0.08160402
4642,-0.10229492
4643,-0.12646481
4644,-0.14767455
4645,-0.17037965
4646,-0.19021605
4647,-0.20675658
4648,-0.21780394
4649,-0.22653198
4650,-0.23397827
4651,-0.24392702
4652,-0.25704956
4653,-0.27600098
4654,-0.29776
4655,-0.31933594
4656,-0.33953857
4657,-0.35980225
4658,-0.37799072
4659,-0.396698
4660,-0.4105835
4661,-0.4283142
4662,-0.43881223
4663,-0.44540405
4664,-0.44448853
4665,-0.4303589
4666,-0.40826416
4667,-0.37506104
4668,-0.33688354
4669,-0.30404663
4670,-0.27511597
4671,-0.25170898
4672,-0.2401428
4673,-0.2344055
4674,-0.23452759
4675,-0.23623656
4676,-0.23620605
4677,-0.23513797
4678,-0.23284912
4679,-0.22549435
4680,-0.21685793
4681,-0.20849611
4682,-0.2042847
4683,-0.19915771
4684,-0.19094846
4685,-0.1829834
4686,-0.17285155
4687,-0.16552737
4688,-0.15487671
4689,-0.14471436
4690,-0.1329346
4691,-0.12124634
4692,-0.10781862
4693,-0.08981323
4694,-0.072204575
4695,-0.048797596
4696,-0.018585194
4697,0.017974848
4698,0.055572525
4699,0.095459
4700,0.13259889
4701,0.1685791
4702,0.20111084
4703,0.23150635
4704,0.2564697
4705,0.27978513
4706,0.29925537
4707,0.318512
4708,0.3383789
4709,0.35479736
4710,0.36654663
4711,0.3739624
4712,0.37683105
4713,0.3771057
4714,0.37298584
4715,0.3653869
4716,0.35943604
4717,0.3475647
4718,0.3390503
4719,0.32260132
4720,0.3109131
4721,0.2935791
4722,0.28414917
4723,0.27062988
4724,0.26226807
4725,0.2515564
4726,0.24032593
4727,0.2311096
4728,0.21105957
4729,0.18685915
4730,0.15521239
4731,0.12030029
4732,0.07833864
4733,0.037811264
4734,-0.0054016113
4735,-0.03933716
4736,-0.07092282
4737,-0.09677124
4738,-0.11761479
4739,-0.13681032
4740,-0.15576169
4741,-0.17495722
4742,-0.19155884
4743,-0.20794684
4744,-0.22064212
4745,-0.22921757
4746,-0.23413084
4747,-0.23007193
4748,-0.21691898
4749,-0.19720459
4750,-0.17242433
4751,-0.1468506
4752,-0.12136841
4753,-0.09500123
4754,-0.0657959
4755,-0.041107167
4756,-0.016082756
4757,0.00088500604
4758,0.01882933
4759,0.027099624
4760,0.035278328
4761,0.045227062
4762,0.049896218
4763,0.064605705
4764,0.060302734
4765,0.055114754
4766,0.0379944
4767,0.022125266
4768,0.018066414
4769,0.03546138
4770,0.07052615
4771,0.104888916
4772,0.14355476
4773,0.176117
4774,0.20849603
4775,0.23254386
4776,0.23941031
4777,0.20443729
4778,0.19067389
4779,0.19976804
4780,0.23364258
4781,0.30664074
4782,0.37860113
4783,0.46514902
4784,0.53396606
4785,0.5845336
4786,0.60198975
4787,0.59188855
4788,0.5400697
4789,0.45861825
4790,0.34304816
4791,0.19967654
4792,0.038421653
4793,-0.12796019
4794,-0.28482062
4795,-0.42227173
4796,-0.5356444
4797,-0.62368774
4798,-0.6736754
4799,-0.68225104
4800,-0.6798707
4801,-0.674469
4802,-0.66741943
4803,-0.6645813
4804,-0.651947
4805,-0.6332704
4806,-0.5966796
4807,-0.5482788
4808,-0.47726446
4809,-0.38882452
4810,-0.28604126
4811,-0.18161014
4812,-0.08666996
4813,-0.010986388
4814,0.044921912
4815,0.084838875
4816,0.10949702
4817,0.12554926
4818,0.1275024
4819,0.122497626
4820,0.10824585
4821,0.11157231
4822,0.09417723
4823,0.06518556
4824,0.018188521
4825,-0.048797667
4826,-0.12210089
4827,-0.21350098
4828,-0.2993469
4829,-0.3827209
4830,-0.4403991
4831,-0.47427377
4832,-0.48455817
4833,-0.46893317
4834,-0.439148
4835,-0.3995056
4836,-0.35647583
4837,-0.2982483
4838,-0.23956305
4839,-0.17944339
4840,-0.12637332
4841,-0.07571404
4842,-0.023223855
4843,0.045837414
4844,0.09011842
4845,0.11279301
4846,0.10888675
4847,0.07101439
4848,0.019561723
4849,-0.046813935
4850,-0.11361691
4851,-0.16748041
4852,-0.21206659
4853,-0.24111946
4854,-0.2504273
4855,-0.23696913
4856,-0.18664552
4857,-0.09609982
4858,0.02337642
4859,0.1592102
4860,0.29718024
4861,0.43280035
4862,0.55847156
4863,0.67224115
4864,0.7503661
4865,0.77716064
4866,0.81182873
4867,0.86654663
4868,0.9337158
4869,1.0306091
4870,1.1251831
4871,1.2262574
4872,1.30896
4873,1.3655089
4874,1.3712158
4875,1.3214724
4876,1.2294924
4877,1.0944214
4878,0.9515993
4879,0.7989503
4880,0.65530396
4881,0.5055848
4882,0.3634644
4883,0.22857678
4884,0.10748291
4885,-0.0038453937
4886,-0.12030028
4887,-0.2632447
4888,-0.3710022
4889,-0.4373169
4890,-0.46505737
4891,-0.43176258
4892,-0.3801879
4893,-0.29553217
4894,-0.21044916
4895,-0.1368714
4896,-0.08035284
4897,-0.05368027
4898,-0.05090326
4899,-0.08074927
4900,-0.1399231
4901,-0.22827141
4902,-0.3294983
4903,-0.44168097
4904,-0.5462036
4905,-0.6435852
4906,-0.72097766
4907,-0.7851258
4908,-0.81903064
4909,-0.8239137
4910,-0.8145753
4911,-0.8085327
4912,-0.79422
4913,-0.7872925
4914,-0.7652283
4915,-0.7409669
4916,-0.7016908
4917,-0.6473388
4918,-0.5793457
4919,-0.49697894
4920,-0.40542608
4921,-0.3085327
4922,-0.22534177
4923,-0.15206921
4924,-0.09762561
4925,-0.0544433
4926,-0.018829346
4927,0.0017699897
4928,0.011352517
4929,0.0048523694
4930,0.0032348484
4931,0.0070190732
4932,-0.007568352
4933,-0.048370317
4934,-0.102447525
4935,-0.1835327
4936,-0.26806644
4937,-0.36325073
4938,-0.45635992
4939,-0.52981573
4940,-0.57598877
4941,-0.58444214
4942,-0.5705261
4943,-0.52496344
4944,-0.4740296
4945,-0.41037
4946,-0.35299677
4947,-0.2835388
4948,-0.21719366
4949,-0.14547735
4950,-0.07681275
4951,-0.0010985583
4952,0.08758545
4953,0.19992065
4954,0.29818726
4955,0.37860107
4956,0.43615723
4957,0.45620716
4958,0.46649158
4959,0.45611566
4960,0.44458014
4961,0.4293213
4962,0.42797852
4963,0.43624884
4964,0.46078497
4965,0.49188215
4966,0.53067017
4967,0.5636902
4968,0.59490967
4969,0.61517346
4970,0.6249389
4971,0.63049316
4972,0.62469476
4973,0.61953735
4974,0.60070795
4975,0.58547974
4976,0.560791
4977,0.54049677
4978,0.5074463
4979,0.47640985
4980,0.43945307
4981,0.4083252
4982,0.37908947
4983,0.34823614
4984,0.31869507
4985,0.2911074
4986,0.26702887
4987,0.24334717
4988,0.22683716
4989,0.20452896
4990,0.18951403
4991,0.17077635
4992,0.15338129
4993,0.13430786
4994,0.118896484
4995,0.10308838
4996,0.08380129
4997,0.0635681
4998,0.041107163
4999,0.01541136
5000,-0.0155944815
5001,-0.051757783
5002,-0.09490959
5003,-0.14266962
5004,-0.19055183
5005,-0.24124134
5006,-0.28964233
5007,-0.33462524
5008,-0.36859137
5009,-0.3965453
5010,-0.41027838
5011,-0.41369626
5012,-0.40182498
5013,-0.3814088
5014,-0.35116577
5015,-0.32308957
5016,-0.2876587
5017,-0.26327518
5018,-0.2400513
5019,-0.22842407
5020,-0.21490479
5021,-0.20910643
5022,-0.1990967
5023,-0.1888122
5024,-0.17938228
5025,-0.17111206
5026,-0.1701051
5027,-0.16915894
5028,-0.17648312
5029,-0.18835455
5030,-0.2041626
5031,-0.22064209
5032,-0.23840326
5033,-0.24719241
5034,-0.25439444
5035,-0.25173947
5036,-0.2453918
5037,-0.23074341
5038,-0.22195432
5039,-0.21066284
5040,-0.20617673
5041,-0.2046814
5042,-0.20770262
5043,-0.20999144
5044,-0.20773318
5045,-0.19628902
5046,-0.1833801
5047,-0.16464229
5048,-0.15130618
5049,-0.12933357
5050,-0.10507202
5051,-0.07376099
5052,-0.04550174
5053,-0.013458252
5054,0.015258804
5055,0.045532197
5056,0.06887823
5057,0.095184326
5058,0.12017822
5059,0.14633179
5060,0.16748047
5061,0.1914978
5062,0.20852663
5063,0.22839355
5064,0.24484256
5065,0.25994873
5066,0.2703247
5067,0.28045654
5068,0.29232788
5069,0.30465695
5070,0.31640625
5071,0.3265685
5072,0.33520508
5073,0.34094238
5074,0.3435974
5075,0.34634393
5076,0.3468323
5077,0.34036252
5078,0.33227542
5079,0.31427008
5080,0.29223633
5081,0.26345825
5082,0.23257443
5083,0.20489503
5084,0.18151858
5085,0.1609497
5086,0.1394043
5087,0.12008667
5088,0.09481812
5089,0.0680847
5090,0.040405244
5091,0.014160145
5092,-0.0041198395
5093,-0.02078252
5094,-0.031860355
5095,-0.043273933
5096,-0.050415043
5097,-0.056640655
5098,-0.0614624
5099,-0.06674194
5100,-0.07321167
5101,-0.08288573
5102,-0.09378052
5103,-0.10977174
5104,-0.117309585
5105,-0.12854005
5106,-0.12652591
5107,-0.12643433
5108,-0.117889404
5109,-0.11444092
5110,-0.10687256
5111,-0.11456299
5112,-0.12280272
5113,-0.14294435
5114,-0.15966798
5115,-0.18713382
5116,-0.20870973
5117,-0.23754883
5118,-0.25460815
5119,-0.27972412
5120,-0.29769897
5121,-0.31878662
5122,-0.32772827
5123,-0.33932495
5124,-0.34417725
5125,-0.35046387
5126,-0.35232544
5127,-0.3581543
5128,-0.35650635
5129,-0.3612671
5130,-0.35873413
5131,-0.35269165
5132,-0.33496094
5133,-0.3083191
5134,-0.28060913
5135,-0.25061035
5136,-0.22653198
5137,-0.20336917
5138,-0.18518066
5139,-0.16754149
5140,-0.15670775
5141,-0.15075685
5142,-0.14730833
5143,-0.14431764
5144,-0.1388855
5145,-0.12771606
5146,-0.11007692
5147,-0.086822495
5148,-0.06384277
5149,-0.0384216
5150,-0.021575898
5151,-0.0039673
5152,0.010375962
5153,0.023834214
5154,0.040222183
5155,0.06784056
5156,0.09390262
5157,0.12719728
5158,0.15472412
5159,0.18469241
5160,0.21398926
5161,0.24996948
5162,0.2783203
5163,0.30599976
5164,0.32788086
5165,0.34429932
5166,0.35269165
5167,0.35784912
5168,0.36325073
5169,0.3637085
5170,0.36465454
5171,0.36227417
5172,0.35629272
5173,0.35113525
5174,0.33917236
5175,0.32772827
5176,0.30551147
5177,0.28634644
5178,0.26593018
5179,0.2464905
5180,0.22863767
5181,0.2131043
5182,0.19540407
5183,0.1829834
5184,0.16659547
5185,0.1623535
5186,0.15423585
5187,0.15640259
5188,0.15466309
5189,0.16192627
5190,0.16293333
5191,0.16903685
5192,0.17144775
5193,0.17883301
5194,0.19268799
5195,0.20077518
5196,0.2020569
5197,0.20068358
5198,0.18884277
5199,0.16918945
5200,0.14599608
5201,0.12142941
5202,0.10076906
5203,0.080535896
5204,0.062835686
5205,0.040527336
5206,0.027069105
5207,0.014495857
5208,0.009887679
5209,0.010162359
5210,0.011596695
5211,0.010437014
5212,0.008819582
5213,0.0056457426
5214,-0.0020751813
5215,-0.011566184
5216,-0.020690931
5217,-0.02798462
5218,-0.03314209
5219,-0.036193836
5220,-0.03530883
5221,-0.040039055
5222,-0.043426543
5223,-0.04995729
5224,-0.054443344
5225,-0.061981224
5226,-0.07330324
5227,-0.094116196
5228,-0.11468505
5229,-0.13659668
5230,-0.15893555
5231,-0.17929077
5232,-0.19436646
5233,-0.2083435
5234,-0.22579956
5235,-0.24230957
5236,-0.26409912
5237,-0.28408813
5238,-0.30838013
5239,-0.32815552
5240,-0.34228516
5241,-0.3526001
5242,-0.35113525
5243,-0.34347534
5244,-0.3321228
5245,-0.3170166
5246,-0.30377197
5247,-0.2865601
5248,-0.26864624
5249,-0.24722289
5250,-0.2286072
5251,-0.21206665
5252,-0.19775389
5253,-0.18612671
5254,-0.17666627
5255,-0.16659544
5256,-0.15563965
5257,-0.14349364
5258,-0.12850952
5259,-0.11343382
5260,-0.10424804
5261,-0.09017944
5262,-0.072326675
5263,-0.056793198
5264,-0.03723146
5265,-0.016479492
5266,0.004425049
5267,0.028564468
5268,0.05593872
5269,0.083618164
5270,0.11984253
5271,0.1618042
5272,0.2003784
5273,0.2374878
5274,0.26223755
5275,0.2782898
5276,0.28424072
5277,0.28427124
5278,0.28027344
5279,0.27233887
5280,0.26556396
5281,0.25701904
5282,0.25289917
5283,0.24407962
5284,0.23138428
5285,0.22354124
5286,0.20486449
5287,0.19281006
5288,0.17703249
5289,0.16415405
5290,0.1456604
5291,0.12591554
5292,0.10156249
5293,0.08404541
5294,0.06500246
5295,0.049316406
5296,0.037078872
5297,0.020355217
5298,0.011230469
5299,-0.0012512356
5300,-0.0061340407
5301,-0.014373787
5302,-0.011657722
5303,-0.012634277
5304,0.004425034
5305,0.0138549805
5306,0.028076187
5307,0.040557846
5308,0.05340574
5309,0.065002434
5310,0.07348634
5311,0.08236693
5312,0.085754395
5313,0.083740234
5314,0.07348632
5315,0.055908203
5316,0.039764408
5317,0.022583013
5318,0.011962883
5319,0.0048828125
5320,0.0036621196
5321,0.00213623
5322,0.00234986
5323,-0.0033569313
5324,-0.0070495512
5325,-0.018920895
5326,-0.028594965
5327,-0.03796387
5328,-0.045349117
5329,-0.05395507
5330,-0.05987548
5331,-0.06649779
5332,-0.0727234
5333,-0.079223625
5334,-0.0836792
5335,-0.08770752
5336,-0.09393309
5337,-0.102142334
5338,-0.111907974
5339,-0.120269775
5340,-0.12637329
5341,-0.124572754
5342,-0.11935425
5343,-0.10919188
5344,-0.101593
5345,-0.08969116
5346,-0.08026122
5347,-0.0708313
5348,-0.06744385
5349,-0.06600952
5350,-0.06753539
5351,-0.0776062
5352,-0.08963012
5353,-0.10787963
5354,-0.12139894
5355,-0.1368103
5356,-0.13967896
5357,-0.13412476
5358,-0.11358641
5359,-0.09298706
5360,-0.06668094
5361,-0.044555657
5362,-0.024719246
5363,-0.0026245136
5364,0.010589579
5365,0.02810669
5366,0.03826905
5367,0.052581787
5368,0.056915276
5369,0.06735228
5370,0.06375122
5371,0.06591797
5372,0.0637207
5373,0.059417725
5374,0.051788338
5375,0.037536617
5376,0.024291994
5377,0.011169434
5378,-0.00027465448
5379,-0.0058593797
5380,-0.0073242253
5381,-0.005401613
5382,-0.0028991774
5383,0.0029297024
5384,0.006134033
5385,0.0022583008
5386,-0.0050048903
5387,-0.013183616
5388,-0.0231018
5389,-0.030517586
5390,-0.04492189
5391,-0.053710952
5392,-0.06637576
5393,-0.07537842
5394,-0.0804138
5395,-0.077484146
5396,-0.06777954
5397,-0.05459594
5398,-0.037414543
5399,-0.025360122
5400,-0.014343258
5401,-0.014160149
5402,-0.017211918
5403,-0.021209713
5404,-0.02383422
5405,-0.025665287
5406,-0.019683827
5407,-0.021331787
5408,-0.017120369
5409,-0.020446777
5410,-0.01861573
5411,-0.021270745
5412,-0.016662598
5413,-0.014709495
5414,-0.007080078
5415,0.004425049
5416,0.02740477
5417,0.05206298
5418,0.08914183
5419,0.123992935
5420,0.15737914
5421,0.18008421
5422,0.19503786
5423,0.19732668
5424,0.18746947
5425,0.16567995
5426,0.13888551
5427,0.10824585
5428,0.0793457
5429,0.0574646
5430,0.0404358
5431,0.02954101
5432,0.025970452
5433,0.029785156
5434,0.037384033
5435,0.04263307
5436,0.050933834
5437,0.057922352
5438,0.05981444
5439,0.06408692
5440,0.06307984
5441,0.06854248
5442,0.07577515
5443,0.08908082
5444,0.112915054
5445,0.13552858
5446,0.16119385
5447,0.17886353
5448,0.19000247
5449,0.18865967
5450,0.177124
5451,0.1628418
5452,0.13739014
5453,0.09826662
5454,0.048400886
5455,-0.009094238
5456,-0.067230225
5457,-0.12646484
5458,-0.1854248
5459,-0.24868777
5460,-0.31658936
5461,-0.38259897
5462,-0.44763178
5463,-0.50442517
5464,-0.5496826
5465,-0.57385254
5466,-0.58789057
5467,-0.58236694
5468,-0.5648192
5469,-0.5372313
5470,-0.49987787
5471,-0.4575805
5472,-0.4108582
5473,-0.35873413
5474,-0.3103942
5475,-0.25225827
5476,-0.20111087
5477,-0.14407352
5478,-0.09072875
5479,-0.030426003
5480,0.035430904
5481,0.099487334
5482,0.16262819
5483,0.21804813
5484,0.26257324
5485,0.2961732
5486,0.3197326
5487,0.3349
5488,0.33395374
5489,0.32504272
5490,0.30828854
5491,0.2929382
5492,0.27600092
5493,0.25851434
5494,0.24182138
5495,0.21862794
5496,0.19403073
5497,0.16723633
5498,0.14276123
5499,0.114562996
5500,0.08837894
5501,0.06387329
5502,0.0430603
5503,0.025543246
5504,0.01965331
5505,0.018524207
5506,0.02597043
5507,0.035797164
5508,0.04321292
5509,0.045562714
5510,0.04052736
5511,0.032470703
5512,0.016601518
5513,0.0065307617
5514,-0.0033569857
5515,-0.0035400167
5516,-0.00024410337
5517,0.012939468
5518,0.035827585
5519,0.069458
5520,0.112518325
5521,0.16290285
5522,0.22058105
5523,0.27746582
5524,0.33392334
5525,0.3980408
5526,0.46258545
5527,0.5290528
5528,0.59436023
5529,0.6533509
5530,0.6967163
5531,0.7191468
5532,0.730774
5533,0.73376477
5534,0.7242431
5535,0.703247
5536,0.6760864
5537,0.6364441
5538,0.57431036
5539,0.4999085
5540,0.4059143
5541,0.30487067
5542,0.19601442
5543,0.080200195
5544,-0.040771477
5545,-0.16537476
5546,-0.29693604
5547,-0.42239386
5548,-0.54782104
5549,-0.6613161
5550,-0.7582091
5551,-0.8356934
5552,-0.8923034
5553,-0.9236756
5554,-0.92874134
5555,-0.9154664
5556,-0.88784784
5557,-0.8521726
5558,-0.81066895
5559,-0.7657775
5560,-0.7167664
5561,-0.6642761
5562,-0.6131592
5563,-0.5642089
5564,-0.5241699
5565,-0.48162836
5566,-0.44757086
5567,-0.40594476
5568,-0.37286377
5569,-0.3444519
5570,-0.3234863
5571,-0.31231695
5572,-0.3006286
5573,-0.2935182
5574,-0.27493292
5575,-0.250763
5576,-0.22042847
5577,-0.18502808
5578,-0.14385974
5579,-0.10473624
5580,-0.06335437
5581,-0.025939971
5582,0.02053827
5583,0.0663757
5584,0.11502081
5585,0.1619873
5586,0.21038805
5587,0.25897208
5588,0.3063049
5589,0.35079962
5590,0.39657587
5591,0.42913812
5592,0.45889276
5593,0.4707947
5594,0.47564697
5595,0.4637757
5596,0.45202634
5597,0.43045044
5598,0.4022826
5599,0.3631897
5600,0.31991577
5601,0.2753601
5602,0.22051999
5603,0.17303461
5604,0.12643433
5605,0.091979906
5606,0.067657456
5607,0.047149524
5608,0.034668013
5609,0.026367158
5610,0.024658233
5611,0.022582948
5612,0.028198272
5613,0.03463748
5614,0.047302186
5615,0.067352355
5616,0.08834815
5617,0.10784906
5618,0.121673584
5619,0.12689206
5620,0.12277222
5621,0.117736995
5622,0.11047363
5623,0.11355579
5624,0.11880496
5625,0.13778692
5626,0.15139773
5627,0.1612854
5628,0.16906741
5629,0.1717224
5630,0.17315681
5631,0.16354372
5632,0.15698245
5633,0.14157099
5634,0.12841801
5635,0.11715703
5636,0.11059575
5637,0.11279297
5638,0.115142815
5639,0.12237567
5640,0.11624144
5641,0.10650652
5642,0.08627324
5643,0.06597899
5644,0.045349047
5645,0.028106697
5646,0.016845636
5647,0.008666992
5648,-0.0023192242
5649,-0.021819977
5650,-0.0525513
5651,-0.08520499
5652,-0.121459916
5653,-0.16561884
5654,-0.2121277
5655,-0.25894165
5656,-0.30685425
5657,-0.34237665
5658,-0.3719787
5659,-0.38900763
5660,-0.39843738
5661,-0.39358515
5662,-0.3857116
5663,-0.36645508
5664,-0.34371942
5665,-0.3171999
5666,-0.29132086
5667,-0.2668761
5668,-0.2399903
5669,-0.21682741
5670,-0.18243402
5671,-0.15075673
5672,-0.11248791
5673,-0.0726317
5674,-0.029052794
5675,0.022094741
5676,0.06970206
5677,0.12530532
5678,0.17120351
5679,0.21853633
5680,0.25329596
5681,0.28070074
5682,0.29754648
5683,0.3096313
5684,0.32150272
5685,0.3296203
5686,0.33911133
5687,0.34237665
5688,0.34396365
5689,0.3352661
5690,0.3200989
5691,0.29299924
5692,0.26275632
5693,0.23309329
5694,0.20629881
5695,0.17742921
5696,0.14776602
5697,0.120086595
5698,0.09475705
5699,0.069397025
5700,0.048034586
5701,0.025390536
5702,6.0923398e-05
5703,-0.0295716
5704,-0.056121845
5705,-0.09048473
5706,-0.115112245
5707,-0.14346328
5708,-0.1647034
5709,-0.19097891
5710,-0.2129211
5711,-0.23321536
5712,-0.25451657
5713,-0.27001947
5714,-0.286316
5715,-0.2929078
5716,-0.29388428
5717,-0.28457654
5718,-0.27453607
5719,-0.2554016
5720,-0.23712154
5721,-0.21569832
5722,-0.19680782
5723,-0.18218996
5724,-0.17431645
5725,-0.16802979
5726,-0.16851814
5727,-0.17410289
5728,-0.1824646
5729,-0.1924745
5730,-0.20104985
5731,-0.20553575
5732,-0.20211792
5733,-0.19467168
5734,-0.17898555
5735,-0.1591186
5736,-0.13436897
5737,-0.10610968
5738,-0.07900995
5739,-0.05172738
5740,-0.027526774
5741,-0.006927483
5742,0.011199983
5743,0.021331696
5744,0.030090392
5745,0.030700713
5746,0.035064742
5747,0.033721946
5748,0.033386275
5749,0.030578658
5750,0.021514863
5751,0.012329116
5752,-0.00057981536
5753,-0.013763495
5754,-0.026672363
5755,-0.038726777
5756,-0.047393814
5757,-0.051696762
5758,-0.04907228
5759,-0.041931167
5760,-0.0335693
5761,-0.020935073
5762,-0.0023192912
5763,0.013732903
5764,0.030059814
5765,0.040679872
5766,0.047546446
5767,0.051971465
5768,0.05645758
5769,0.059875518
5770,0.06210333
5771,0.06811525
5772,0.07150267
5773,0.07781984
5774,0.07940677
5775,0.08276361
5776,0.08074954
5777,0.07904056
5778,0.07476804
5779,0.07141113
5780,0.06820679
5781,0.06414798
5782,0.061645508
5783,0.05615236
5784,0.051544204
5785,0.05072023
5786,0.051361084
5787,0.057281494
5788,0.06832888
5789,0.07839965
5790,0.09484871
5791,0.107025184
5792,0.12094124
5793,0.1339722
5794,0.15231323
5795,0.16937259
5796,0.18731691
5797,0.20239253
5798,0.21209715
5799,0.21771239
5800,0.21691895
5801,0.21441647
5802,0.20620726
5803,0.19647217
5804,0.18731691
5805,0.18041992
5806,0.17465208
5807,0.16848755
5808,0.16775513
5809,0.17004395
5810,0.17343138
5811,0.17782593
5812,0.18023683
5813,0.18136595
5814,0.18005371
5815,0.17486575
5816,0.169281
5817,0.16183469
5818,0.15496828
5819,0.14871217
5820,0.14010619
5821,0.13375852
5822,0.12597659
5823,0.11849975
5824,0.105773926
5825,0.0923767
5826,0.07467653
5827,0.061370827
5828,0.044464104
5829,0.03555299
5830,0.02169798
5831,0.014587373
5832,0.0064391866
5833,0.005187981
5834,0.00039673597
5835,0.002593983
5836,-0.0026855431
5837,-0.006713856
5838,-0.015747063
5839,-0.028503412
5840,-0.03860474
5841,-0.051147442
5842,-0.058288574
5843,-0.06289674
5844,-0.06341551
5845,-0.06616211
5846,-0.06777954
5847,-0.07058716
5848,-0.072784424
5849,-0.08187867
5850,-0.09259033
5851,-0.10479737
5852,-0.12020875
5853,-0.13409424
5854,-0.14816284
5855,-0.15490721
5856,-0.16323856
5857,-0.16250609
5858,-0.16571046
5859,-0.16162111
5860,-0.16134644
5861,-0.15676877
5862,-0.15832521
5863,-0.16189574
5864,-0.17929076
5865,-0.23098752
5866,-0.2995606
5867,-0.36099243
5868,-0.44619742
5869,-0.487732
5870,-0.40048218
5871,-0.2926941
5872,-0.16741943
5873,-0.021209717
5874,0.12887567
5875,0.25259405
5876,0.33477774
5877,0.36764535
5878,0.35952747
5879,0.3102113
5880,0.23263538
5881,0.1301269
5882,0.020996034
5883,-0.0859375
5884,-0.1814575
5885,-0.25872803
5886,-0.3139648
5887,-0.33618164
5888,-0.33557138
5889,-0.32714844
5890,-0.2914124
5891,-0.26635736
5892,-0.29449472
5893,-0.32724005
5894,-0.35836795
5895,-0.39974976
5896,-0.43582153
5897,-0.45700073
5898,-0.45571896
5899,-0.4360656
5900,-0.39483637
5901,-0.33844
5902,-0.27056885
5903,-0.19351192
5904,-0.11651613
5905,-0.036315918
5906,0.03485109
5907,0.10443116
5908,0.16732788
5909,0.23654175
5910,0.30450445
5911,0.35882568
5912,0.42242426
5913,0.45281982
5914,0.42034915
5915,0.37356573
5916,0.324646
5917,0.25360104
5918,0.18807988
5919,0.12612915
5920,0.08502199
5921,0.060394198
5922,0.053283714
5923,0.06317134
5924,0.08856203
5925,0.124603316
5926,0.16256715
5927,0.20046996
5928,0.23397827
5929,0.26556394
5930,0.29281616
5931,0.33386233
5932,0.3733216
5933,0.40881348
5934,0.44613642
5935,0.45825195
5936,0.4032288
5937,0.33633423
5938,0.25341803
5939,0.16027834
5940,0.056854278
5941,-0.03332521
5942,-0.10253902
5943,-0.1450196
5944,-0.16723634
5945,-0.16336064
5946,-0.14654538
5947,-0.11138913
5948,-0.069488496
5949,-0.026550293
5950,0.0122070275
5951,0.04156493
5952,0.05252073
5953,0.01867675
5954,-0.03640742
5955,-0.0909424
5956,-0.17654413
5957,-0.22116098
5958,-0.13885495
5959,-0.03939818
5960,0.07165528
5961,0.213562
5962,0.35638428
5963,0.4773255
5964,0.5554503
5965,0.59097296
5966,0.58517444
5967,0.5374452
5968,0.45730585
5969,0.35098258
5970,0.23684686
5971,0.11749268
5972,0.0061034933
5973,-0.097656235
5974,-0.19989014
5975,-0.3207093
5976,-0.4446107
5977,-0.546051
5978,-0.66320795
5979,-0.7201538
5980,-0.64868176
5981,-0.5418397
5982,-0.41937262
5983,-0.2637024
5984,-0.10821543
5985,0.031036448
5986,0.12484729
5987,0.18066424
5988,0.20260614
5989,0.1845399
5990,0.14468375
5991,0.076690614
5992,0.0033263713
5993,-0.079132065
5994,-0.1498413
5995,-0.2147522
5996,-0.25448608
5997,-0.2650147
5998,-0.24996954
5999,-0.2312622
6000,-0.18847662
6001,-0.15930171
6002,-0.1912843
6003,-0.23168954
6004,-0.27304083
6005,-0.32504272
6006,-0.37622076
6007,-0.41082764
6008,-0.42630005
6009,-0.41339105
6010,-0.3813476
6011,-0.32287604
6012,-0.25186154
6013,-0.16677849
6014,-0.08038327
6015,0.0058899187
6016,0.085723855
6017,0.15438844
6018,0.21832275
6019,0.28695685
6020,0.35260013
6021,0.40267944
6022,0.45867914
6023,0.48043823
6024,0.43066406
6025,0.36883545
6026,0.2944947
6027,0.19903564
6028,0.10205084
6029,0.011047341
6030,-0.06011959
6031,-0.106781095
6032,-0.13973998
6033,-0.14587407
6034,-0.13613889
6035,-0.107940644
6036,-0.073455766
6037,-0.027282715
6038,0.021881074
6039,0.07385254
6040,0.12887573
6041,0.19097903
6042,0.25613406
6043,0.306427
6044,0.36569208
6045,0.3918152
6046,0.35559085
6047,0.29483035
6048,0.22711188
6049,0.14178465
6050,0.05493167
6051,-0.02505493
6052,-0.0795898
6053,-0.11773689
6054,-0.14135744
6055,-0.14614873
6056,-0.14477536
6057,-0.12466426
6058,-0.10260008
6059,-0.073425286
6060,-0.04748535
6061,-0.019989017
6062,-0.0020446703
6063,0.008911129
6064,0.016357455
6065,0.016235322
6066,0.0145569
6067,0.008636445
6068,0.00592044
6069,0.0012512505
6070,0.0014343201
6071,0.0020141527
6072,0.0093994215
6073,0.010589611
6074,0.01864624
6075,0.01840207
6076,0.02221676
6077,0.0152892945
6078,0.01184082
6079,0.0009155283
6080,-0.009857186
6081,-0.023956303
6082,-0.041198727
6083,-0.057281494
6084,-0.07125854
6085,-0.079498306
6086,-0.08499144
6087,-0.07952881
6088,-0.076232895
6089,-0.06347655
6090,-0.049499527
6091,-0.033386238
6092,-0.018493671
6093,-0.0030212477
6094,0.007812504
6095,0.016387936
6096,0.022155777
6097,0.023315445
6098,0.03137204
6099,0.037780747
6100,0.05325318
6101,0.066986114
6102,0.08432005
6103,0.09689331
6104,0.10794068
6105,0.11163329
6106,0.11584473
6107,0.11712648
6108,0.113952644
6109,0.11172486
6110,0.10162353
6111,0.09625246
6112,0.086578354
6113,0.08300782
6114,0.07128906
6115,0.06439208
6116,0.052429214
6117,0.044464096
6118,0.030975342
6119,0.020385757
6120,0.0080566555
6121,-0.0010376275
6122,-0.011993401
6123,-0.02944947
6124,-0.046661355
6125,-0.06732176
6126,-0.084747314
6127,-0.10101317
6128,-0.11654663
6129,-0.1270447
6130,-0.14233398
6131,-0.15393065
6132,-0.16821292
6133,-0.18087766
6134,-0.2006836
6135,-0.2166138
6136,-0.23632812
6137,-0.25180057
6138,-0.2649231
6139,-0.2720642
6140,-0.28329468
6141,-0.2909241
6142,-0.3017578
6143,-0.31484985
6144,-0.32470703
6145,-0.33291632
6146,-0.3305358
6147,-0.32666022
6148,-0.30813605
6149,-0.29040533
6150,-0.2640381
6151,-0.24401848
6152,-0.21990967
6153,-0.20440677
6154,-0.18334962
6155,-0.17120364
6156,-0.15783691
6157,-0.14904785
6158,-0.13290402
6159,-0.12039184
6160,-0.103302
6161,-0.08175659
6162,-0.057525642
6163,-0.029785156
6164,0.00012208521
6165,0.02368164
6166,0.050079353
6167,0.07336426
6168,0.104461625
6169,0.13043214
6170,0.14685063
6171,0.15948492
6172,0.16607666
6173,0.1736755
6174,0.185791
6175,0.19625856
6176,0.21072388
6177,0.22058102
6178,0.23266602
6179,0.23751833
6180,0.2462158
6181,0.25079346
6182,0.25845337
6183,0.2661438
6184,0.27682495
6185,0.2916565
6186,0.30908203
6187,0.3291016
6188,0.3471985
6189,0.3703003
6190,0.37850937
6191,0.3934631
6192,0.3985596
6193,0.4041748
6194,0.40805054
6195,0.40740967
6196,0.4039917
6197,0.3987732
6198,0.3881836
6199,0.37860107
6200,0.37054443
6201,0.35818487
6202,0.34527588
6203,0.3267517
6204,0.30529785
6205,0.27487183
6206,0.24679568
6207,0.21252441
6208,0.18206789
6209,0.15640257
6210,0.13015746
6211,0.106567405
6212,0.07604979
6213,0.046539307
6214,0.01580815
6215,-0.006683305
6216,-0.03024292
6217,-0.046234146
6218,-0.059875473
6219,-0.06854251
6220,-0.0782471
6221,-0.08462523
6222,-0.09420776
6223,-0.09997557
6224,-0.11169435
6225,-0.12371829
6226,-0.13513182
6227,-0.14801025
6228,-0.16085814
6229,-0.17697145
6230,-0.1935425
6231,-0.20770265
6232,-0.22311403
6233,-0.2367249
6234,-0.24786367
6235,-0.26065066
6236,-0.26510626
6237,-0.26544195
6238,-0.26522827
6239,-0.26495355
6240,-0.2670288
6241,-0.26919556
6242,-0.27423096
6243,-0.27548212
6244,-0.28125003
6245,-0.28009036
6246,-0.27731323
6247,-0.27059937
6248,-0.2612915
6249,-0.25280762
6250,-0.24645999
6251,-0.24520874
6252,-0.24560547
6253,-0.25427246
6254,-0.25527954
6255,-0.2600708
6256,-0.24627675
6257,-0.23626713
6258,-0.22564703
6259,-0.2232972
6260,-0.21728516
6261,-0.21835321
6262,-0.21603394
6263,-0.21661375
6264,-0.20809937
6265,-0.20245363
6266,-0.19302365
6267,-0.18542477
6268,-0.17807004
6269,-0.17129514
6270,-0.16635136
6271,-0.1528015
6272,-0.13711548
6273,-0.107788086
6274,-0.07543944
6275,-0.036895737
6276,0.0010376126
6277,0.03805539
6278,0.074554324
6279,0.11148071
6280,0.1296387
6281,0.14071658
6282,0.14413452
6283,0.14932248
6284,0.14923093
6285,0.1555481
6286,0.16238403
6287,0.16729729
6288,0.1748047
6289,0.17147826
6290,0.16656494
6291,0.15722656
6292,0.14837646
6293,0.1424866
6294,0.14093018
6295,0.14096072
6296,0.14465332
6297,0.14746097
6298,0.14297484
6299,0.13812257
6300,0.119415164
6301,0.10137938
6302,0.084564224
6303,0.06838991
6304,0.058746323
6305,0.055633545
6306,0.055603065
6307,0.062866166
6308,0.07385251
6309,0.085144
6310,0.0994263
6311,0.1150513
6312,0.13049316
6313,0.14556885
6314,0.15643309
6315,0.16519165
6316,0.16793823
6317,0.16909789
6318,0.16461182
6319,0.15872192
6320,0.14291382
6321,0.12612914
6322,0.10397338
6323,0.08215334
6324,0.06399539
6325,0.057586715
6326,0.051727302
6327,0.05371093
6328,0.056518584
6329,0.060577393
6330,0.065704316
6331,0.074401885
6332,0.084106416
6333,0.09997559
6334,0.11886597
6335,0.13845825
6336,0.16430667
6337,0.18078613
6338,0.1963501
6339,0.20364383
6340,0.20629883
6341,0.20510864
6342,0.20437619
6343,0.20422363
6344,0.2009888
6345,0.1990967
6346,0.20092772
6347,0.20681761
6348,0.21023558
6349,0.20840454
6350,0.2019043
6351,0.18524171
6352,0.16564941
6353,0.14483647
6354,0.12295531
6355,0.104156494
6356,0.08648683
6357,0.07348634
6358,0.05886842
6359,0.041809056
6360,0.022888165
6361,0.00054932013
6362,-0.025695812
6363,-0.052612316
6364,-0.07031251
6365,-0.08718869
6366,-0.09988402
6367,-0.10668945
6368,-0.11410521
6369,-0.12591553
6370,-0.13589478
6371,-0.15185547
6372,-0.16720581
6373,-0.1852722
6374,-0.2012024
6375,-0.21734619
6376,-0.23782349
6377,-0.26049805
6378,-0.29122925
6379,-0.32022095
6380,-0.3518982
6381,-0.3791809
6382,-0.4039917
6383,-0.42022705
6384,-0.43344116
6385,-0.4326477
6386,-0.42425537
6387,-0.40567017
6388,-0.38452148
6389,-0.35690308
6390,-0.32772827
6391,-0.30117798
6392,-0.2734375
6393,-0.24407959
6394,-0.2121582
6395,-0.17474365
6396,-0.13986206
6397,-0.10815431
6398,-0.077758804
6399,-0.05624391
6400,-0.037567154
6401,-0.024139404
6402,-0.019989029
6403,-0.010986313
6404,-0.005065933
6405,0.0021362454
6406,0.010467529
6407,0.020111114
6408,0.025115974
6409,0.031707786
6410,0.03585817
6411,0.03659054
6412,0.039581314
6413,0.038513154
6414,0.036865227
6415,0.036468484
6416,0.036895767
6417,0.041625977
6418,0.045501724
6419,0.050170913
6420,0.055603027
6421,0.0619812
6422,0.06689452
6423,0.071136475
6424,0.07382201
6425,0.07434082
6426,0.07336426
6427,0.075225815
6428,0.07336428
6429,0.07235718
6430,0.060424812
6431,0.04763791
6432,0.03271486
6433,0.017456084
6434,0.0015868992
6435,-0.008972183
6436,-0.022399887
6437,-0.033111572
6438,-0.043762214
6439,-0.054473877
6440,-0.06597899
6441,-0.074981704
6442,-0.07675169
6443,-0.07247925
6444,-0.057220437
6445,-0.04248047
6446,-0.019409165
6447,-0.00036621094
6448,0.021667495
6449,0.035186753
6450,0.04904172
6451,0.0541687
6452,0.060852066
6453,0.06173706
6454,0.06628418
6455,0.07092287
6456,0.078857414
6457,0.08639526
6458,0.09466551
6459,0.09887696
6460,0.10083008
6461,0.09744263
6462,0.096588135
6463,0.09384155
6464,0.09414675
6465,0.094635025
6466,0.098144546
6467,0.10626219
6468,0.11529541
6469,0.12203979
6470,0.12506106
6471,0.12417602
6472,0.11889648
6473,0.10858153
6474,0.103241
6475,0.09881589
6476,0.097259514
6477,0.10049439
6478,0.10595702
6479,0.11550904
6480,0.12954712
6481,0.14022827
6482,0.14953613
6483,0.15130615
6484,0.15032959
6485,0.14584352
6486,0.13586426
6487,0.12667848
6488,0.11639403
6489,0.108673066
6490,0.09896851
6491,0.08673097
6492,0.0743103
6493,0.059265118
6494,0.04626462
6495,0.035797134
6496,0.03198243
6497,0.030822769
6498,0.032043472
6499,0.03088379
6500,0.029022235
6501,0.030059807
6502,0.03170777
6503,0.036102284
6504,0.046447758
6505,0.058563236
6506,0.072113045
6507,0.08416748
6508,0.093749985
6509,0.09579469
6510,0.092163056
6511,0.080718994
6512,0.067687996
6513,0.051849365
6514,0.04037475
6515,0.029388431
6516,0.025970474
6517,0.021240234
6518,0.018859856
6519,0.013763428
6520,0.009277374
6521,-0.0024108998
6522,-0.013763428
6523,-0.030029297
6524,-0.04956054
6525,-0.06494139
6526,-0.08029173
6527,-0.09033202
6528,-0.10049436
6529,-0.107788086
6530,-0.11929323
6531,-0.12786867
6532,-0.14556886
6533,-0.16116333
6534,-0.1796875
6535,-0.19406128
6536,-0.2096863
6537,-0.21966551
6538,-0.22860718
6539,-0.23101805
6540,-0.23535156
6541,-0.23892212
6542,-0.24008177
6543,-0.24609375
6544,-0.24859619
6545,-0.25762942
6546,-0.2685547
6547,-0.27764893
6548,-0.28457642
6549,-0.287323
6550,-0.28723145
6551,-0.28128052
6552,-0.27148438
6553,-0.25369266
6554,-0.22891232
6555,-0.20013428
6556,-0.17190552
6557,-0.14022826
6558,-0.1092224
6559,-0.07766722
6560,-0.05029297
6561,-0.019256592
6562,0.005554213
6563,0.035919175
6564,0.058624253
6565,0.090301506
6566,0.12020873
6567,0.15286255
6568,0.17858884
6569,0.20092773
6570,0.21334839
6571,0.21429443
6572,0.20870972
6573,0.1951294
6574,0.18145753
6575,0.16564943
6576,0.16082767
6577,0.15756226
6578,0.16027832
6579,0.16247557
6580,0.16668703
6581,0.17083742
6582,0.17092896
6583,0.1672058
6584,0.15661621
6585,0.14608765
6586,0.12701415
6587,0.11264038
6588,0.093658455
6589,0.083343506
6590,0.07449339
6591,0.065856926
6592,0.0572815
6593,0.046020508
6594,0.034820564
6595,0.019866943
6596,0.009307884
6597,-0.005432129
6598,-0.011322007
6599,-0.02285768
6600,-0.026336662
6601,-0.029357903
6602,-0.025665298
6603,-0.024444595
6604,-0.016662605
6605,-0.015106209
6606,-0.009277333
6607,-0.007873528
6608,-0.0023498535
6609,0.001495366
6610,0.0074768085
6611,0.015655529
6612,0.028595
6613,0.040069573
6614,0.058898903
6615,0.07376097
6616,0.093383774
6617,0.111419685
6618,0.13198853
6619,0.14453125
6620,0.15118408
6621,0.15136719
6622,0.1498413
6623,0.14288329
6624,0.13473508
6625,0.123626694
6626,0.1143799
6627,0.099975556
6628,0.08853148
6629,0.06625366
6630,0.04830932
6631,0.019104004
6632,-0.003967285
6633,-0.03735351
6634,-0.06607053
6635,-0.09640504
6636,-0.12252808
6637,-0.14276123
6638,-0.1590271
6639,-0.169281
6640,-0.18151857
6641,-0.18499759
6642,-0.19839479
6643,-0.20358276
6644,-0.21667479
6645,-0.22494505
6646,-0.23760983
6647,-0.24670412
6648,-0.25329593
6649,-0.25186157
6650,-0.24591064
6651,-0.23629758
6652,-0.22640991
6653,-0.21981812
6654,-0.21289062
6655,-0.20968628
6656,-0.20724487
6657,-0.20147705
6658,-0.19329835
6659,-0.1838074
6660,-0.17138672
6661,-0.15530398
6662,-0.13949583
6663,-0.11672973
6664,-0.090545654
6665,-0.06072997
6666,-0.027862534
6667,0.0061645415
6668,0.043914817
6669,0.08514403
6670,0.12179566
6671,0.15744019
6672,0.18618771
6673,0.21502686
6674,0.23214722
6675,0.24990845
6676,0.25674438
6677,0.26336673
6678,0.26443478
6679,0.26391602
6680,0.2616272
6681,0.25598145
6682,0.24166873
6683,0.2222595
6684,0.21569824
6685,0.21609499
6686,0.23327628
6687,0.24899301
6688,0.2693482
6689,0.28622437
6690,0.30264276
6691,0.31893915
6692,0.3387147
6693,0.3575134
6694,0.37115484
6695,0.3811035
6696,0.38363656
6697,0.37948614
6698,0.3597718
6699,0.33325183
6700,0.29257196
6701,0.24368294
6702,0.18276979
6703,0.124481216
6704,0.062194824
6705,0.0036316067
6706,-0.056091323
6707,-0.123748764
6708,-0.19223014
6709,-0.2676087
6710,-0.33972174
6711,-0.40997306
6712,-0.47497553
6713,-0.54019165
6714,-0.5980224
6715,-0.65097046
6716,-0.69107044
6717,-0.7133485
6718,-0.71252453
6719,-0.68780524
6720,-0.6370543
6721,-0.5691833
6722,-0.48461914
6723,-0.39532468
6724,-0.3031922
6725,-0.21804807
6726,-0.13827516
6727,-0.072906464
6728,-0.025299087
6729,0.0030212253
6730,0.012512237
6731,0.014862031
6732,0.0036925822
6733,-0.014099151
6734,-0.044097885
6735,-0.08038324
6736,-0.12683114
6737,-0.17010495
6738,-0.21218878
6739,-0.24984744
6740,-0.28012082
6741,-0.3025514
6742,-0.31268317
6743,-0.31936643
6744,-0.31979367
6745,-0.31558233
6746,-0.30706784
6747,-0.2955933
6748,-0.26824954
6749,-0.23431398
6750,-0.20385745
6751,-0.16687013
6752,-0.13311766
6753,-0.08932499
6754,-0.042480506
6755,0.013275132
6756,0.07299811
6757,0.13302618
6758,0.1855773
6759,0.23645018
6760,0.28301996
6761,0.32189947
6762,0.35409543
6763,0.3761596
6764,0.39147937
6765,0.39871222
6766,0.4027405
6767,0.4038695
6768,0.40722662
6769,0.4046325
6770,0.4013977
6771,0.39730844
6772,0.40701288
6773,0.43533325
6774,0.47735584
6775,0.5299989
6776,0.5929872
6777,0.6589965
6778,0.7300109
6779,0.8075561
6780,0.89059454
6781,0.96163934
6782,1.0279541
6783,1.0669556
6784,1.0867616
6785,1.0734254
6786,1.0304871
6787,0.96121204
6788,0.8727417
6789,0.768158
6790,0.6518555
6791,0.53463745
6792,0.40341187
6793,0.28164667
6794,0.17541505
6795,0.08901976
6796,0.017089814
6797,-0.05230707
6798,-0.12277216
6799,-0.19265737
6800,-0.26016235
6801,-0.31927508
6802,-0.3616942
6803,-0.39608768
6804,-0.42437732
6805,-0.44439703
6806,-0.46090698
6807,-0.47116083
6808,-0.4818114
6809,-0.48364264
6810,-0.48690814
6811,-0.48098734
6812,-0.48309323
6813,-0.4750366
6814,-0.47454834
6815,-0.4709168
6816,-0.47576904
6817,-0.49188232
6818,-0.51660144
6819,-0.55181885
6820,-0.58923346
6821,-0.6302184
6822,-0.6722106
6823,-0.7174073
6824,-0.75747675
6825,-0.79733276
6826,-0.8264464
6827,-0.8407595
6828,-0.83480847
6829,-0.8059082
6830,-0.75570667
6831,-0.6850586
6832,-0.5997926
6833,-0.5029297
6834,-0.4050905
6835,-0.30841058
6836,-0.21414179
6837,-0.12954724
6838,-0.067840576
6839,-0.023803711
6840,0.00033569336
6841,0.015045136
6842,0.0145568475
6843,0.0064086467
6844,-0.01339718
6845,-0.040679842
6846,-0.084625304
6847,-0.120025605
6848,-0.16198732
6849,-0.19708252
6850,-0.22192378
6851,-0.23608412
6852,-0.24008185
6853,-0.23464957
6854,-0.22616574
6855,-0.21450815
6856,-0.192749
6857,-0.1667481
6858,-0.12756345
6859,-0.082244754
6860,-0.039337218
6861,0.001159668
6862,0.04171756
6863,0.085815385
6864,0.13870235
6865,0.19381708
6866,0.25796515
6867,0.3171082
6868,0.37469476
6869,0.42800903
6870,0.48104852
6871,0.52590954
6872,0.56900024
6873,0.6031798
6874,0.6342163
6875,0.65441906
6876,0.6679994
6877,0.668579
6878,0.6658326
6879,0.65447986
6880,0.6348877
6881,0.6053773
6882,0.57556146
6883,0.54022217
6884,0.5040283
6885,0.4668579
6886,0.4302674
6887,0.39279172
6888,0.35598755
6889,0.32180786
6890,0.29486078
6891,0.26892093
6892,0.24728389
6893,0.2275392
6894,0.20355223
6895,0.1725463
6896,0.13879402
6897,0.096649125
6898,0.055084206
6899,0.011474639
6900,-0.033111453
6901,-0.070861846
6902,-0.10449225
6903,-0.13162234
6904,-0.14492795
6905,-0.15261842
6906,-0.15136719
6907,-0.14770508
6908,-0.1418152
6909,-0.13525389
6910,-0.12750246
6911,-0.11975097
6912,-0.11373901
6913,-0.1108093
6914,-0.11193846
6915,-0.11257933
6916,-0.11950682
6917,-0.123565614
6918,-0.1319886
6919,-0.13858043
6920,-0.1411439
6921,-0.13739012
6922,-0.13424681
6923,-0.12832637
6924,-0.11965941
6925,-0.11273201
6926,-0.10317989
6927,-0.09246825
6928,-0.08306888
6929,-0.068664566
6930,-0.055053726
6931,-0.036987327
6932,-0.027923584
6933,-0.019012436
6934,-0.020050049
6935,-0.025543213
6936,-0.038207978
6937,-0.05456552
6938,-0.073730424
6939,-0.0944518
6940,-0.118133545
6941,-0.13903812
6942,-0.15704349
6943,-0.17092901
6944,-0.18283093
6945,-0.19296256
6946,-0.197113
6947,-0.20071417
6948,-0.2052002
6949,-0.20529178
6950,-0.20239261
6951,-0.19888306
6952,-0.18908691
6953,-0.17660524
6954,-0.15792845
6955,-0.13592531
6956,-0.11904906
6957,-0.10147095
6958,-0.09066772
6959,-0.08172606
6960,-0.07543945
6961,-0.063873306
6962,-0.05325313
6963,-0.033019975
6964,-0.0115661025
6965,0.011901885
6966,0.043029726
6967,0.07354733
6968,0.10583499
6969,0.1354981
6970,0.16238402
6971,0.1826477
6972,0.20010379
6973,0.20999144
6974,0.2206116
6975,0.22406009
6976,0.23010255
6977,0.23001099
6978,0.23699948
6979,0.24050903
6980,0.25094604
6981,0.2574158
6982,0.26416013
6983,0.26486203
6984,0.26962286
6985,0.26669317
6986,0.26437387
6987,0.2565918
6988,0.24914548
6989,0.23822019
6990,0.22509766
6991,0.20993042
6992,0.19534299
6993,0.17633054
6994,0.15887451
6995,0.13836668
6996,0.11923219
6997,0.09765626
6998,0.076293945
6999,0.054595947
7000,0.035827637
7001,0.018127441
7002,0.0014953762
7003,-0.013091968
7004,-0.027648943
7005,-0.04354862
7006,-0.0615844
7007,-0.08419795
7008,-0.10430906
7009,-0.12512203
7010,-0.14303586
7011,-0.15420535
7012,-0.16403201
7013,-0.16448972
7014,-0.16128542
7015,-0.1520996
7016,-0.14801025
7017,-0.13796997
7018,-0.13613895
7019,-0.13235475
7020,-0.13464357
7021,-0.137146
7022,-0.14266966
7023,-0.1468506
7024,-0.15124513
7025,-0.15966798
7026,-0.16818236
7027,-0.1806946
7028,-0.19387816
7029,-0.20935057
7030,-0.22525026
7031,-0.23666383
7032,-0.25064087
7033,-0.26153564
7034,-0.2736817
7035,-0.28289795
7036,-0.29367065
7037,-0.2989502
7038,-0.30303958
7039,-0.30075073
7040,-0.2994995
7041,-0.29373172
7042,-0.28793335
7043,-0.27874756
7044,-0.2737732
7045,-0.26486206
7046,-0.25790405
7047,-0.24880983
7048,-0.23773195
7049,-0.22937013
7050,-0.22195435
7051,-0.21194458
7052,-0.2054443
7053,-0.19616699
7054,-0.1888733
7055,-0.18099973
7056,-0.17166142
7057,-0.16015626
7058,-0.15203857
7059,-0.13702397
7060,-0.119445845
7061,-0.103515625
7062,-0.08288574
7063,-0.065460205
7064,-0.04049684
7065,-0.015716579
7066,0.0102539025
7067,0.037048347
7068,0.065429695
7069,0.09555054
7070,0.12420654
7071,0.15808105
7072,0.19131467
7073,0.22808835
7074,0.2634888
7075,0.29544067
7076,0.32299805
7077,0.3453369
7078,0.35980225
7079,0.36367798
7080,0.36209106
7081,0.35028076
7082,0.33547974
7083,0.31417847
7084,0.28988647
7085,0.26403812
7086,0.24035645
7087,0.2194519
7088,0.2052307
7089,0.18716432
7090,0.17306519
7091,0.1624756
7092,0.14916992
7093,0.14279175
7094,0.13568114
7095,0.13409424
7096,0.13345338
7097,0.13409424
7098,0.13668825
7099,0.14428711
7100,0.15292361
7101,0.16265869
7102,0.17486572
7103,0.18154909
7104,0.18829349
7105,0.19223022
7106,0.2001648
7107,0.20837402
7108,0.21102905
7109,0.20520023
7110,0.20031738
7111,0.18670654
7112,0.1684265
7113,0.14715575
7114,0.12390138
7115,0.1038208
7116,0.08239747
7117,0.065582275
7118,0.049438454
7119,0.03479003
7120,0.024200432
7121,0.016357422
7122,0.014007583
7123,0.01187136
7124,0.014648408
7125,0.015808143
7126,0.012817398
7127,0.008880615
7128,0.0007324219
7129,-0.011169419
7130,-0.02822876
7131,-0.04687497
7132,-0.064392075
7133,-0.07928468
7134,-0.09359743
7135,-0.10501101
7136,-0.1138611
7137,-0.121917754
7138,-0.12905882
7139,-0.13470456
7140,-0.14193726
7141,-0.14535524
7142,-0.14944458
7143,-0.15502933
7144,-0.15719604
7145,-0.15249634
7146,-0.14697266
7147,-0.13717651
7148,-0.12161257
7149,-0.10440065
7150,-0.08532716
7151,-0.06549072
7152,-0.048034668
7153,-0.026947021
7154,-0.013214126
7155,0.0057677925
7156,0.020996079
7157,0.03344725
7158,0.04531859
7159,0.051300034
7160,0.05642701
7161,0.055816658
7162,0.053985626
7163,0.046142586
7164,0.036743157
7165,0.02413939
7166,0.00772094
7167,-0.0076904595
7168,-0.026123017
7169,-0.038208023
7170,-0.050537117
7171,-0.057434052
7172,-0.065917976
7173,-0.069061294
7174,-0.06628419
7175,-0.053680442
7176,-0.041992188
7177,-0.029205304
7178,-0.017486572
7179,-0.0067443736
7180,-0.0024413967
7181,0.00051881745
7182,0.0012512133
7183,-0.0028686747
7184,-0.006683357
7185,-0.013702393
7186,-0.020019531
7187,-0.026824959
7188,-0.032653823
7189,-0.038879372
7190,-0.04244995
7191,-0.048614502
7192,-0.04992675
7193,-0.0482483
7194,-0.050781257
7195,-0.047454834
7196,-0.047241196
7197,-0.041809097
7198,-0.039245598
7199,-0.040771477
7200,-0.04623414
7201,-0.053710934
7202,-0.06268309
7203,-0.07168577
7204,-0.07614136
7205,-0.07818604
7206,-0.07629397
7207,-0.07077025
7208,-0.063629135
7209,-0.053985566
7210,-0.043853767
7211,-0.034515362
7212,-0.028259292
7213,-0.023223868
7214,-0.020874022
7215,-0.022277847
7216,-0.019653304
7217,-0.022918709
7218,-0.02441404
7219,-0.0373535
7220,-0.04296872
7221,-0.052764885
7222,-0.055236794
7223,-0.05496216
7224,-0.04544068
7225,-0.034027115
7226,-0.015991196
7227,-0.0008239746
7228,0.015747085
7229,0.0272827
7230,0.04266359
7231,0.047851592
7232,0.05679322
7233,0.06048584
7234,0.064880356
7235,0.06518557
7236,0.06729125
7237,0.06134031
7238,0.055419926
7239,0.04418946
7240,0.028930679
7241,0.010009794
7242,-0.012054458
7243,-0.03723146
7244,-0.06347655
7245,-0.08950806
7246,-0.16668704
7247,-0.30529782
7248,-0.38052362
7249,-0.3394469
7250,-0.2468261
7251,-0.1318055
7252,0.023864746
7253,0.20693967
7254,0.37460327
7255,0.5000916
7256,0.5850221
7257,0.62194836
7258,0.6139221
7259,0.5658875
7260,0.48754886
7261,0.39086908
7262,0.28997803
7263,0.19439697
7264,0.10745238
7265,0.042053223
7266,-0.011444151
7267,-0.047576994
7268,-0.047668517
7269,-0.0067444444
7270,0.007537782
7271,-0.027618498
7272,-0.08468634
7273,-0.14855945
7274,-0.22885129
7275,-0.31994635
7276,-0.39810187
7277,-0.45419326
7278,-0.48226932
7279,-0.48370364
7280,-0.46453857
7281,-0.41470337
7282,-0.35467532
7283,-0.27734372
7284,-0.19824219
7285,-0.11685183
7286,-0.04330445
7287,0.023010265
7288,0.07232668
7289,0.11404422
7290,0.16641241
7291,0.246521
7292,0.2850952
7293,0.2720337
7294,0.22842409
7295,0.17535399
7296,0.09616089
7297,0.009033218
7298,-0.07019043
7299,-0.12939453
7300,-0.1642457
7301,-0.17391974
7302,-0.16088867
7303,-0.12384033
7304,-0.07247925
7305,-0.0090942085
7306,0.054962143
7307,0.117401145
7308,0.17477418
7309,0.23034668
7310,0.27673343
7311,0.31561282
7312,0.37658694
7313,0.4604187
7314,0.50790405
7315,0.49362183
7316,0.44766235
7317,0.39001465
7318,0.30459595
7319,0.19992068
7320,0.101562515
7321,0.023071304
7322,-0.035308883
7323,-0.06994635
7324,-0.078704834
7325,-0.07394409
7326,-0.04971315
7327,-0.027130082
7328,-0.0022277683
7329,0.007171616
7330,0.013977051
7331,0.0031128079
7332,-0.010070741
7333,-0.037261903
7334,-0.11737056
7335,-0.26733392
7336,-0.3521117
7337,-0.336151
7338,-0.2673644
7339,-0.18698132
7340,-0.059509277
7341,0.0832825
7342,0.21252441
7343,0.30422986
7344,0.3544312
7345,0.3606874
7346,0.3278809
7347,0.25637823
7348,0.15325934
7349,0.03857413
7350,-0.08801267
7351,-0.20230103
7352,-0.30932617
7353,-0.39797974
7354,-0.46990973
7355,-0.526825
7356,-0.61700445
7357,-0.7628174
7358,-0.8296203
7359,-0.7808533
7360,-0.6626282
7361,-0.5186157
7362,-0.32342523
7363,-0.10424811
7364,0.09796138
7365,0.2525329
7366,0.35031134
7367,0.38650525
7368,0.36538696
7369,0.2922669
7370,0.1754151
7371,0.034027018
7372,-0.115173325
7373,-0.2645874
7374,-0.40173346
7375,-0.52151483
7376,-0.61730975
7377,-0.68115234
7378,-0.69265753
7379,-0.64303607
7380,-0.60119647
7381,-0.5979004
7382,-0.6087953
7383,-0.6131895
7384,-0.6320191
7385,-0.6494752
7386,-0.6586303
7387,-0.6385804
7388,-0.5990907
7389,-0.52853394
7390,-0.44171143
7391,-0.32452393
7392,-0.18792725
7393,-0.0311279
7394,0.1338501
7395,0.30099487
7396,0.45788577
7397,0.6044922
7398,0.7295227
7399,0.838501
7400,0.94949347
7401,1.0742188
7402,1.1424866
7403,1.1441649
7404,1.0968628
7405,1.035675
7406,0.9309388
7407,0.82073987
7408,0.7067871
7409,0.60562134
7410,0.5240479
7411,0.4643859
7412,0.42666623
7413,0.40917972
7414,0.4138184
7415,0.41986084
7416,0.4413452
7417,0.4569702
7418,0.4723816
7419,0.48501587
7420,0.49423227
7421,0.4989624
7422,0.5240784
7423,0.5790711
7424,0.5918884
7425,0.5473633
7426,0.46151733
7427,0.3621215
7428,0.23403925
7429,0.088775665
7430,-0.044097915
7431,-0.15197755
7432,-0.22207643
7433,-0.2590332
7434,-0.2598266
7435,-0.23394777
7436,-0.18194585
7437,-0.12377922
7438,-0.058563188
7439,0.0034484565
7440,0.06390381
7441,0.11810303
7442,0.16708387
7443,0.2019043
7444,0.22552495
7445,0.23532113
7446,0.23184212
7447,0.22015384
7448,0.20605469
7449,0.18139635
7450,0.15689085
7451,0.12634279
7452,0.08929445
7453,0.047637954
7454,0.0034179837
7455,-0.048980653
7456,-0.10821527
7457,-0.18066408
7458,-0.2659607
7459,-0.36141968
7460,-0.4680786
7461,-0.57769775
7462,-0.68542486
7463,-0.7884521
7464,-0.877472
7465,-0.9562987
7466,-1.0163879
7467,-1.063324
7468,-1.0868225
7469,-1.0953977
7470,-1.0780029
7471,-1.049408
7472,-0.9997865
7473,-0.9436646
7474,-0.8776549
7475,-0.80828846
7476,-0.7420045
7477,-0.6790465
7478,-0.6228027
7479,-0.5769348
7480,-0.53897095
7481,-0.50140387
7482,-0.47250363
7483,-0.44586185
7484,-0.42260748
7485,-0.40393063
7486,-0.38357562
7487,-0.36102286
7488,-0.3332519
7489,-0.30136126
7490,-0.2644655
7491,-0.22827156
7492,-0.18469238
7493,-0.13595557
7494,-0.08615113
7495,-0.030639708
7496,0.0146179795
7497,0.06210333
7498,0.099365175
7499,0.13989247
7500,0.18041986
7501,0.2330322
7502,0.29681396
7503,0.37841797
7504,0.46661374
7505,0.56845087
7506,0.66345215
7507,0.7559509
7508,0.8355713
7509,0.9030151
7510,0.94937146
7511,0.9761046
7512,0.9891052
7513,0.98190284
7514,0.9607849
7515,0.9223634
7516,0.8717958
7517,0.81076056
7518,0.74652094
7519,0.67465204
7520,0.5994874
7521,0.5251769
7522,0.45803827
7523,0.39865112
7524,0.3471985
7525,0.30111697
7526,0.26269528
7527,0.2299195
7528,0.20120247
7529,0.17803952
7530,0.15673834
7531,0.13888544
7532,0.12213135
7533,0.10748303
7534,0.0943909
7535,0.08428955
7536,0.06686407
7537,0.0519104
7538,0.03302005
7539,0.015625
7540,-0.0050659776
7541,-0.021301359
7542,-0.035003692
7543,-0.048187286
7544,-0.0594787
7545,-0.069122285
7546,-0.07287595
7547,-0.079955965
7548,-0.07797247
7549,-0.081359774
7550,-0.073272616
7551,-0.06713866
7552,-0.056457445
7553,-0.04940796
7554,-0.04245004
7555,-0.0404052
7556,-0.039916947
7557,-0.042236164
7558,-0.049774155
7559,-0.055603277
7560,-0.065826416
7561,-0.07040399
7562,-0.07821652
7563,-0.0825805
7564,-0.09005729
7565,-0.09390246
7566,-0.104583696
7567,-0.11810302
7568,-0.1362915
7569,-0.162964
7570,-0.19134516
7571,-0.22723393
7572,-0.25878906
7573,-0.29440308
7574,-0.32522583
7575,-0.3547363
7576,-0.3768922
7577,-0.39080808
7578,-0.40124512
7579,-0.3980711
7580,-0.3866272
7581,-0.36245745
7582,-0.32727057
7583,-0.28826895
7584,-0.24411008
7585,-0.20040882
7586,-0.15924072
7587,-0.11904895
7588,-0.08099359
7589,-0.041625947
7590,-0.0013122857
7591,0.043762088
7592,0.08782965
7593,0.13439927
7594,0.17428583
7595,0.21215825
7596,0.24581909
7597,0.2794495
7598,0.30645758
7599,0.33227533
7600,0.34542847
7601,0.35153186
7602,0.3532104
7603,0.34259042
7604,0.32971188
7605,0.30462644
7606,0.2788696
7607,0.24627686
7608,0.21414183
7609,0.1875915
7610,0.16647336
7611,0.14920035
7612,0.1327209
7613,0.1133728
7614,0.0852661
7615,0.056823656
7616,0.019622758
7617,-0.018066406
7618,-0.057617158
7619,-0.09893802
7620,-0.14404282
7621,-0.18710327
7622,-0.22256467
7623,-0.2559511
7624,-0.28237912
7625,-0.30761695
7626,-0.3235473
7627,-0.33856204
7628,-0.3422547
7629,-0.34500134
7630,-0.34167492
7631,-0.34216315
7632,-0.3406372
7633,-0.3387451
7634,-0.34475702
7635,-0.34573355
7636,-0.3502198
7637,-0.3550719
7638,-0.35812372
7639,-0.35882568
7640,-0.3607483
7641,-0.36279297
7642,-0.36105347
7643,-0.35430902
7644,-0.3392639
7645,-0.32305908
7646,-0.3034057
7647,-0.28112787
7648,-0.26382446
7649,-0.240387
7650,-0.2208252
7651,-0.19628917
7652,-0.17233287
7653,-0.15426639
7654,-0.13894653
7655,-0.13287349
7656,-0.12753287
7657,-0.11795035
7658,-0.10092169
7659,-0.08227529
7660,-0.052246034
7661,-0.018280027
7662,0.022491472
7663,0.06600949
7664,0.10797112
7665,0.1425781
7666,0.17196652
7667,0.1958314
7668,0.21493532
7669,0.23184192
7670,0.24411009
7671,0.2563782
7672,0.26275632
7673,0.26782233
7674,0.26916507
7675,0.27075195
7676,0.2703857
7677,0.27423093
7678,0.27752683
7679,0.28524774
7680,0.29193115
7681,0.3030396
7682,0.30917358
7683,0.32113647
7684,0.3283081
7685,0.34509277
7686,0.35830683
7687,0.3694458
7688,0.3686523
7689,0.3675843
7690,0.3607483
7691,0.3531493
7692,0.3437805
7693,0.33111575
7694,0.31976318
7695,0.3047791
7696,0.2905884
7697,0.27731323
7698,0.26419067
7699,0.24578853
7700,0.22631834
7701,0.19445796
7702,0.1557617
7703,0.11413573
7704,0.07025145
7705,0.026153557
7706,-0.0103454515
7707,-0.044403106
7708,-0.06747438
7709,-0.08929439
7710,-0.100799665
7711,-0.11129766
7712,-0.117218055
7713,-0.12759402
7714,-0.12869266
7715,-0.1343689
7716,-0.13381958
7717,-0.13308713
7718,-0.12881468
7719,-0.11303712
7720,-0.09869389
7721,-0.073333785
7722,-0.056335468
7723,-0.046234153
7724,-0.04748535
7725,-0.05331423
7726,-0.06591798
7727,-0.08355714
7728,-0.102355964
7729,-0.12854005
7730,-0.14904784
7731,-0.16360466
7732,-0.16558847
7733,-0.16195683
7734,-0.15032959
7735,-0.13375854
7736,-0.114868134
7737,-0.092681885
7738,-0.066345215
7739,-0.038116425
7740,-0.0075378567
7741,0.014160156
7742,0.035064697
7743,0.048858657
7744,0.059692383
7745,0.06903073
7746,0.07836914
7747,0.08508301
7748,0.09481813
7749,0.09826659
7750,0.09872434
7751,0.09286502
7752,0.08557129
7753,0.07806395
7754,0.07116704
7755,0.061584514
7756,0.047485363
7757,0.03134155
7758,0.007476799
7759,-0.013916001
7760,-0.0350952
7761,-0.05053713
7762,-0.06127931
7763,-0.07205201
7764,-0.08096312
7765,-0.094940186
7766,-0.10958862
7767,-0.12554932
7768,-0.13467407
7769,-0.14370728
7770,-0.14294434
7771,-0.13674925
7772,-0.124755844
7773,-0.10729981
7774,-0.088592544
7775,-0.069488555
7776,-0.05657956
7777,-0.044647187
7778,-0.03930664
7779,-0.036926255
7780,-0.045776367
7781,-0.056823716
7782,-0.076354966
7783,-0.09631347
7784,-0.12048338
7785,-0.14587401
7786,-0.17230223
7787,-0.19949341
7788,-0.21829225
7789,-0.22991942
7790,-0.22933958
7791,-0.2215271
7792,-0.20870973
7793,-0.19104005
7794,-0.17413327
7795,-0.15624999
7796,-0.14035036
7797,-0.12402348
7798,-0.1152343
7799,-0.10342408
7800,-0.09301754
7801,-0.079589844
7802,-0.06298828
7803,-0.048614495
7804,-0.037323013
7805,-0.029266372
7806,-0.025756806
7807,-0.021850593
7808,-0.014862053
7809,-0.0047912598
7810,0.013336182
7811,0.034729034
7812,0.0597229
7813,0.08819577
7814,0.11389159
7815,0.13528441
7816,0.15591432
7817,0.16836548
7818,0.1796875
7819,0.18533327
7820,0.19454956
7821,0.2024231
7822,0.21484376
7823,0.22604366
7824,0.24163821
7825,0.25543213
7826,0.2658081
7827,0.27407843
7828,0.27627563
7829,0.2788086
7830,0.27990723
7831,0.28463745
7832,0.28677368
7833,0.29092407
7834,0.28933716
7835,0.28918457
7836,0.28237918
7837,0.2698059
7838,0.25619504
7839,0.23876955
7840,0.21713257
7841,0.19049072
7842,0.16400148
7843,0.13552855
7844,0.11242674
7845,0.089416474
7846,0.07543945
7847,0.059631348
7848,0.053588867
7849,0.04739383
7850,0.051330566
7851,0.053497314
7852,0.06271362
7853,0.06607056
7854,0.06796265
7855,0.06344603
7856,0.05261229
7857,0.041076675
7858,0.029632583
7859,0.017944321
7860,0.011138886
7861,0.0053405687
7862,0.0019225925
7863,-0.003967304
7864,-0.008453401
7865,-0.015106185
7866,-0.021209732
7867,-0.02917479
7868,-0.03582763
7869,-0.037811253
7870,-0.03289795
7871,-0.02658084
7872,-0.017608657
7873,-0.013702378
7874,-0.015380859
7875,-0.024963364
7876,-0.043060303
7877,-0.067840576
7878,-0.09402469
7879,-0.12088013
7880,-0.14538574
7881,-0.16171265
7882,-0.17437741
7883,-0.17922972
7884,-0.17904663
7885,-0.17102052
7886,-0.1666565
7887,-0.16131593
7888,-0.15985109
7889,-0.16030882
7890,-0.16793823
7891,-0.18270873
7892,-0.20248415
7893,-0.22399902
7894,-0.24432373
7895,-0.26223755
7896,-0.27175903
7897,-0.2744751
7898,-0.2619629
7899,-0.24179079
7900,-0.21017455
7901,-0.17544557
7902,-0.14306642
7903,-0.10549928
7904,-0.08212274
7905,-0.06100464
7906,-0.05157472
7907,-0.044769265
7908,-0.04983522
7909,-0.056365967
7910,-0.06982419
7911,-0.07785034
7912,-0.088073745
7913,-0.091430664
7914,-0.09841917
7915,-0.09811403
7916,-0.100006096
7917,-0.09732057
7918,-0.09036253
7919,-0.07714847
7920,-0.056243904
7921,-0.042419408
7922,-0.015960686
7923,-0.0010376126
7924,0.010375977
7925,0.014343262
7926,0.021942146
7927,0.028228786
7928,0.034973152
7929,0.03912355
7930,0.044189453
7931,0.042816162
7932,0.028656004
7933,-0.011230484
7934,-0.093750015
7935,-0.20864871
7936,-0.3105164
7937,-0.3262939
7938,-0.29147333
7939,-0.19924925
7940,-0.07360838
7941,0.080780014
7942,0.23336785
7943,0.3642884
7944,0.4558715
7945,0.50436395
7946,0.5140077
7947,0.47372425
7948,0.39959705
7949,0.29864505
7950,0.19000246
7951,0.080078125
7952,-0.014678955
7953,-0.09185792
7954,-0.14038086
7955,-0.16311647
7956,-0.14169315
7957,-0.09515378
7958,-0.041625977
7959,-0.02639772
7960,-0.029846206
7961,-0.056304947
7962,-0.10507202
7963,-0.16482542
7964,-0.22729486
7965,-0.27163696
7966,-0.30657965
7967,-0.31600946
7968,-0.30557254
7969,-0.2812805
7970,-0.23971558
7971,-0.19299321
7972,-0.13864139
7973,-0.08630371
7974,-0.034606934
7975,0.012207031
7976,0.058563232
7977,0.10775757
7978,0.17132571
7979,0.2461853
7980,0.3137207
7981,0.3304748
7982,0.32086182
7983,0.2795105
7984,0.22103882
7985,0.14505011
7986,0.065460265
7987,0.0023192912
7988,-0.05239868
7989,-0.080261216
7990,-0.09277348
7991,-0.07772826
7992,-0.05499263
7993,-0.016967773
7994,0.02166748
7995,0.062622055
7996,0.095642105
7997,0.124328606
7998,0.15203854
7999,0.18835452
8000,0.24163817
8001,0.30377197
8002,0.35632324
8003,0.36087033
8004,0.33798218
8005,0.2846985
8006,0.22021484
8007,0.13952635
8008,0.0600281
8009,-0.014099166
8010,-0.06558226
8011,-0.09844968
8012,-0.12033084
8013,-0.111328125
8014,-0.0856933
8015,-0.04260257
8016,0.0011901781
8017,0.043334953
8018,0.074584946
8019,0.09484863
8020,0.095245376
8021,0.068237305
8022,-0.010498049
8023,-0.122039825
8024,-0.22485358
8025,-0.24230954
8026,-0.20748895
8027,-0.12823483
8028,-0.010620117
8029,0.12600707
8030,0.25973505
8031,0.35290533
8032,0.42248523
8033,0.44216907
8034,0.42764294
8035,0.3785094
8036,0.31521595
8037,0.24267584
8038,0.16973884
8039,0.10412598
8040,0.051666252
8041,0.011383057
8042,-0.023742657
8043,-0.070678726
8044,-0.15368651
8045,-0.2637024
8046,-0.35314947
8047,-0.35528558
8048,-0.30316156
8049,-0.1960144
8050,-0.054687515
8051,0.10986325
8052,0.268402
8053,0.40240484
8054,0.49490348
8055,0.54019153
8056,0.5447694
8057,0.49963367
8058,0.42367548
8059,0.31564334
8060,0.20669559
8061,0.10266116
8062,0.013000473
8063,-0.055755615
8064,-0.10360716
8065,-0.12731935
8066,-0.12194823
8067,-0.089386
8068,-0.061279267
8069,-0.06750488
8070,-0.099487305
8071,-0.15475464
8072,-0.23437503
8073,-0.32070923
8074,-0.4037475
8075,-0.4572754
8076,-0.4928589
8077,-0.4982605
8078,-0.47756958
8079,-0.44506836
8080,-0.40966794
8081,-0.37728888
8082,-0.3488465
8083,-0.32299805
8084,-0.30218506
8085,-0.28616333
8086,-0.2721863
8087,-0.2496643
8088,-0.21261594
8089,-0.15728763
8090,-0.11587525
8091,-0.11499026
8092,-0.13851929
8093,-0.16809084
8094,-0.20465088
8095,-0.2398071
8096,-0.27206415
8097,-0.27716067
8098,-0.2748108
8099,-0.25036615
8100,-0.22055055
8101,-0.17672727
8102,-0.1425781
8103,-0.1038208
8104,-0.081604
8105,-0.07055665
8106,-0.073516846
8107,-0.13604738
8108,-0.30032343
8109,-0.35733038
8110,-0.30050665
8111,-0.2198182
8112,-0.07220465
8113,0.0708313
8114,0.21447752
8115,0.3119812
8116,0.34918216
8117,0.34295663
8118,0.29284674
8119,0.21524048
8120,0.120788515
8121,0.029449522
8122,-0.046081632
8123,-0.09613037
8124,-0.11798096
8125,-0.106781036
8126,-0.07791136
8127,-0.03561402
8128,0.015258808
8129,0.08914184
8130,0.20822136
8131,0.27316284
8132,0.28677368
8133,0.28598028
8134,0.24758916
8135,0.18856812
8136,0.11300659
8137,0.037963867
8138,-0.025329627
8139,-0.08227545
8140,-0.1206055
8141,-0.15115356
8142,-0.1617431
8143,-0.15939334
8144,-0.14221185
8145,-0.11334229
8146,-0.06533814
8147,-0.0052490085
8148,0.06658937
8149,0.14227296
8150,0.21411137
8151,0.30813596
8152,0.44183347
8153,0.52038574
8154,0.54833984
8155,0.5705567
8156,0.55691534
8157,0.5194397
8158,0.45916748
8159,0.39199832
8160,0.3285522
8161,0.26812738
8162,0.22241208
8163,0.18734741
8164,0.16751103
8165,0.15325925
8166,0.15213016
8167,0.15029907
8168,0.15161136
8169,0.13528442
8170,0.12539671
8171,0.114349365
8172,0.101593
8173,0.11743164
8174,0.18588254
8175,0.21234131
8176,0.19509888
8177,0.18786618
8178,0.14379886
8179,0.08343503
8180,0.008880626
8181,-0.049224846
8182,-0.086944625
8183,-0.10711677
8184,-0.104949936
8185,-0.080017105
8186,-0.038848832
8187,0.009490967
8188,0.055633575
8189,0.09460451
8190,0.1100769
8191,0.10348511
8192,0.07162473
8193,0.02432251
8194,-0.03680423
8195,-0.15045166
8196,-0.3643493
8197,-0.4766541
8198,-0.5022889
8199,-0.5083314
8200,-0.44601452
8201,-0.34658813
8202,-0.21643068
8203,-0.08676147
8204,0.02563481
8205,0.12161261
8206,0.18417358
8207,0.21493532
8208,0.2131652
8209,0.18255615
8210,0.12985224
8211,0.065460205
8212,-0.0055236667
8213,-0.078918464
8214,-0.15539551
8215,-0.23132324
8216,-0.2972107
8217,-0.40609747
8218,-0.6068725
8219,-0.7061158
8220,-0.7113037
8221,-0.7071534
8222,-0.62237555
8223,-0.493927
8224,-0.32788086
8225,-0.17956541
8226,-0.059509203
8227,0.026336744
8228,0.07821655
8229,0.09213255
8230,0.07974236
8231,0.048156753
8232,0.009063661
8233,-0.02944947
8234,-0.053100582
8235,-0.055786148
8236,-0.04336546
8237,-0.016143803
8238,0.021087673
8239,0.08596803
8240,0.1966247
8241,0.2546692
8242,0.26086426
8243,0.24951178
8244,0.19296268
8245,0.11657712
8246,0.021301273
8247,-0.07000734
8248,-0.14743043
8249,-0.21087652
8250,-0.25250244
8251,-0.27365112
8252,-0.27493283
8253,-0.25842285
8254,-0.23089595
8255,-0.19342041
8256,-0.14620972
8257,-0.089569084
8258,-0.0302124
8259,0.029785156
8260,0.085296646
8261,0.15686035
8262,0.27325433
8263,0.33657837
8264,0.35650635
8265,0.36947638
8266,0.34875494
8267,0.30599976
8268,0.24707031
8269,0.18988034
8270,0.13955685
8271,0.10107418
8272,0.076202415
8273,0.06680296
8274,0.06637577
8275,0.074035645
8276,0.0846558
8277,0.10046388
8278,0.11459349
8279,0.12744139
8280,0.14096066
8281,0.15081786
8282,0.15942384
8283,0.188385
8284,0.26559448
8285,0.28909302
8286,0.269867
8287,0.24435428
8288,0.18267825
8289,0.103271484
8290,0.011749268
8291,-0.069122314
8292,-0.13208011
8293,-0.1764527
8294,-0.19912718
8295,-0.20321655
8296,-0.19165033
8297,-0.16635132
8298,-0.13528441
8299,-0.101501465
8300,-0.07394409
8301,-0.043151855
8302,-0.01855471
8303,0.008026101
8304,0.031158421
8305,0.05300901
8306,0.071441635
8307,0.07754515
8308,0.077880844
8309,0.069610596
8310,0.059661865
8311,0.044769257
8312,0.029846162
8313,0.011627208
8314,-0.0038757063
8315,-0.014526375
8316,-0.023590073
8317,-0.0300293
8318,-0.030731179
8319,-0.029907212
8320,-0.02313234
8321,-0.01727295
8322,-0.011566117
8323,-0.0072631836
8324,-0.0022887886
8325,0.00079345703
8326,0.0074157417
8327,0.013214111
8328,0.01858519
8329,0.020568833
8330,0.019622803
8331,0.012878418
8332,0.006713882
8333,0.0018615425
8334,0.006652832
8335,0.014068618
8336,0.026794448
8337,0.03750609
8338,0.04931639
8339,0.058166504
8340,0.06781009
8341,0.077545166
8342,0.09164426
8343,0.104827866
8344,0.12124634
8345,0.13388053
8346,0.14440912
8347,0.14648436
8348,0.14193724
8349,0.13372803
8350,0.12435913
8351,0.12429809
8352,0.12759398
8353,0.12979126
8354,0.12881473
8355,0.12344362
8356,0.10757447
8357,0.09127808
8358,0.06344602
8359,0.031555187
8360,-0.008483883
8361,-0.050567634
8362,-0.096710205
8363,-0.13888553
8364,-0.18069455
8365,-0.2171936
8366,-0.24459839
8367,-0.27365106
8368,-0.29367062
8369,-0.31793213
8370,-0.3322754
8371,-0.34396362
8372,-0.34695435
8373,-0.33901978
8374,-0.32183838
8375,-0.299469
8376,-0.27807617
8377,-0.25772092
8378,-0.24468993
8379,-0.23773195
8380,-0.23477173
8381,-0.23431394
8382,-0.22875977
8383,-0.22232057
8384,-0.2149048
8385,-0.21051022
8386,-0.2090149
8387,-0.20864871
8388,-0.2077942
8389,-0.20761107
8390,-0.20617673
8391,-0.20007323
8392,-0.19091794
8393,-0.1723938
8394,-0.1493225
8395,-0.12713623
8396,-0.10409543
8397,-0.08056642
8398,-0.059051514
8399,-0.03570555
8400,-0.018310547
8401,-0.0043945312
8402,0.011993423
8403,0.02709961
8404,0.045806855
8405,0.06460571
8406,0.08544921
8407,0.09970096
8408,0.11651613
8409,0.12606812
8410,0.13131714
8411,0.1403504
8412,0.14529425
8413,0.15795898
8414,0.16494748
8415,0.16885377
8416,0.16473389
8417,0.14465332
8418,0.11489871
8419,0.082458496
8420,0.05319211
8421,0.025238037
8422,0.010498062
8423,0.0013732612
8424,0.005065948
8425,0.023254365
8426,0.048339844
8427,0.08453372
8428,0.12390143
8429,0.1605835
8430,0.19769287
8431,0.23202518
8432,0.2565613
8433,0.2765807
8434,0.2842407
8435,0.28945923
8436,0.2886657
8437,0.2814331
8438,0.26748657
8439,0.25186157
8440,0.22940063
8441,0.20449828
8442,0.18777464
8443,0.17129517
8444,0.168396
8445,0.17001343
8446,0.18057251
8447,0.18902586
8448,0.198761
8449,0.20208742
8450,0.20593262
8451,0.21276854
8452,0.2243652
8453,0.23724365
8454,0.24987791
8455,0.25991815
8456,0.26492304
8457,0.25781247
8458,0.24407956
8459,0.21954344
8460,0.19583131
8461,0.17596436
8462,0.16671747
8463,0.15606692
8464,0.14968874
8465,0.13876346
8466,0.125061
8467,0.10736084
8468,0.07278441
8469,0.027954131
8470,-0.032470703
8471,-0.09478764
8472,-0.15832521
8473,-0.2065735
8474,-0.25411987
8475,-0.28479004
8476,-0.30490112
8477,-0.31439203
8478,-0.3135986
8479,-0.30715942
8480,-0.29489136
8481,-0.27981567
8482,-0.25726318
8483,-0.22860716
8484,-0.19186404
8485,-0.15060423
8486,-0.11355589
8487,-0.07510375
8488,-0.046417236
8489,-0.025329605
8490,-0.015869133
8491,-0.019836403
8492,-0.03009037
8493,-0.045806903
8494,-0.05642702
8495,-0.062683076
8496,-0.06396486
8497,-0.06271365
8498,-0.052948035
8499,-0.041168176
8500,-0.025909416
8501,-0.01190187
8502,-0.002288811
8503,0.005401626
8504,0.012664795
8505,0.0127258375
8506,0.012298621
8507,0.012878433
8508,0.0066223145
8509,0.0033569336
8510,-0.0071716085
8511,-0.015014652
8512,-0.02679443
8513,-0.03201294
8514,-0.043396026
8515,-0.050018325
8516,-0.06314087
8517,-0.078887925
8518,-0.09927368
8519,-0.12225343
8520,-0.14181516
8521,-0.16183466
8522,-0.17324829
8523,-0.18099976
8524,-0.18093872
8525,-0.179718
8526,-0.18179321
8527,-0.18835449
8528,-0.20404051
8529,-0.2258606
8530,-0.25125122
8531,-0.27862552
8532,-0.30413815
8533,-0.32751465
8534,-0.33642578
8535,-0.3326111
8536,-0.31304932
8537,-0.28649902
8538,-0.2589721
8539,-0.23913577
8540,-0.21878052
8541,-0.21044922
8542,-0.20999144
8543,-0.2165222
8544,-0.2237854
8545,-0.22897337
8546,-0.21664429
8547,-0.19378662
8548,-0.16003416
8549,-0.114196815
8550,-0.06448366
8551,-0.013458274
8552,0.040069588
8553,0.088928245
8554,0.13088988
8555,0.16790774
8556,0.20187376
8557,0.23324585
8558,0.26193237
8559,0.28378296
8560,0.29830927
8561,0.3065796
8562,0.31097412
8563,0.31048584
8564,0.30142212
8565,0.28738403
8566,0.25909427
8567,0.22033693
8568,0.17959593
8569,0.13711548
8570,0.111145005
8571,0.10491945
8572,0.12097164
8573,0.15783691
8574,0.21310425
8575,0.28131106
8576,0.36444083
8577,0.45080554
8578,0.52322394
8579,0.5769044
8580,0.6173401
8581,0.6463928
8582,0.6710816
8583,0.6837157
8584,0.6860963
8585,0.6787108
8586,0.6541748
8587,0.61782825
8588,0.56542975
8589,0.50482166
8590,0.42260748
8591,0.327423
8592,0.21392821
8593,0.0893555
8594,-0.041687027
8595,-0.16720578
8596,-0.28790277
8597,-0.40023813
8598,-0.5031432
8599,-0.599182
8600,-0.68539417
8601,-0.7614746
8602,-0.8263246
8603,-0.8797301
8604,-0.91027826
8605,-0.9149778
8606,-0.8996277
8607,-0.8580017
8608,-0.79507446
8609,-0.7148131
8610,-0.61642456
8611,-0.5028076
8612,-0.3852845
8613,-0.26434326
8614,-0.15151972
8615,-0.055999637
8616,0.019866973
8617,0.06900026
8618,0.09689326
8619,0.10107425
8620,0.088623054
8621,0.063751206
8622,0.039337106
8623,0.01763913
8624,0.0002747029
8625,-0.009704635
8626,-0.014465377
8627,-0.0107117295
8628,-0.00091555715
8629,0.011505157
8630,0.030670226
8631,0.047607392
8632,0.07635504
8633,0.10168451
8634,0.12643436
8635,0.14846814
8636,0.15844731
8637,0.15682979
8638,0.14038086
8639,0.11022949
8640,0.06603998
8641,0.020019546
8642,-0.026306152
8643,-0.060546897
8644,-0.08071903
8645,-0.085449256
8646,-0.08718866
8647,-0.086792015
8648,-0.09756473
8649,-0.11254889
8650,-0.1339722
8651,-0.15969846
8652,-0.1882019
8653,-0.21179199
8654,-0.23477179
8655,-0.25247186
8656,-0.2536011
8657,-0.23425291
8658,-0.18438727
8659,-0.10672004
8660,0.00015257299
8661,0.123687744
8662,0.25973505
8663,0.4002381
8664,0.54037464
8665,0.6750182
8666,0.7859192
8667,0.8703919
8668,0.9311218
8669,0.97128296
8670,0.9854737
8671,0.9751585
8672,0.9443971
8673,0.89349353
8674,0.8256531
8675,0.7380675
8676,0.6221314
8677,0.4827575
8678,0.3257752
8679,0.15948479
8680,0.004150301
8681,-0.13122562
8682,-0.23602296
8683,-0.3100891
8684,-0.35354608
8685,-0.3679505
8686,-0.35452268
8687,-0.3331604
8688,-0.311859
8689,-0.29531848
8690,-0.275818
8691,-0.2524718
8692,-0.22003154
8693,-0.18283069
8694,-0.14862049
8695,-0.11325084
8696,-0.09194947
8697,-0.072082534
8698,-0.06426996
8699,-0.053405806
8700,-0.048858643
8701,-0.04687518
8702,-0.05682373
8703,-0.07678214
8704,-0.1043396
8705,-0.14086914
8706,-0.18405145
8707,-0.23550421
8708,-0.29388416
8709,-0.36294544
8710,-0.4283141
8711,-0.48837292
8712,-0.53393567
8713,-0.5659485
8714,-0.5765685
8715,-0.5601804
8716,-0.5297242
8717,-0.4794311
8718,-0.41555768
8719,-0.34106427
8720,-0.25570667
8721,-0.16622937
8722,-0.07583627
8723,0.007507354
8724,0.07211316
8725,0.11944589
8726,0.13885501
8727,0.13803098
8728,0.11636349
8729,0.08255008
8730,0.035888672
8731,-0.010681152
8732,-0.05047614
8733,-0.083618134
8734,-0.10589594
8735,-0.12530518
8736,-0.13613898
8737,-0.14678961
8738,-0.14804086
8739,-0.14910889
8740,-0.1368714
8741,-0.117736876
8742,-0.07928473
8743,-0.035095215
8744,0.012786806
8745,0.05880758
8746,0.09213269
8747,0.11676031
8748,0.1239624
8749,0.12530518
8750,0.119659364
8751,0.11627199
8752,0.10983276
8753,0.11865233
8754,0.13262933
8755,0.1581116
8756,0.1774292
8757,0.18978885
8758,0.1892089
8759,0.16937248
8760,0.14450075
8761,0.11215213
8762,0.087524384
8763,0.06564337
8764,0.053741336
8765,0.053466946
8766,0.056915313
8767,0.07424924
8768,0.098358124
8769,0.13250725
8770,0.16888419
8771,0.21234143
8772,0.25723264
8773,0.300293
8774,0.33850092
8775,0.37295526
8776,0.39892584
8777,0.4170227
8778,0.42498785
8779,0.41958618
8780,0.4058532
8781,0.37741077
8782,0.34942633
8783,0.31585693
8784,0.28277588
8785,0.24481195
8786,0.20425415
8787,0.16525273
8788,0.12478644
8789,0.086944506
8790,0.050506443
8791,0.016906634
8792,-0.012481645
8793,-0.03179933
8794,-0.049530044
8795,-0.057739247
8796,-0.062011726
8797,-0.059570312
8798,-0.05105588
8799,-0.033721983
8800,-0.013488807
8801,0.015380777
8802,0.036071807
8803,0.061462447
8804,0.07089235
8805,0.07897955
8806,0.06652841
8807,0.052581847
8808,0.025421232
8809,0.0011290908
8810,-0.018615693
8811,-0.032440275
8812,-0.04119885
8813,-0.050231963
8814,-0.060424805
8815,-0.07785039
8816,-0.101989746
8817,-0.13958739
8818,-0.1764526
8819,-0.22061162
8820,-0.2585144
8821,-0.302063
8822,-0.3355408
8823,-0.37042242
8824,-0.40536496
8825,-0.43017563
8826,-0.45693973
8827,-0.47906482
8828,-0.5003358
8829,-0.5143127
8830,-0.5243531
8831,-0.53259283
8832,-0.5348816
8833,-0.5389098
8834,-0.5399475
8835,-0.5458679
8836,-0.54995716
8837,-0.55810547
8838,-0.5582581
8839,-0.55517584
8840,-0.54373163
8841,-0.53161615
8842,-0.5106507
8843,-0.48345935
8844,-0.44802853
8845,-0.4012757
8846,-0.34701535
8847,-0.28790286
8848,-0.22445688
8849,-0.16302496
8850,-0.10046394
8851,-0.037933417
8852,0.021911487
8853,0.07485977
8854,0.12359609
8855,0.16815194
8856,0.21575943
8857,0.26168838
8858,0.31201163
8859,0.3588257
8860,0.4148255
8861,0.4692688
8862,0.5262145
8863,0.5773621
8864,0.61920166
8865,0.6550903
8866,0.6767884
8867,0.69186413
8868,0.70440674
8869,0.7093505
8870,0.71606445
8871,0.72341913
8872,0.7340698
8873,0.74246216
8874,0.7510376
8875,0.752472
8876,0.7445679
8877,0.7273254
8878,0.7067261
8879,0.6795654
8880,0.6546935
8881,0.63101196
8882,0.61178595
8883,0.59609985
8884,0.5795287
8885,0.5637512
8886,0.5404969
8887,0.51565546
8888,0.48214728
8889,0.4443055
8890,0.40414423
8891,0.360382
8892,0.31613165
8893,0.2719726
8894,0.22930911
8895,0.1874389
8896,0.1494447
8897,0.11834715
8898,0.08816531
8899,0.058288485
8900,0.022918612
8901,-0.009216309
8902,-0.047210723
8903,-0.08331304
8904,-0.13217157
8905,-0.18389888
8906,-0.24398804
8907,-0.30453497
8908,-0.36761478
8909,-0.4281311
8910,-0.4826051
8911,-0.53143305
8912,-0.5757447
8913,-0.6175232
8914,-0.65460193
8915,-0.6872253
8916,-0.7215882
8917,-0.75112903
8918,-0.7748108
8919,-0.790619
8920,-0.8032836
8921,-0.8065186
8922,-0.80905163
8923,-0.80365
8924,-0.7982177
8925,-0.78717035
8926,-0.78259283
8927,-0.78491217
8928,-0.7877196
8929,-0.7948303
8930,-0.7883911
8931,-0.7793883
8932,-0.75412
8933,-0.72854626
8934,-0.6918946
8935,-0.6564331
8936,-0.61907953
8937,-0.5859374
8938,-0.55300915
8939,-0.520172
8940,-0.48959354
8941,-0.45574957
8942,-0.41760242
8943,-0.37335205
8944,-0.32833862
8945,-0.27996838
8946,-0.23254389
8947,-0.18392938
8948,-0.13790902
8949,-0.091796905
8950,-0.04852289
8951,-0.007202089
8952,0.03665155
8953,0.079559386
8954,0.11691287
8955,0.15579212
8956,0.18850711
8957,0.22680664
8958,0.26260376
8959,0.29904172
8960,0.3295899
8961,0.36111444
8962,0.378357
8963,0.39028934
8964,0.40133664
8965,0.41290283
8966,0.4301452
8967,0.4462586
8968,0.46313477
8969,0.4754638
8970,0.4901123
8971,0.502472
8972,0.508789
8973,0.513855
8974,0.5104675
8975,0.5045776
8976,0.48989874
8977,0.4692688
8978,0.4394226
8979,0.41159058
8980,0.37841797
8981,0.3514099
8982,0.32788086
8983,0.3048705
8984,0.28665167
8985,0.26724243
8986,0.24847409
8987,0.21984863
8988,0.19857788
8989,0.1705018
8990,0.15270996
8991,0.12319943
8992,0.10052487
8993,0.077423126
8994,0.05279541
8995,0.032074004
8996,0.005310118
8997,-0.013458371
8998,-0.036956728
8999,-0.05041492
9000,-0.06997672
9001,-0.074401855
9002,-0.081970185
9003,-0.078186095
9004,-0.07675171
9005,-0.072753906
9006,-0.06503284
9007,-0.059906065
9008,-0.05953972
9009,-0.06036377
9010,-0.061706543
9011,-0.066772416
9012,-0.06790163
9013,-0.070007354
9014,-0.06961048
9015,-0.06799314
9016,-0.060821615
9017,-0.0558777
9018,-0.04788209
9019,-0.037811287
9020,-0.018188484
9021,0.00881961
9022,0.047210686
9023,0.08084104
9024,0.12292476
9025,0.1557007
9026,0.18945315
9027,0.21862791
9028,0.251831
9029,0.28259277
9030,0.31320193
9031,0.33920282
9032,0.35583487
9033,0.3643798
9034,0.36312872
9035,0.3643189
9036,0.3602905
9037,0.35574347
9038,0.3630371
9039,0.36810303
9040,0.38696286
9041,0.3951417
9042,0.40643317
9043,0.41143793
9044,0.42306516
9045,0.4233704
9046,0.43334955
9047,0.4294739
9048,0.42520145
9049,0.4136047
9050,0.3882751
9051,0.355713
9052,0.320404
9053,0.27963263
9054,0.23165895
9055,0.18652342
9056,0.12994382
9057,0.081481874
9058,0.03118901
9059,-0.014007583
9060,-0.05514534
9061,-0.09033203
9062,-0.12124637
9063,-0.14938346
9064,-0.1719056
9065,-0.19763188
9066,-0.21698
9067,-0.24588001
9068,-0.2664795
9069,-0.2921448
9070,-0.30895996
9071,-0.32873535
9072,-0.34432986
9073,-0.36190784
9074,-0.37371838
9075,-0.38485715
9076,-0.39120483
9077,-0.39450067
9078,-0.3929444
9079,-0.3928223
9080,-0.38726813
9081,-0.38513184
9082,-0.39169306
9083,-0.39926147
9084,-0.41375726
9085,-0.42196667
9086,-0.43978882
9087,-0.46170035
9088,-0.48916623
9089,-0.50741583
9090,-0.5291137
9091,-0.5333252
9092,-0.5357972
9093,-0.5365295
9094,-0.5302733
9095,-0.51770025
9096,-0.49942017
9097,-0.47808838
9098,-0.4489441
9099,-0.42089832
9100,-0.38235474
9101,-0.3508606
9102,-0.31912237
9103,-0.28897098
9104,-0.27047727
9105,-0.24520876
9106,-0.22717278
9107,-0.20138562
9108,-0.18157959
9109,-0.16116321
9110,-0.15258782
9111,-0.14260872
9112,-0.1462402
9113,-0.14086917
9114,-0.13043219
9115,-0.105834916
9116,-0.06311026
9117,-0.010803357
9118,0.046112224
9119,0.11608881
9120,0.18896477
9121,0.25708
9122,0.32064828
9123,0.38272104
9124,0.44110104
9125,0.50000006
9126,0.55596924
9127,0.60302734
9128,0.63986206
9129,0.6580812
9130,0.66790783
9131,0.6678466
9132,0.6624756
9133,0.6531677
9134,0.6449279
9135,0.62667847
9136,0.60317993
9137,0.58142084
9138,0.55303955
9139,0.5248108
9140,0.48736572
9141,0.44329828
9142,0.39343256
9143,0.34600824
9144,0.28884894
9145,0.24044806
9146,0.1821289
9147,0.13043214
9148,0.08560182
9149,0.041046157
9150,0.0038756877
9151,-0.034210116
9152,-0.06143187
9153,-0.07608041
9154,-0.084442124
9155,-0.09155266
9156,-0.09695433
9157,-0.11691287
9158,-0.14089966
9159,-0.16610718
9160,-0.19799808
9161,-0.2330321
9162,-0.26773083
9163,-0.3033142
9164,-0.33380124
9165,-0.35241702
9166,-0.36236572
9167,-0.36486822
9168,-0.36056513
9169,-0.35583496
9170,-0.347107
9171,-0.34225464
9172,-0.3330689
9173,-0.31558225
9174,-0.29757702
9175,-0.27447516
9176,-0.25134277
9177,-0.22204582
9178,-0.19744873
9179,-0.17468266
9180,-0.1583862
9181,-0.14782716
9182,-0.14401248
9183,-0.13891591
9184,-0.1288758
9185,-0.12509155
9186,-0.12576291
9187,-0.1321106
9188,-0.13961795
9189,-0.15533453
9190,-0.17059322
9191,-0.18728638
9192,-0.19915771
9193,-0.2029419
9194,-0.20135498
9195,-0.18997201
9196,-0.18524171
9197,-0.18069458
9198,-0.17361452
9199,-0.16683966
9200,-0.15664677
9201,-0.13821411
9202,-0.113922134
9203,-0.09579466
9204,-0.07394408
9205,-0.054321244
9206,-0.027404755
9207,0.0009460747
9208,0.032928467
9209,0.063568115
9210,0.09259033
9211,0.118499696
9212,0.14248657
9213,0.16641235
9214,0.18936153
9215,0.22335811
9216,0.25482184
9217,0.282898
9218,0.30233765
9219,0.30673218
9220,0.30474854
9221,0.2899475
9222,0.2755737
9223,0.2688904
9224,0.2755432
9225,0.28579715
9226,0.30975342
9227,0.3293152
9228,0.34466553
9229,0.35995483
9230,0.3727417
9231,0.37564087
9232,0.3748169
9233,0.36871338
9234,0.36428833
9235,0.35552981
9236,0.3522339
9237,0.3445434
9238,0.3335877
9239,0.31521612
9240,0.30117804
9241,0.28128052
9242,0.26397702
9243,0.24188231
9244,0.21914671
9245,0.19479372
9246,0.16665648
9247,0.13888551
9248,0.109497085
9249,0.083496094
9250,0.0592041
9251,0.048400894
9252,0.051086426
9253,0.07727051
9254,0.11141969
9255,0.155487
9256,0.1877746
9257,0.21145634
9258,0.21585087
9259,0.20031738
9260,0.17117304
9261,0.13040155
9262,0.086639374
9263,0.03604126
9264,-0.03170775
9265,-0.11349486
9266,-0.22201538
9267,-0.34661862
9268,-0.48242188
9269,-0.60632336
9270,-0.7102661
9271,-0.7872313
9272,-0.8355104
9273,-0.8617859
9274,-0.875824
9275,-0.88201916
9276,-0.8753052
9277,-0.86083984
9278,-0.83068854
9279,-0.78982556
9280,-0.73995984
9281,-0.6814269
9282,-0.61248785
9283,-0.52941895
9284,-0.42944336
9285,-0.31298828
9286,-0.18109131
9287,-0.038970947
9288,0.10214232
9289,0.23187251
9290,0.33816534
9291,0.42620853
9292,0.4828187
9293,0.5261535
9294,0.5424195
9295,0.5455016
9296,0.52731323
9297,0.50247186
9298,0.4597167
9299,0.4136352
9300,0.35913092
9301,0.3103944
9302,0.25823987
9303,0.21334839
9304,0.16931146
9305,0.13027954
9306,0.09164423
9307,0.064330965
9308,0.0475159
9309,0.03704828
9310,0.03717032
9311,0.038391113
9312,0.049194276
9313,0.055572584
9314,0.0618591
9315,0.0579528
9316,0.045227066
9317,0.023559578
9318,-0.009979248
9319,-0.055602968
9320,-0.10882567
9321,-0.1645507
9322,-0.21365349
9323,-0.25619507
9324,-0.2824097
9325,-0.29272464
9326,-0.2900085
9327,-0.27893072
9328,-0.26464838
9329,-0.24530028
9330,-0.22091681
9331,-0.19104004
9332,-0.15008545
9333,-0.09759523
9334,-0.031524703
9335,0.036743224
9336,0.10003662
9337,0.15524285
9338,0.19680786
9339,0.22842409
9340,0.25900263
9341,0.28942877
9342,0.31921387
9343,0.348114
9344,0.37432855
9345,0.38903815
9346,0.3955384
9347,0.384674
9348,0.35629272
9349,0.3061828
9350,0.23721312
9351,0.1477051
9352,0.037414536
9353,-0.08966063
9354,-0.22848508
9355,-0.36557
9356,-0.49584967
9357,-0.60620123
9358,-0.6921387
9359,-0.74841297
9360,-0.76635754
9361,-0.7576599
9362,-0.71936035
9363,-0.65466315
9364,-0.5636291
9365,-0.460907
9366,-0.3469545
9367,-0.23318487
9368,-0.12820444
9369,-0.035369843
9370,0.045867875
9371,0.10943608
9372,0.16162108
9373,0.19686896
9374,0.21582028
9375,0.21954349
9376,0.20736697
9377,0.18563844
9378,0.14932257
9379,0.11486809
9380,0.08593762
9381,0.07034312
9382,0.067535326
9383,0.07290639
9384,0.08377077
9385,0.09143047
9386,0.10296619
9387,0.1163024
9388,0.13876337
9389,0.17150879
9390,0.20962515
9391,0.25540164
9392,0.30657947
9393,0.3636781
9394,0.42770374
9395,0.49508652
9396,0.5683595
9397,0.6507263
9398,0.73556507
9399,0.81814575
9400,0.8861084
9401,0.93417364
9402,0.9532777
9403,0.94390863
9404,0.90625006
9405,0.8491515
9406,0.7664795
9407,0.66787714
9408,0.553131
9409,0.42504874
9410,0.28720102
9411,0.14437881
9412,0.007324308
9413,-0.12472537
9414,-0.23944098
9415,-0.3384704
9416,-0.41632092
9417,-0.48220828
9418,-0.5290834
9419,-0.561615
9420,-0.57366955
9421,-0.56961066
9422,-0.5469361
9423,-0.52163684
9424,-0.48535156
9425,-0.45507818
9426,-0.4299927
9427,-0.41250604
9428,-0.4038697
9429,-0.40356445
9430,-0.4132384
9431,-0.42556757
9432,-0.44436637
9433,-0.46258548
9434,-0.47668457
9435,-0.48141474
9436,-0.4744262
9437,-0.45693976
9438,-0.42413324
9439,-0.38250726
9440,-0.32644653
9441,-0.26257324
9442,-0.18826288
9443,-0.11276251
9444,-0.032836795
9445,0.041107327
9446,0.10897827
9447,0.16424555
9448,0.20718378
9449,0.23666377
9450,0.26028448
9451,0.28259292
9452,0.30993646
9453,0.33419803
9454,0.3594972
9455,0.37640375
9456,0.37973034
9457,0.36694342
9458,0.3362428
9459,0.29034424
9460,0.22915654
9461,0.16403203
9462,0.09609985
9463,0.030670166
9464,-0.03478995
9465,-0.09521486
9466,-0.15231328
9467,-0.20364387
9468,-0.25109875
9469,-0.28497317
9470,-0.30883783
9471,-0.32153314
9472,-0.32324213
9473,-0.31253046
9474,-0.28344718
9475,-0.24200428
9476,-0.18826306
9477,-0.12161264
9478,-0.05569476
9479,0.010162383
9480,0.06961051
9481,0.13037106
9482,0.17626956
9483,0.22384644
9484,0.25393683
9485,0.27685547
9486,0.2852173
9487,0.28924558
9488,0.2819518
9489,0.2759399
9490,0.2515258
9491,0.22735597
9492,0.19219975
9493,0.15628055
9494,0.117065504
9495,0.08047485
9496,0.043884188
9497,0.014190629
9498,-0.010070771
9499,-0.028320178
9500,-0.035736173
9501,-0.044555828
9502,-0.048919678
9503,-0.054840207
9504,-0.061492972
9505,-0.076660275
9506,-0.09817511
9507,-0.11923206
9508,-0.14154059
9509,-0.16149913
9510,-0.17697164
9511,-0.19165045
9512,-0.20001219
9513,-0.2092285
9514,-0.2055359
9515,-0.19763178
9516,-0.18078622
9517,-0.16485605
9518,-0.15295407
9519,-0.1510621
9520,-0.15463257
9521,-0.17068475
9522,-0.18115234
9523,-0.19290161
9524,-0.19415277
9525,-0.19586182
9526,-0.18215942
9527,-0.16900638
9528,-0.14849871
9529,-0.12756342
9530,-0.10278329
9531,-0.078552395
9532,-0.059509277
9533,-0.035736024
9534,-0.007141024
9535,0.024475098
9536,0.056365818
9537,0.09561156
9538,0.13516232
9539,0.17318724
9540,0.20120242
9541,0.22091664
9542,0.22836314
9543,0.22729488
9544,0.21844503
9545,0.21041873
9546,0.19705206
9547,0.17681885
9548,0.16049196
9549,0.14361577
9550,0.13656624
9551,0.13931282
9552,0.1441346
9553,0.14718626
9554,0.14538595
9555,0.13177496
9556,0.115478605
9557,0.09036255
9558,0.06249994
9559,0.028747559
9560,-0.0033873618
9561,-0.03820789
9562,-0.06542972
9563,-0.087524354
9564,-0.1009216
9565,-0.1065065
9566,-0.11282341
9567,-0.115356356
9568,-0.1240845
9569,-0.12524404
9570,-0.13323978
9571,-0.12756333
9572,-0.12203967
9573,-0.111511305
9574,-0.10156247
9575,-0.082397416
9576,-0.062927246
9577,-0.041900665
9578,-0.02783209
9579,-0.014007568
9580,-0.012939453
9581,-0.025726408
9582,-0.050231993
9583,-0.08157343
9584,-0.11270127
9585,-0.13763422
9586,-0.1607362
9587,-0.16906738
9588,-0.17752084
9589,-0.17416376
9590,-0.16897598
9591,-0.14712527
9592,-0.13311774
9593,-0.11193836
9594,-0.09866321
9595,-0.08325204
9596,-0.07199092
9597,-0.0590515
9598,-0.04776004
9599,-0.043212913
9600,-0.0477906
9601,-0.05789181
9602,-0.06973261
9603,-0.083709724
9604,-0.08920279
9605,-0.088317946
9606,-0.07662979
9607,-0.057250947
9608,-0.03125
9609,-0.0038757324
9610,0.02368161
9611,0.044158936
9612,0.06112674
9613,0.067840576
9614,0.067993194
9615,0.054901034
9616,0.03942859
9617,0.015167236
9618,9.149313e-05
9619,-0.01638794
9620,-0.016693205
9621,-0.006347716
9622,0.021270692
9623,0.053527832
9624,0.09698492
9625,0.14266971
9626,0.1933594
9627,0.23825063
9628,0.27832025
9629,0.30661017
9630,0.32705688
9631,0.33261108
9632,0.3326416
9633,0.32669067
9634,0.31805426
9635,0.30377197
9636,0.29156494
9637,0.2769469
9638,0.26123035
9639,0.24255371
9640,0.22048946
9641,0.1934509
9642,0.16125487
9643,0.13027954
9644,0.09710695
9645,0.0656433
9646,0.035186768
9647,0.017730825
9648,0.011535656
9649,0.016387962
9650,0.026031457
9651,0.037628204
9652,0.0443421
9653,0.04492189
9654,0.04833992
9655,0.05331415
9656,0.059570312
9657,0.06329338
9658,0.06927492
9659,0.07492064
9660,0.07821659
9661,0.07791145
9662,0.076049834
9663,0.07003787
9664,0.06838994
9665,0.06631465
9666,0.07147219
9667,0.079498306
9668,0.090087816
9669,0.098388694
9670,0.09863269
9671,0.09301773
9672,0.076049894
9673,0.054473817
9674,0.028656043
9675,0.004119925
9676,-0.018218957
9677,-0.037902847
9678,-0.053131133
9679,-0.06347658
9680,-0.069122314
9681,-0.06347653
9682,-0.055114716
9683,-0.04095453
9684,-0.031311035
9685,-0.021118075
9686,-0.01828
9687,-0.023528993
9688,-0.03326416
9689,-0.04711917
9690,-0.062133864
9691,-0.07324225
9692,-0.08844003
9693,-0.098358124
9694,-0.110320926
9695,-0.12030037
9696,-0.1335144
9697,-0.14617914
9698,-0.1647034
9699,-0.18032837
9700,-0.19558723
9701,-0.20578007
9702,-0.21112062
9703,-0.21261595
9704,-0.20483395
9705,-0.18661499
9706,-0.16369623
9707,-0.14276125
9708,-0.12896729
9709,-0.12527467
9710,-0.12768559
9711,-0.13046265
9712,-0.13156125
9713,-0.12557983
9714,-0.11672965
9715,-0.10067758
9716,-0.08493054
9717,-0.06451422
9718,-0.04284674
9719,-0.01727286
9720,0.0062256455
9721,0.026611298
9722,0.04284656
9723,0.05584711
9724,0.066345274
9725,0.06890863
9726,0.073272645
9727,0.06829837
9728,0.06878659
9729,0.06796259
9730,0.07635489
9731,0.087127745
9732,0.10375975
9733,0.115112334
9734,0.12365726
9735,0.12271115
9736,0.123596236
9737,0.11694329
9738,0.11624146
9739,0.11389163
9740,0.11535643
9741,0.1174621
9742,0.12118525
9743,0.12710571
9744,0.12762457
9745,0.12481691
9746,0.109191865
9747,0.08261113
9748,0.04208377
9749,-0.0045776814
9750,-0.055084184
9751,-0.10021973
9752,-0.13989256
9753,-0.1701967
9754,-0.19488531
9755,-0.21429437
9756,-0.22900382
9757,-0.24551398
9758,-0.25421134
9759,-0.2644959
9760,-0.26782224
9761,-0.27160645
9762,-0.27355954
9763,-0.27542114
9764,-0.27288824
9765,-0.26812753
9766,-0.25875843
9767,-0.24926762
9768,-0.24288943
9769,-0.23831174
9770,-0.23928833
9771,-0.24539185
9772,-0.24807736
9773,-0.24664296
9774,-0.23168938
9775,-0.20413202
9776,-0.16860959
9777,-0.12619026
9778,-0.08477789
9779,-0.04925534
9780,-0.024444642
9781,-0.011505131
9782,-0.005004879
9783,-0.0042113885
9784,-0.0032653585
9785,-0.007629454
9786,-0.010925323
9787,-0.02029413
9788,-0.02597043
9789,-0.030792147
9790,-0.024017394
9791,-0.008605957
9792,0.01763907
9793,0.05227661
9794,0.09182736
9795,0.12954712
9796,0.16125503
9797,0.18469237
9798,0.19711302
9799,0.2004394
9800,0.20013425
9801,0.20480353
9802,0.20605464
9803,0.21722409
9804,0.22479239
9805,0.2357788
9806,0.2448425
9807,0.25018317
9808,0.251587
9809,0.25225833
9810,0.25399768
9811,0.25668335
9812,0.26809695
9813,0.28286734
9814,0.30560303
9815,0.32922366
9816,0.35083005
9817,0.36599728
9818,0.37271106
9819,0.37124646
9820,0.36486822
9821,0.36068732
9822,0.3526916
9823,0.35208136
9824,0.34249878
9825,0.330719
9826,0.3088378
9827,0.28192133
9828,0.2517089
9829,0.22109991
9830,0.1923219
9831,0.16427612
9832,0.13601673
9833,0.10549927
9834,0.0774537
9835,0.046935976
9836,0.018310547
9837,-0.014526382
9838,-0.048522994
9839,-0.08175664
9840,-0.11251843
9841,-0.13586424
9842,-0.15368657
9843,-0.16647325
9844,-0.17868036
9845,-0.19027716
9846,-0.20108025
9847,-0.20965576
9848,-0.22128285
9849,-0.23019412
9850,-0.24420166
9851,-0.24874876
9852,-0.25900275
9853,-0.25918585
9854,-0.2663573
9855,-0.2650147
9856,-0.27307132
9857,-0.2775268
9858,-0.2895202
9859,-0.299469
9860,-0.31369013
9861,-0.32272333
9862,-0.3348999
9863,-0.33792126
9864,-0.33572394
9865,-0.32434076
9866,-0.30960077
9867,-0.29605108
9868,-0.28140253
9869,-0.27145386
9870,-0.2617492
9871,-0.24975589
9872,-0.2342529
9873,-0.21508788
9874,-0.1914368
9875,-0.16607675
9876,-0.1360167
9877,-0.1022034
9878,-0.07345584
9879,-0.04095456
9880,0.0028685927
9881,0.046905495
9882,0.09277345
9883,0.12976068
9884,0.16531385
9885,0.18618765
9886,0.19458008
9887,0.19226067
9888,0.17706293
9889,0.1560364
9890,0.14578241
9891,0.14260863
9892,0.15692139
9893,0.1824036
9894,0.218689
9895,0.254425
9896,0.2928161
9897,0.32138062
9898,0.3491516
9899,0.36801153
9900,0.38842767
9901,0.3963318
9902,0.39669794
9903,0.39169312
9904,0.3882141
9905,0.37988275
9906,0.36996472
9907,0.34799182
9908,0.32101434
9909,0.28231806
9910,0.2420959
9911,0.20193483
9912,0.15695189
9913,0.11804199
9914,0.0810242
9915,0.047180176
9916,0.013610832
9917,-0.020477317
9918,-0.05297853
9919,-0.09060666
9920,-0.12368783
9921,-0.16601561
9922,-0.20068356
9923,-0.23849489
9924,-0.27502435
9925,-0.31027222
9926,-0.34503174
9927,-0.37301633
9928,-0.3905945
9929,-0.39895618
9930,-0.39709467
9931,-0.38497928
9932,-0.365448
9933,-0.34542844
9934,-0.3270874
9935,-0.31146237
9936,-0.303833
9937,-0.30032346
9938,-0.2998963
9939,-0.29812628
9940,-0.29748535
9941,-0.296112
9942,-0.30111697
9943,-0.30328366
9944,-0.30670163
9945,-0.30752563
9946,-0.31426987
9947,-0.31381232
9948,-0.3081666
9949,-0.2877807
9950,-0.26284796
9951,-0.22424313
9952,-0.1821289
9953,-0.14120483
9954,-0.093566895
9955,-0.05249021
9956,-0.013336182
9957,0.0137939565
9958,0.03399658
9959,0.042419437
9960,0.048248295
9961,0.054046653
9962,0.062164307
9963,0.08135988
9964,0.10183714
9965,0.13195801
9966,0.1538696
9967,0.18405151
9968,0.21844485
9969,0.2513123
9970,0.27539062
9971,0.29217535
9972,0.2967224
9973,0.29711914
9974,0.29116827
9975,0.2815857
9976,0.2664795
9977,0.24813846
9978,0.23681639
9979,0.21990967
9980,0.21289062
9981,0.20550536
9982,0.20974731
9983,0.21447752
9984,0.22280884
9985,0.23345946
9986,0.24890138
9987,0.26690674
9988,0.28079224
9989,0.2980652
9990,0.32617182
9991,0.3546448
9992,0.38327032
9993,0.40335083
9994,0.41723633
9995,0.4164123
9996,0.4048462
9997,0.38796997
9998,0.35665894
9999,0.32827756
10000,0.29959106
10001,0.2770691
10002,0.2585144
10003,0.24468991
10004,0.2293396
10005,0.21411133
10006,0.1956482
10007,0.17276001
10008,0.15173338
10009,0.12402342
10010,0.10253906
10011,0.071685776
10012,0.036865175
10013,-0.0028381273
10014,-0.03887935
10015,-0.075866714
10016,-0.10266113
10017,-0.12722777
10018,-0.1378174
10019,-0.14468388
10020,-0.145874
10021,-0.14300537
10022,-0.14819334
10023,-0.14813234
10024,-0.15817259
10025,-0.1640625
10026,-0.17926025
10027,-0.19662476
10028,-0.22341917
10029,-0.2605896
10030,-0.30136108
10031,-0.3486023
10032,-0.39352417
10033,-0.43881226
10034,-0.47860712
10035,-0.50985724
10036,-0.5299073
10037,-0.53982544
10038,-0.5345154
10039,-0.5210876
10040,-0.50213623
10041,-0.47787476
10042,-0.44656372
10043,-0.4142456
10044,-0.38134766
10045,-0.34881592
10046,-0.32302856
10047,-0.2980957
10048,-0.28094482
10049,-0.26611328
10050,-0.2557068
10051,-0.24716187
10052,-0.24465942
10053,-0.23919676
10054,-0.23306276
10055,-0.22460938
10056,-0.21835315
10057,-0.21054085
10058,-0.19619758
10059,-0.17614745
10060,-0.15249632
10061,-0.120086655
10062,-0.08465573
10063,-0.051635765
10064,-0.008789077
10065,0.025115993
10066,0.062316895
10067,0.08905028
10068,0.119354255
10069,0.13739014
10070,0.15756226
10071,0.16748048
10072,0.17889404
10073,0.18621826
10074,0.1933899
10075,0.19937135
10076,0.20614623
10077,0.21786499
10078,0.22409055
10079,0.22640991
10080,0.21569826
10081,0.20211792
10082,0.17202762
10083,0.14639282
10084,0.11654663
10085,0.099365234
10086,0.083496094
10087,0.07556149
10088,0.068603516
10089,0.05682373
10090,0.046875
10091,0.029693574
10092,0.017028838
10093,0.004577607
10094,0.0002746582
10095,0.0028382242
10096,0.012359589
10097,0.02496329
10098,0.039123625
10099,0.054504454
10100,0.06259149
10101,0.07006836
10102,0.06979376
10103,0.07397458
10104,0.0753479
10105,0.081207216
10106,0.09182739
10107,0.10797122
10108,0.119781494
10109,0.13449097
10110,0.14285278
10111,0.15100098
10112,0.15768433
10113,0.16412354
10114,0.17233275
10115,0.18481445
10116,0.20104982
10117,0.22506712
10118,0.25228885
10119,0.27600098
10120,0.29788205
10121,0.3061218
10122,0.3051147
10123,0.29379275
10124,0.28280646
10125,0.26922607
10126,0.2597351
10127,0.24993896
10128,0.24249266
10129,0.23233034
10130,0.21728516
10131,0.20196533
10132,0.18023682
10133,0.16342163
10134,0.14364626
10135,0.13098148
10136,0.11563109
10137,0.10516358
10138,0.0920105
10139,0.083435
10140,0.075470015
10141,0.07592778
10142,0.07666011
10143,0.07968136
10144,0.087127715
10145,0.09408571
10146,0.10296632
10147,0.109741226
10148,0.12002562
10149,0.12661742
10150,0.13082886
10151,0.12658691
10152,0.12216188
10153,0.11172484
10154,0.09899901
10155,0.091491714
10156,0.081817634
10157,0.08245851
10158,0.080780014
10159,0.08728027
10160,0.09161377
10161,0.09686275
10162,0.10098268
10163,0.10687265
10164,0.11315912
10165,0.118774295
10166,0.12197873
10167,0.11389154
10168,0.10144037
10169,0.07324219
10170,0.037017822
10171,-0.007751465
10172,-0.05706787
10173,-0.1100159
10174,-0.15756226
10175,-0.20614627
10176,-0.24829102
10177,-0.28549194
10178,-0.31988525
10179,-0.33993533
10180,-0.35394284
10181,-0.35751343
10182,-0.35455322
10183,-0.3520202
10184,-0.35253912
10185,-0.3541566
10186,-0.36053458
10187,-0.36212146
10188,-0.3640747
10189,-0.36294556
10190,-0.36584473
10191,-0.3704529
10192,-0.38043213
10193,-0.39245605
10194,-0.40112305
10195,-0.40118408
10196,-0.39016724
10197,-0.37390137
10198,-0.3458252
10199,-0.32043457
10200,-0.2914734
10201,-0.2753601
10202,-0.2640075
10203,-0.26428223
10204,-0.26553345
10205,-0.2716369
10206,-0.27673343
10207,-0.286255
10208,-0.29382315
10209,-0.29608142
10210,-0.29467773
10211,-0.28460693
10212,-0.26916504
10213,-0.2475281
10214,-0.22634888
10215,-0.20614624
10216,-0.18917847
10217,-0.17224118
10218,-0.1616211
10219,-0.15301512
10220,-0.1484985
10221,-0.14346313
10222,-0.13391113
10223,-0.1331482
10224,-0.12936403
10225,-0.13208003
10226,-0.13549814
10227,-0.13916028
10228,-0.14721683
10229,-0.15573114
10230,-0.16348276
10231,-0.16943356
10232,-0.17013557
10233,-0.15936267
10234,-0.14099115
10235,-0.11251831
10236,-0.07754518
10237,-0.038269043
10238,0.0024414062
10239,0.044891387
10240,0.08721921
10241,0.13400269
10242,0.17861938
10243,0.22164914
10244,0.26068115
10245,0.2897339
10246,0.31274408
10247,0.32141113
10248,0.32019043
10249,0.3108215
10250,0.29913336
10251,0.28933728
10252,0.28329465
10253,0.27825913
10254,0.2732544
10255,0.26885974
10256,0.25353998
10257,0.23184204
10258,0.21780396
10259,0.20101929
10260,0.18743896
10261,0.18008417
10262,0.17324832
10263,0.17373657
10264,0.17800902
10265,0.19000244
10266,0.20358275
10267,0.23373413
10268,0.2722778
10269,0.31985474
10270,0.3700257
10271,0.4250183
10272,0.47952276
10273,0.5297242
10274,0.57666016
10275,0.61032087
10276,0.6352539
10277,0.640808
10278,0.63803095
10279,0.6229248
10280,0.5959778
10281,0.5677185
10282,0.5367737
10283,0.49905396
10284,0.4623413
10285,0.42190552
10286,0.38504028
10287,0.34503174
10288,0.30737305
10289,0.28128052
10290,0.25778198
10291,0.2470703
10292,0.24343877
10293,0.24166879
10294,0.24392702
10295,0.244873
10296,0.24545296
10297,0.24267578
10298,0.24002081
10299,0.23123169
10300,0.22567752
10301,0.21795659
10302,0.20410156
10303,0.18688965
10304,0.17016602
10305,0.14376836
10306,0.118011475
10307,0.07965091
10308,0.042877197
10309,-0.0005798191
10310,-0.040771484
10311,-0.09008789
10312,-0.14160155
10313,-0.19406122
10314,-0.2467652
10315,-0.29583746
10316,-0.34176642
10317,-0.38775635
10318,-0.43170172
10319,-0.4699096
10320,-0.5084534
10321,-0.5359496
10322,-0.5515747
10323,-0.5545044
10324,-0.55514526
10325,-0.551178
10326,-0.5498047
10327,-0.5529785
10328,-0.5631409
10329,-0.5793457
10330,-0.6052551
10331,-0.633667
10332,-0.6645204
10333,-0.7001343
10334,-0.73550415
10335,-0.7686463
10336,-0.7938843
10337,-0.8150332
10338,-0.8273622
10339,-0.82714844
10340,-0.8165895
10341,-0.7911986
10342,-0.75762945
10343,-0.7096251
10344,-0.6602173
10345,-0.611084
10346,-0.5510559
10347,-0.49856567
10348,-0.44607544
10349,-0.38549808
10350,-0.3216858
10351,-0.25234985
10352,-0.17800902
10353,-0.10317995
10354,-0.033843964
10355,0.027923629
10356,0.08554074
10357,0.12625122
10358,0.15722656
10359,0.17883307
10360,0.19439702
10361,0.20816037
10362,0.2175293
10363,0.22860718
10364,0.23739631
10365,0.25036612
10366,0.2563782
10367,0.2617798
10368,0.2749328
10369,0.2855835
10370,0.29367065
10371,0.3089295
10372,0.3171997
10373,0.3292542
10374,0.3380126
10375,0.34902954
10376,0.35589603
10377,0.3661194
10378,0.37734985
10379,0.38690192
10380,0.39730835
10381,0.39935315
10382,0.40151978
10383,0.39450073
10384,0.37588507
10385,0.33209223
10386,0.2802735
10387,0.03692627
10388,-0.12133801
10389,-0.06283581
10390,0.014007628
10391,0.17343146
10392,0.4153443
10393,0.66180426
10394,0.9136659
10395,1.0660706
10396,1.1468811
10397,1.1837465
10398,1.1506958
10399,1.0735475
10400,0.9322509
10401,0.76736444
10402,0.58114624
10403,0.39898694
10404,0.23278812
10405,0.087646484
10406,-0.030792207
10407,-0.12298584
10408,-0.18417358
10409,-0.13223255
10410,-0.10208136
10411,-0.15988159
10412,-0.22235107
10413,-0.3110352
10414,-0.43597406
10415,-0.56692505
10416,-0.7006531
10417,-0.788025
10418,-0.84020996
10419,-0.87106323
10420,-0.8641969
10421,-0.8359376
10422,-0.77789307
10423,-0.70266724
10424,-0.61853015
10425,-0.5297853
10426,-0.44778448
10427,-0.3699646
10428,-0.29977414
10429,-0.23150635
10430,-0.17343141
10431,-0.034912124
10432,0.054931626
10433,0.033630446
10434,-0.0059203506
10435,-0.08883664
10436,-0.2299805
10437,-0.38589486
10438,-0.54388434
10439,-0.6343689
10440,-0.66937256
10441,-0.6626892
10442,-0.6010743
10443,-0.5110169
10444,-0.3792115
10445,-0.23046884
10446,-0.06353745
10447,0.10748279
10448,0.27249148
10449,0.4334716
10450,0.5921631
10451,0.755371
10452,0.9045715
10453,1.1238098
10454,1.2711487
10455,1.2748109
10456,1.2309264
10457,1.1194763
10458,0.9414673
10459,0.7470398
10460,0.53640735
10461,0.36199975
10462,0.20724481
10463,0.063384995
10464,-0.057189867
10465,-0.15701285
10466,-0.2271119
10467,-0.27221662
10468,-0.30194086
10469,-0.3211975
10470,-0.34329224
10471,-0.36645496
10472,-0.4058532
10473,-0.45770264
10474,-0.5206909
10475,-0.7612002
10476,-0.9034729
10477,-0.8106385
10478,-0.6723632
10479,-0.43566895
10480,-0.09118664
10481,0.27511603
10482,0.6534119
10483,0.91922
10484,1.0943906
10485,1.2063905
10486,1.2258301
10487,1.1843873
10488,1.0626221
10489,0.89883417
10490,0.6994933
10491,0.49084482
10492,0.2894287
10493,0.09100343
10494,-0.10281378
10495,-0.30090326
10496,-0.48632812
10497,-0.83557117
10498,-1.0755007
10499,-1.069031
10500,-1.0232239
10501,-0.86950684
10502,-0.61016834
10503,-0.32037342
10504,-0.0118406415
10505,0.20010364
10506,0.34094232
10507,0.4383546
10508,0.46218866
10509,0.44458008
10510,0.35836792
10511,0.24328609
10512,0.098968394
10513,-0.048980653
10514,-0.18307498
10515,-0.29690552
10516,-0.3826905
10517,-0.4486388
10518,-0.48516846
10519,-0.4146117
10520,-0.36737067
10521,-0.4111939
10522,-0.45285034
10523,-0.5257264
10524,-0.63589466
10525,-0.75149536
10526,-0.86221313
10527,-0.903412
10528,-0.8854675
10529,-0.82785034
10530,-0.72448736
10531,-0.59777844
10532,-0.43826288
10533,-0.27044672
10534,-0.10125731
10535,0.060272157
10536,0.20425418
10537,0.33746326
10538,0.46212772
10539,0.5803832
10540,0.6844481
10541,0.8660891
10542,0.9819641
10543,0.96307373
10544,0.9098816
10545,0.7854004
10546,0.5845947
10547,0.35296625
10548,0.106109545
10549,-0.07653803
10550,-0.19848627
10551,-0.27862555
10552,-0.29818714
10553,-0.2864989
10554,-0.22393811
10555,-0.13677955
10556,-0.02331537
10557,0.09713727
10558,0.21636972
10559,0.33489984
10560,0.4519961
10561,0.57391346
10562,0.68493646
10563,0.868103
10564,0.98159784
10565,0.95135504
10566,0.8892212
10567,0.7583007
10568,0.5733336
10569,0.36523426
10570,0.14489734
10571,-0.041412234
10572,-0.20858762
10573,-0.36215216
10574,-0.4857483
10575,-0.58032227
10576,-0.6375428
10577,-0.6650084
10578,-0.66574085
10579,-0.64553833
10580,-0.6232605
10581,-0.5981444
10582,-0.58108515
10583,-0.56378174
10584,-0.55303955
10585,-0.5367434
10586,-0.5098877
10587,-0.4703369
10588,-0.41439807
10589,-0.3403321
10590,-0.25082403
10591,-0.15124516
10592,-0.04763791
10593,0.043121338
10594,0.11813353
10595,0.17730711
10596,0.22534174
10597,0.26934808
10598,0.2991028
10599,0.3173522
10600,0.32330322
10601,0.32235724
10602,0.31417847
10603,0.29287723
10604,0.25820917
10605,0.21411137
10606,0.16549693
10607,0.1147155
10608,0.066864006
10609,0.02505494
10610,-0.017120346
10611,-0.04751585
10612,-0.07293697
10613,-0.08282471
10614,-0.0946655
10615,-0.107971214
10616,-0.1322327
10617,-0.15686038
10618,-0.18682866
10619,-0.21365365
10620,-0.24374388
10621,-0.27529916
10622,-0.3107605
10623,-0.3535766
10624,-0.40002444
10625,-0.44689938
10626,-0.48699957
10627,-0.52371216
10628,-0.5389404
10629,-0.5300598
10630,-0.49871826
10631,-0.44467163
10632,-0.38015747
10633,-0.30136108
10634,-0.21426389
10635,-0.11810298
10636,-0.022979707
10637,0.07177733
10638,0.16018678
10639,0.2401123
10640,0.30743414
10641,0.3570557
10642,0.3985291
10643,0.42257696
10644,0.43490595
10645,0.4288634
10646,0.41213995
10647,0.38562006
10648,0.35787964
10649,0.32565308
10650,0.30371094
10651,0.28482074
10652,0.26681516
10653,0.24938965
10654,0.23471062
10655,0.21594238
10656,0.2031861
10657,0.19003297
10658,0.18057251
10659,0.17684935
10660,0.17578126
10661,0.179657
10662,0.18618783
10663,0.19412234
10664,0.2052002
10665,0.21820077
10666,0.23623653
10667,0.25643912
10668,0.2799073
10669,0.30737302
10670,0.33593756
10671,0.36309814
10672,0.37963876
10673,0.3790589
10674,0.36090088
10675,0.32546997
10676,0.27926633
10677,0.22396852
10678,0.16726688
10679,0.10818482
10680,0.058105476
10681,0.015594453
10682,-0.020843491
10683,-0.049621522
10684,-0.07308966
10685,-0.08294682
10686,-0.0881958
10687,-0.082397506
10688,-0.07128903
10689,-0.04409784
10690,-0.0135803595
10691,0.023223892
10692,0.05822754
10693,0.09844972
10694,0.12258914
10695,0.13735954
10696,0.13806155
10697,0.12762451
10698,0.108459465
10699,0.08517455
10700,0.056304954
10701,0.028900146
10702,0.0058288425
10703,-0.017700218
10704,-0.03488159
10705,-0.052612267
10706,-0.06738286
10707,-0.07916266
10708,-0.091369614
10709,-0.10195926
10710,-0.11114499
10711,-0.1192016
10712,-0.119262695
10713,-0.12265013
10714,-0.1280823
10715,-0.13589478
10716,-0.14831538
10717,-0.16171272
10718,-0.17745972
10719,-0.19430542
10720,-0.21191405
10721,-0.22741699
10722,-0.24636844
10723,-0.26184082
10724,-0.28216553
10725,-0.29946896
10726,-0.3163452
10727,-0.32733154
10728,-0.3321534
10729,-0.33416754
10730,-0.32955936
10731,-0.3233338
10732,-0.31381223
10733,-0.3114013
10734,-0.30856323
10735,-0.3066101
10736,-0.30084231
10737,-0.2942505
10738,-0.28079227
10739,-0.255127
10740,-0.22534177
10741,-0.18356323
10742,-0.14016719
10743,-0.08615115
10744,-0.034393344
10745,0.016967788
10746,0.055694554
10747,0.08837891
10748,0.10815429
10749,0.12014768
10750,0.12487794
10751,0.12060547
10752,0.11526487
10753,0.10504149
10754,0.098937996
10755,0.09127809
10756,0.08853149
10757,0.08929443
10758,0.09475709
10759,0.095764145
10760,0.10375977
10761,0.11056517
10762,0.12124635
10763,0.13244629
10764,0.14727782
10765,0.15567018
10766,0.16781616
10767,0.17135617
10768,0.17077637
10769,0.16210936
10770,0.15011597
10771,0.13290404
10772,0.11834718
10773,0.10583495
10774,0.09317018
10775,0.083557114
10776,0.07980348
10777,0.078552246
10778,0.076049775
10779,0.07485963
10780,0.07159425
10781,0.0673523
10782,0.056610093
10783,0.040405303
10784,0.0199585
10785,-0.0039672954
10786,-0.033477772
10787,-0.06561278
10788,-0.099761955
10789,-0.1335144
10790,-0.1585083
10791,-0.17910767
10792,-0.18759152
10793,-0.1939697
10794,-0.18835446
10795,-0.17919922
10796,-0.16082764
10797,-0.14260864
10798,-0.12319945
10799,-0.10845946
10800,-0.09399414
10801,-0.09173583
10802,-0.093872055
10803,-0.098724395
10804,-0.10656737
10805,-0.11431884
10806,-0.12234498
10807,-0.13153076
10808,-0.14074707
10809,-0.14910889
10810,-0.15243529
10811,-0.15771486
10812,-0.15475465
10813,-0.1509094
10814,-0.14205931
10815,-0.13244626
10816,-0.12319946
10817,-0.11422728
10818,-0.105407715
10819,-0.09536743
10820,-0.08929444
10821,-0.08206176
10822,-0.07595824
10823,-0.06640626
10824,-0.05807496
10825,-0.04547119
10826,-0.035186753
10827,-0.023986824
10828,-0.019012466
10829,-0.019256577
10830,-0.018371567
10831,-0.017486587
10832,-0.01449585
10833,-0.008026101
10834,-0.001373291
10835,0.013336204
10836,0.027893052
10837,0.046478294
10838,0.063751206
10839,0.07470706
10840,0.084747285
10841,0.08865356
10842,0.08352662
10843,0.07986452
10844,0.0736084
10845,0.073852554
10846,0.07858277
10847,0.08999632
10848,0.1065979
10849,0.12429807
10850,0.14068604
10851,0.15783691
10852,0.1729126
10853,0.1920166
10854,0.20657346
10855,0.22146605
10856,0.22738647
10857,0.23300171
10858,0.2339172
10859,0.23480225
10860,0.22500612
10861,0.21658325
10862,0.19900514
10863,0.17932129
10864,0.15750124
10865,0.13864136
10866,0.11529541
10867,0.09567261
10868,0.07379152
10869,0.05224608
10870,0.033294678
10871,0.013336182
10872,0.0008545071
10873,-0.013641357
10874,-0.020446792
10875,-0.033782944
10876,-0.04348758
10877,-0.05618286
10878,-0.06619264
10879,-0.08233644
10880,-0.09149173
10881,-0.10043338
10882,-0.09503174
10883,-0.08547974
10884,-0.0741272
10885,-0.056915313
10886,-0.03762816
10887,-0.023468003
10888,-0.012115493
10889,-0.007995591
10890,-0.011047363
10891,-0.018676758
10892,-0.03399661
10893,-0.046783455
10894,-0.058959946
10895,-0.06042481
10896,-0.06256104
10897,-0.054687493
10898,-0.044433594
10899,-0.027404783
10900,-0.010681139
10901,0.008056626
10902,0.023590095
10903,0.03558348
10904,0.04913331
10905,0.060485814
10906,0.0769043
10907,0.09799196
10908,0.118835434
10909,0.13742065
10910,0.15802
10911,0.17037964
10912,0.18124388
10913,0.18609619
10914,0.18765257
10915,0.18920898
10916,0.18969728
10917,0.19677736
10918,0.20388795
10919,0.21368408
10920,0.22656251
10921,0.23962404
10922,0.25299075
10923,0.2559204
10924,0.25335696
10925,0.23931888
10926,0.21664427
10927,0.1917114
10928,0.16583252
10929,0.14361572
10930,0.124633774
10931,0.11053469
10932,0.09753416
10933,0.0918579
10934,0.08944699
10935,0.09143068
10936,0.096008316
10937,0.100769036
10938,0.10333249
10939,0.10528564
10940,0.1008911
10941,0.09497069
10942,0.08300782
10943,0.06884766
10944,0.055114776
10945,0.04083253
10946,0.031677242
10947,0.020965597
10948,-0.001770006
10949,-0.022338856
10950,-0.051849384
10951,-0.08810426
10952,-0.1289673
10953,-0.16659549
10954,-0.20474242
10955,-0.23382568
10956,-0.26254272
10957,-0.2850952
10958,-0.30099487
10959,-0.3140869
10960,-0.32348636
10961,-0.33480835
10962,-0.33862305
10963,-0.34701535
10964,-0.35543823
10965,-0.3708191
10966,-0.38189703
10967,-0.3863831
10968,-0.38104248
10969,-0.3658142
10970,-0.34829715
10971,-0.3260498
10972,-0.30200195
10973,-0.29183963
10974,-0.27755737
10975,-0.26712036
10976,-0.25527954
10977,-0.24539185
10978,-0.23455808
10979,-0.22030643
10980,-0.2054138
10981,-0.19030762
10982,-0.17706299
10983,-0.1748352
10984,-0.16989134
10985,-0.16992186
10986,-0.16604613
10987,-0.1633606
10988,-0.15438846
10989,-0.1390686
10990,-0.12408447
10991,-0.10076906
10992,-0.067016646
10993,-0.036254898
10994,-0.0027770698
10995,0.034912094
10996,0.066406265
10997,0.09881593
10998,0.13095091
10999,0.15884401
11000,0.18817139
11001,0.20498656
11002,0.22052
11003,0.22817993
11004,0.23559573
11005,0.23541258
11006,0.22940066
11007,0.22732544
11008,0.22283937
11009,0.22668456
11010,0.2242737
11011,0.22070315
11012,0.21078491
11013,0.19555664
11014,0.18707275
11015,0.17568967
11016,0.1704712
11017,0.18084717
11018,0.1873169
11019,0.19778442
11020,0.1990967
11021,0.19387819
11022,0.18923952
11023,0.18087767
11024,0.17413327
11025,0.16656494
11026,0.16024782
11027,0.16131593
11028,0.15426636
11029,0.15216064
11030,0.14694217
11031,0.14767456
11032,0.14318848
11033,0.12777713
11034,0.107543945
11035,0.07699585
11036,0.045166016
11037,0.018066391
11038,-0.013366684
11039,-0.032073975
11040,-0.046630867
11041,-0.053161636
11042,-0.06573489
11043,-0.072021484
11044,-0.081390396
11045,-0.08807373
11046,-0.09423828
11047,-0.09991456
11048,-0.10476686
11049,-0.10348509
11050,-0.09609988
11051,-0.09115599
11052,-0.08364871
11053,-0.07571411
11054,-0.069396965
11055,-0.05990602
11056,-0.0503235
11057,-0.038452134
11058,-0.040008537
11059,-0.038330078
11060,-0.050354004
11061,-0.07473755
11062,-0.105346695
11063,-0.14071657
11064,-0.17361449
11065,-0.19934084
11066,-0.22879028
11067,-0.24160767
11068,-0.25552368
11069,-0.25582886
11070,-0.25582886
11071,-0.24642943
11072,-0.22628784
11073,-0.20645137
11074,-0.18466187
11075,-0.15896605
11076,-0.13024905
11077,-0.09362796
11078,-0.059570312
11079,-0.023376465
11080,0.004486069
11081,0.027740479
11082,0.056823745
11083,0.06933591
11084,0.093536384
11085,0.10946657
11086,0.14053346
11087,0.16546631
11088,0.20077515
11089,0.22546388
11090,0.24945068
11091,0.26605225
11092,0.28292847
11093,0.29055786
11094,0.29440308
11095,0.29711917
11096,0.29174808
11097,0.27990723
11098,0.26956177
11099,0.2578125
11100,0.24539186
11101,0.23809814
11102,0.22927856
11103,0.22384644
11104,0.22018434
11105,0.2246399
11106,0.22250369
11107,0.21795654
11108,0.20791629
11109,0.19009401
11110,0.1671448
11111,0.13247678
11112,0.09924318
11113,0.0654297
11114,0.04394532
11115,0.025634743
11116,0.010955818
11117,-0.0005493015
11118,-0.009277314
11119,-0.023468018
11120,-0.032165542
11121,-0.043884262
11122,-0.05026242
11123,-0.056549072
11124,-0.048309326
11125,-0.04244998
11126,-0.033355713
11127,-0.010162324
11128,0.011077881
11129,0.040618837
11130,0.060790956
11131,0.07772836
11132,0.08697516
11133,0.09033206
11134,0.083740294
11135,0.066162005
11136,0.035308853
11137,-0.013610855
11138,-0.07266235
11139,-0.14700319
11140,-0.22051999
11141,-0.30404663
11142,-0.38446045
11143,-0.46966562
11144,-0.5522156
11145,-0.6261596
11146,-0.6859132
11147,-0.73513806
11148,-0.7758179
11149,-0.8034667
11150,-0.82266235
11151,-0.82785046
11152,-0.82257074
11153,-0.7967834
11154,-0.7633668
11155,-0.70428467
11156,-0.6341858
11157,-0.55575556
11158,-0.46801764
11159,-0.37677002
11160,-0.27346802
11161,-0.17102051
11162,-0.0631714
11163,0.045928955
11164,0.14370719
11165,0.23428342
11166,0.31417838
11167,0.38101187
11168,0.43490607
11169,0.46792606
11170,0.48794562
11171,0.48098755
11172,0.46078497
11173,0.4289246
11174,0.3922729
11175,0.35647565
11176,0.31500238
11177,0.27886957
11178,0.23477168
11179,0.18917851
11180,0.13629155
11181,0.089080855
11182,0.037292466
11183,-0.0039672554
11184,-0.04565429
11185,-0.06991574
11186,-0.09756465
11187,-0.11099228
11188,-0.124694854
11189,-0.13320914
11190,-0.14358515
11191,-0.1485596
11192,-0.14334115
11193,-0.1433107
11194,-0.13018805
11195,-0.118133545
11196,-0.09857169
11197,-0.08615124
11198,-0.066589296
11199,-0.059020936
11200,-0.04574591
11201,-0.036590427
11202,-0.017333984
11203,0.018035918
11204,0.061706603
11205,0.12045291
11206,0.18441772
11207,0.25048828
11208,0.31579596
11209,0.3867188
11210,0.45376593
11211,0.52282715
11212,0.57910156
11213,0.6350098
11214,0.67962646
11215,0.72109985
11216,0.7568054
11217,0.7886354
11218,0.80993646
11219,0.8155519
11220,0.8072816
11221,0.77801514
11222,0.73818976
11223,0.6885985
11224,0.6309509
11225,0.5625306
11226,0.48828122
11227,0.4035645
11228,0.31820685
11229,0.21923834
11230,0.12518315
11231,0.03100577
11232,-0.060058475
11233,-0.14541617
11234,-0.22015393
11235,-0.28305057
11236,-0.33728027
11237,-0.3659972
11238,-0.3829651
11239,-0.38089
11240,-0.36325067
11241,-0.33041358
11242,-0.282013
11243,-0.22805782
11244,-0.16931142
11245,-0.10876477
11246,-0.04611209
11247,-0.0010376722
11248,0.041595444
11249,0.06652829
11250,0.08590692
11251,0.08905025
11252,0.091369525
11253,0.07665992
11254,0.060424745
11255,0.033721954
11256,0.008300722
11257,-0.023895413
11258,-0.055877507
11259,-0.093688905
11260,-0.12957767
11261,-0.17016608
11262,-0.20303345
11263,-0.2291565
11264,-0.24438491
11265,-0.24734506
11266,-0.24102783
11267,-0.22717276
11268,-0.2116394
11269,-0.19647223
11270,-0.1821289
11271,-0.17242435
11272,-0.16619878
11273,-0.15902714
11274,-0.15914926
11275,-0.16506952
11276,-0.17449963
11277,-0.18908696
11278,-0.20184314
11279,-0.22027588
11280,-0.23324588
11281,-0.2528687
11282,-0.279602
11283,-0.31546026
11284,-0.35583496
11285,-0.4021914
11286,-0.44580066
11287,-0.48721308
11288,-0.52502453
11289,-0.5607604
11290,-0.59622186
11291,-0.62234485
11292,-0.65325916
11293,-0.67645264
11294,-0.7004396
11295,-0.7101135
11296,-0.7111206
11297,-0.6958922
11298,-0.6710511
11299,-0.6293029
11300,-0.5804137
11301,-0.5199585
11302,-0.45275894
11303,-0.38485727
11304,-0.31115726
11305,-0.23709106
11306,-0.16717522
11307,-0.10430915
11308,-0.051818803
11309,-0.0108947605
11310,0.025421128
11311,0.054809645
11312,0.08120726
11313,0.11492923
11314,0.15078746
11315,0.19735727
11316,0.24609385
11317,0.29531866
11318,0.34002692
11319,0.3832398
11320,0.41818246
11321,0.44628903
11322,0.4656372
11323,0.4777223
11324,0.4829101
11325,0.48532107
11326,0.4849854
11327,0.48934948
11328,0.48953247
11329,0.49047863
11330,0.4850769
11331,0.476654
11332,0.46588135
11333,0.44689935
11334,0.43215942
11335,0.40997314
11336,0.39608765
11337,0.38354498
11338,0.37912
11339,0.37536627
11340,0.37896734
11341,0.3808899
11342,0.38394177
11343,0.38104248
11344,0.36975095
11345,0.35446167
11346,0.32669073
11347,0.2974853
11348,0.2647704
11349,0.23419198
11350,0.20898433
11351,0.19110118
11352,0.17681879
11353,0.17108151
11354,0.16442876
11355,0.16104129
11356,0.16058351
11357,0.15399161
11358,0.15472408
11359,0.14852902
11360,0.15396118
11361,0.15850826
11362,0.17474367
11363,0.18508908
11364,0.20397957
11365,0.21728511
11366,0.23046872
11367,0.2372131
11368,0.24115002
11369,0.23474112
11370,0.22015375
11371,0.18991093
11372,0.1566467
11373,0.115478545
11374,0.07330324
11375,0.03851323
11376,0.0021666735
11377,-0.02368164
11378,-0.0549621
11379,-0.08416745
11380,-0.11965947
11381,-0.16244513
11382,-0.21218883
11383,-0.2632141
11384,-0.31399536
11385,-0.3591004
11386,-0.39773563
11387,-0.42364502
11388,-0.43881226
11389,-0.44308472
11390,-0.4349671
11391,-0.41567993
11392,-0.39169306
11393,-0.37164307
11394,-0.34899896
11395,-0.33471683
11396,-0.3151549
11397,-0.3033141
11398,-0.28866583
11399,-0.2715149
11400,-0.25662225
11401,-0.23461907
11402,-0.22351076
11403,-0.21041875
11404,-0.20858775
11405,-0.20599365
11406,-0.20959479
11407,-0.20437628
11408,-0.19665533
11409,-0.18164062
11410,-0.1629028
11411,-0.13858032
11412,-0.112731986
11413,-0.079254135
11414,-0.044799756
11415,-0.0026550367
11416,0.032836914
11417,0.06707764
11418,0.0937805
11419,0.109588616
11420,0.11727909
11421,0.117370605
11422,0.10504152
11423,0.094055146
11424,0.07504274
11425,0.06271365
11426,0.04754643
11427,0.039764367
11428,0.028503433
11429,0.019500792
11430,0.0046081915
11431,-0.021209717
11432,-0.04953
11433,-0.0873718
11434,-0.12301639
11435,-0.15603632
11436,-0.18209834
11437,-0.19747925
11438,-0.20422363
11439,-0.20474242
11440,-0.19683841
11441,-0.18563846
11442,-0.16958614
11443,-0.15744019
11444,-0.1411438
11445,-0.12902835
11446,-0.11346435
11447,-0.09301754
11448,-0.07025142
11449,-0.039978065
11450,-0.0060119294
11451,0.025421146
11452,0.057464648
11453,0.08535766
11454,0.10989379
11455,0.12933348
11456,0.14456177
11457,0.14904785
11458,0.149353
11459,0.1427307
11460,0.1305542
11461,0.12457275
11462,0.113922074
11463,0.11325069
11464,0.110992424
11465,0.112945564
11466,0.11715694
11467,0.11837764
11468,0.12145992
11469,0.121246345
11470,0.120910674
11471,0.11642453
11472,0.10989383
11473,0.09820559
11474,0.08132936
11475,0.07009887
11476,0.05978392
11477,0.05401613
11478,0.04965211
11479,0.042663578
11480,0.03717041
11481,0.023376465
11482,0.0037841722
11483,-0.013000473
11484,-0.035278328
11485,-0.049438495
11486,-0.06164553
11487,-0.059448242
11488,-0.049560532
11489,-0.032348648
11490,-0.008514404
11491,0.017883316
11492,0.03683473
11493,0.045989975
11494,0.04357913
11495,0.038757324
11496,0.024566635
11497,0.016571015
11498,0.003112778
11499,0.001007095
11500,-0.0057373196
11501,-0.005554214
11502,-0.006439194
11503,-0.0064392313
11504,-0.006713882
11505,-0.008056641
11506,-0.007843018
11507,-0.009582527
11508,-0.0088806
11509,-0.007598877
11510,-0.006683357
11511,-0.004486084
11512,-0.0016479492
11513,-0.0025329478
11514,0.0026245192
11515,0.008056648
11516,0.015075669
11517,0.027801521
11518,0.042663567
11519,0.0543213
11520,0.062286377
11521,0.0717163
11522,0.07339479
11523,0.08148194
11524,0.08441165
11525,0.09591675
11526,0.10458374
11527,0.108337395
11528,0.10650635
11529,0.10104371
11530,0.08749391
11531,0.071624756
11532,0.04763794
11533,0.026550297
11534,0.0021667592
11535,-0.018463146
11536,-0.035247806
11537,-0.044891324
11538,-0.046020515
11539,-0.046478275
11540,-0.03558349
11541,-0.03521728
11542,-0.030090332
11543,-0.03109745
11544,-0.027740479
11545,-0.021179192
11546,-0.01068116
11547,0.0061950795
11548,0.031372067
11549,0.052978516
11550,0.078674324
11551,0.09909059
11552,0.12042236
11553,0.13165283
11554,0.1399841
11555,0.13787845
11556,0.13244629
11557,0.12344362
11558,0.11270141
11559,0.10757449
11560,0.10189819
11561,0.100494385
11562,0.100891106
11563,0.105041504
11564,0.11407471
11565,0.12319945
11566,0.13464357
11567,0.14331055
11568,0.14978024
11569,0.15374756
11570,0.14920044
11571,0.14880371
11572,0.14096072
11573,0.13214114
11574,0.117645234
11575,0.10171507
11576,0.08465576
11577,0.068817124
11578,0.04907228
11579,0.031097397
11580,0.014190681
11581,-0.007232681
11582,-0.023254372
11583,-0.04437256
11584,-0.06481932
11585,-0.08148195
11586,-0.09347533
11587,-0.10791013
11588,-0.11590576
11589,-0.13174438
11590,-0.14578247
11591,-0.16955566
11592,-0.18981934
11593,-0.20574947
11594,-0.21453859
11595,-0.21820067
11596,-0.21926881
11597,-0.217865
11598,-0.21020508
11599,-0.20248415
11600,-0.18518063
11601,-0.16690063
11602,-0.1456909
11603,-0.12762454
11604,-0.110565186
11605,-0.09213256
11606,-0.079223625
11607,-0.063690186
11608,-0.054504402
11609,-0.047302216
11610,-0.045013428
11611,-0.050811768
11612,-0.057678208
11613,-0.07269288
11614,-0.085510254
11615,-0.10247803
11616,-0.11520388
11617,-0.129303
11618,-0.14102171
11619,-0.1529846
11620,-0.16159058
11621,-0.16546632
11622,-0.16409302
11623,-0.15826419
11624,-0.14599611
11625,-0.1308899
11626,-0.11483763
11627,-0.09719848
11628,-0.08111573
11629,-0.06875607
11630,-0.060485844
11631,-0.056426995
11632,-0.060485825
11633,-0.06677245
11634,-0.074890114
11635,-0.08105467
11636,-0.08682251
11637,-0.09487916
11638,-0.099029556
11639,-0.10070801
11640,-0.09365845
11641,-0.08163452
11642,-0.06732178
11643,-0.052368164
11644,-0.033172607
11645,-0.015838623
11646,-0.003540054
11647,0.007904075
11648,0.009796135
11649,0.008178711
11650,-0.00012207776
11651,-0.010314934
11652,-0.026977558
11653,-0.034149192
11654,-0.039398197
11655,-0.033386216
11656,-0.021484382
11657,0.003387466
11658,0.035247803
11659,0.06771849
11660,0.09786989
11661,0.12176514
11662,0.14746094
11663,0.16442871
11664,0.17895508
11665,0.18710327
11666,0.18954468
11667,0.18307497
11668,0.1750183
11669,0.16406251
11670,0.15356445
11671,0.1421814
11672,0.13562012
11673,0.13403319
11674,0.14083865
11675,0.15319823
11676,0.17037964
11677,0.19015503
11678,0.20565796
11679,0.22073364
11680,0.22595215
11681,0.23239134
11682,0.2305298
11683,0.22799683
11684,0.21874999
11685,0.20904538
11686,0.19680786
11687,0.18603517
11688,0.17013551
11689,0.15371704
11690,0.13824464
11691,0.11535644
11692,0.09948731
11693,0.07760619
11694,0.06582643
11695,0.054779038
11696,0.05175782
11697,0.045623776
11698,0.048492417
11699,0.048217773
11700,0.053863525
11701,0.05410766
11702,0.057464607
11703,0.06146241
11704,0.06777953
11705,0.07482912
11706,0.07711791
11707,0.07440184
11708,0.06634522
11709,0.054840103
11710,0.04025267
11711,0.025421131
11712,0.0104980655
11713,-0.0040893704
11714,-0.015747055
11715,-0.025695786
11716,-0.03222657
11717,-0.040985107
11718,-0.043060295
11719,-0.05584716
11720,-0.07135009
11721,-0.09292605
11722,-0.1147766
11723,-0.14099121
11724,-0.16601561
11725,-0.1925049
11726,-0.21029663
11727,-0.22836302
11728,-0.23919679
11729,-0.24417113
11730,-0.24240115
11731,-0.24002078
11732,-0.2249756
11733,-0.21252444
11734,-0.2043762
11735,-0.1930542
11736,-0.18521115
11737,-0.1750488
11738,-0.1680603
11739,-0.16149901
11740,-0.15689087
11741,-0.15069582
11742,-0.14813232
11743,-0.14065552
11744,-0.13552856
11745,-0.12698364
11746,-0.11730957
11747,-0.10363768
11748,-0.090606704
11749,-0.07455444
11750,-0.0553589
11751,-0.03900145
11752,-0.017089874
11753,-0.0011596978
11754,0.017974883
11755,0.03112793
11756,0.045806877
11757,0.058654785
11758,0.07064818
11759,0.079010025
11760,0.078369126
11761,0.075042725
11762,0.058837857
11763,0.04754638
11764,0.035766587
11765,0.030426048
11766,0.02526854
11767,0.030609146
11768,0.039001465
11769,0.048706084
11770,0.057067886
11771,0.061462402
11772,0.066284195
11773,0.065765366
11774,0.064453125
11775,0.06509401
11776,0.06256103
11777,0.06451416
11778,0.070068344
11779,0.07589723
11780,0.081726044
11781,0.08944701
11782,0.09494018
11783,0.10461426
11784,0.11157228
11785,0.11877442
11786,0.1213989
11787,0.11889647
11788,0.111389145
11789,0.10244751
11790,0.08700562
11791,0.07092285
11792,0.05258179
11793,0.04064941
11794,0.027008066
11795,0.020141603
11796,0.008697532
11797,0.003723152
11798,-0.00988771
11799,-0.014434807
11800,-0.017547607
11801,-0.020416256
11802,-0.025756827
11803,-0.027435314
11804,-0.03579712
11805,-0.043090843
11806,-0.0513611
11807,-0.06466673
11808,-0.08007811
11809,-0.103424065
11810,-0.11959839
11811,-0.143219
11812,-0.15466307
11813,-0.17019656
11814,-0.17181396
11815,-0.17343138
11816,-0.16775514
11817,-0.15893552
11818,-0.15234375
11819,-0.14352417
11820,-0.13336185
11821,-0.123382576
11822,-0.12075806
11823,-0.114349395
11824,-0.113647446
11825,-0.1081543
11826,-0.09887692
11827,-0.086761475
11828,-0.06848144
11829,-0.05429078
11830,-0.038940422
11831,-0.032135017
11832,-0.03213499
11833,-0.032745365
11834,-0.042510986
11835,-0.050384536
11836,-0.055969223
11837,-0.061676025
11838,-0.06506349
11839,-0.06494139
11840,-0.054962173
11841,-0.04675296
11842,-0.03283691
11843,-0.021484379
11844,-0.023101792
11845,-0.021942161
11846,-0.026519787
11847,-0.03332517
11848,-0.035644516
11849,-0.037658684
11850,-0.036743164
11851,-0.027313262
11852,-0.010559097
11853,0.017517105
11854,0.05410766
11855,0.090026855
11856,0.13385008
11857,0.17526248
11858,0.20672607
11859,0.23321532
11860,0.2458496
11861,0.25213623
11862,0.25128174
11863,0.25134277
11864,0.24734497
11865,0.2451477
11866,0.24325565
11867,0.24090576
11868,0.24096677
11869,0.2371521
11870,0.23693845
11871,0.2331543
11872,0.23110962
11873,0.22705078
11874,0.22576901
11875,0.22946166
11876,0.23562622
11877,0.24383545
11878,0.24777222
11879,0.2522278
11880,0.24694824
11881,0.24182127
11882,0.22692874
11883,0.21304317
11884,0.18945312
11885,0.16998293
11886,0.14385988
11887,0.119537346
11888,0.09811401
11889,0.07336429
11890,0.0560913
11891,0.035919186
11892,0.013549784
11893,-0.007385254
11894,-0.023590092
11895,-0.04061888
11896,-0.04940796
11897,-0.06109619
11898,-0.06619266
11899,-0.0753479
11900,-0.08270264
11901,-0.09054567
11902,-0.10025026
11903,-0.102447495
11904,-0.1006775
11905,-0.093414284
11906,-0.08749388
11907,-0.08178712
11908,-0.07943727
11909,-0.07846071
11910,-0.073761016
11911,-0.06924438
11912,-0.06802367
11913,-0.059417717
11914,-0.06311036
11915,-0.06433107
11916,-0.0760193
11917,-0.09130857
11918,-0.11499022
11919,-0.14379883
11920,-0.17834473
11921,-0.20565794
11922,-0.23825073
11923,-0.26339725
11924,-0.27539062
11925,-0.28833008
11926,-0.28533936
11927,-0.28533936
11928,-0.2744751
11929,-0.27017212
11930,-0.26080322
11931,-0.25326538
11932,-0.23669435
11933,-0.22058105
11934,-0.19674684
11935,-0.17953491
11936,-0.15734862
11937,-0.14132687
11938,-0.12893677
11939,-0.11883545
11940,-0.11282349
11941,-0.1069641
11942,-0.1104126
11943,-0.107116714
11944,-0.10861206
11945,-0.109588616
11946,-0.10427855
11947,-0.103973396
11948,-0.09994508
11949,-0.09332274
11950,-0.084564224
11951,-0.0786438
11952,-0.06549072
11953,-0.050567605
11954,-0.032867428
11955,-0.010955803
11956,0.009307854
11957,0.02877808
11958,0.051818855
11959,0.07214354
11960,0.089691184
11961,0.10888672
11962,0.119506836
11963,0.13745116
11964,0.14501955
11965,0.1541748
11966,0.16302492
11967,0.16885376
11968,0.1692505
11969,0.16760251
11970,0.15719604
11971,0.14535522
11972,0.13214108
11973,0.12423706
11974,0.118713394
11975,0.116333015
11976,0.1164551
11977,0.1133728
11978,0.115722656
11979,0.11352538
11980,0.11779787
11981,0.117523186
11982,0.128479
11983,0.13674927
11984,0.15478516
11985,0.16955566
11986,0.18493654
11987,0.19665526
11988,0.2060242
11989,0.21240236
11990,0.20513916
11991,0.20077515
11992,0.18194582
11993,0.16351318
11994,0.13879396
11995,0.11581421
11996,0.09130861
11997,0.06619261
11998,0.032958984
11999,-0.0011596754
12000,-0.035736084
12001,-0.0680237
12002,-0.10086061
12003,-0.12625124
12004,-0.14880371
12005,-0.1672974
12006,-0.17739867
12007,-0.19448853
12008,-0.19964603
12009,-0.20910645
12010,-0.21350099
12011,-0.21536258
12012,-0.21759035
12013,-0.21911618
12014,-0.21261595
12015,-0.20883179
12016,-0.199646
12017,-0.1912842
12018,-0.18096924
12019,-0.17047124
12020,-0.16073608
12021,-0.14889526
12022,-0.13687132
12023,-0.122985825
12024,-0.11203003
12025,-0.098876946
12026,-0.092742935
12027,-0.0840454
12028,-0.08578491
12029,-0.084625244
12030,-0.08016967
12031,-0.07827757
12032,-0.06878662
12033,-0.058624275
12034,-0.037872314
12035,-0.01815793
12036,0.010864288
12037,0.036682114
12038,0.065979004
12039,0.084930435
12040,0.10409549
12041,0.114471436
12042,0.12878416
12043,0.13986206
12044,0.15182492
12045,0.16024785
12046,0.17120363
12047,0.18319704
12048,0.19302365
12049,0.20104985
12050,0.20355225
12051,0.20516968
12052,0.20416261
12053,0.19433594
12054,0.18301387
12055,0.1652832
12056,0.14953613
12057,0.13452148
12058,0.120330796
12059,0.11230469
12060,0.10113524
12061,0.09399415
12062,0.08834839
12063,0.08593753
12064,0.08636476
12065,0.08981325
12066,0.09042357
12067,0.09115601
12068,0.08929442
12069,0.081848145
12070,0.07656862
12071,0.06558229
12072,0.056884795
12073,0.049407974
12074,0.040557876
12075,0.032684326
12076,0.025329605
12077,0.014617905
12078,-0.00024412572
12079,-0.011383072
12080,-0.03286746
12081,-0.048614502
12082,-0.06863406
12083,-0.08029175
12084,-0.09771727
12085,-0.10531615
12086,-0.114959724
12087,-0.122680694
12088,-0.13406375
12089,-0.1445923
12090,-0.15200806
12091,-0.16030887
12092,-0.16510011
12093,-0.16687015
12094,-0.16131589
12095,-0.15515134
12096,-0.14849856
12097,-0.13586426
12098,-0.12594604
12099,-0.11264038
12100,-0.10720825
12101,-0.09939575
12102,-0.09814453
12103,-0.09823607
12104,-0.10302733
12105,-0.10369873
12106,-0.10400393
12107,-0.100097656
12108,-0.096191406
12109,-0.09176633
12110,-0.08206177
12111,-0.07244876
12112,-0.060729995
12113,-0.05368042
12114,-0.049499497
12115,-0.044738814
12116,-0.04025267
12117,-0.037078857
12118,-0.03381349
12119,-0.021301284
12120,-0.011627182
12121,0.008239746
12122,0.028320312
12123,0.044952378
12124,0.06936647
12125,0.08496095
12126,0.10491943
12127,0.117248565
12128,0.13146974
12129,0.13867185
12130,0.14508058
12131,0.15225223
12132,0.15692142
12133,0.16766359
12134,0.17263795
12135,0.17984009
12136,0.1846008
12137,0.1887207
12138,0.18542479
12139,0.18588255
12140,0.18292236
12141,0.18032837
12142,0.17364502
12143,0.16796875
12144,0.16238403
12145,0.15951538
12146,0.16311647
12147,0.16314696
12148,0.17147827
12149,0.17138672
12150,0.17086795
12151,0.15725708
12152,0.14144899
12153,0.12152099
12154,0.10034179
12155,0.083252
12156,0.064300545
12157,0.05178836
12158,0.042663552
12159,0.031921417
12160,0.024719223
12161,0.018768318
12162,0.016571049
12163,0.0054931566
12164,-0.008117698
12165,-0.031372078
12166,-0.0575867
12167,-0.09155272
12168,-0.12561038
12169,-0.15420532
12170,-0.18045047
12171,-0.19711304
12172,-0.21301267
12173,-0.2237854
12174,-0.23571777
12175,-0.24441531
12176,-0.25711063
12177,-0.26992798
12178,-0.27941895
12179,-0.2828369
12180,-0.28076172
12181,-0.27407837
12182,-0.26559445
12183,-0.2564697
12184,-0.24569702
12185,-0.23794556
12186,-0.22805786
12187,-0.22241211
12188,-0.21594238
12189,-0.20599365
12190,-0.20370485
12191,-0.19622803
12192,-0.19418338
12193,-0.18435669
12194,-0.1823425
12195,-0.17001343
12196,-0.15652466
12197,-0.14315797
12198,-0.12704471
12199,-0.111083984
12200,-0.09231566
12201,-0.06597903
12202,-0.045623776
12203,-0.013031021
12204,0.014892594
12205,0.045684814
12206,0.070251465
12207,0.097473145
12208,0.12072754
12209,0.14483643
12210,0.16558838
12211,0.18292236
12212,0.19491577
12213,0.19671631
12214,0.19964603
12215,0.19607544
12216,0.199646
12217,0.20562744
12218,0.22344974
12219,0.2433777
12220,0.2697754
12221,0.2906494
12222,0.30822754
12223,0.31414795
12224,0.31381226
12225,0.3022461
12226,0.2850952
12227,0.2558899
12228,0.2265015
12229,0.19226074
12230,0.16519165
12231,0.13900758
12232,0.119384766
12233,0.09976194
12234,0.08874515
12235,0.079650864
12236,0.07150269
12237,0.062164307
12238,0.0522461
12239,0.044555657
12240,0.03146365
12241,0.02243042
12242,0.01016238
12243,0.0050659403
12244,-0.0019531548
12245,-0.010864258
12246,-0.020111095
12247,-0.033325206
12248,-0.051574714
12249,-0.059509285
12250,-0.0748291
12251,-0.08898926
12252,-0.09994508
12253,-0.11074831
12254,-0.11642456
12255,-0.124694824
12256,-0.12280272
12257,-0.11959842
12258,-0.1069641
12259,-0.09564209
12260,-0.080505356
12261,-0.0692444
12262,-0.06625366
12263,-0.06289673
12264,-0.067657456
12265,-0.07070922
12266,-0.076812744
12267,-0.08325194
12268,-0.08541871
12269,-0.090393074
12270,-0.08575441
12271,-0.08560181
12272,-0.08181762
12273,-0.0810547
12274,-0.08102417
12275,-0.08068847
12276,-0.08212283
12277,-0.08581544
12278,-0.09155274
12279,-0.092376724
12280,-0.097656265
12281,-0.098968506
12282,-0.09973144
12283,-0.10375978
12284,-0.1074219
12285,-0.117614746
12286,-0.12921141
12287,-0.1430664
12288,-0.1562805
12289,-0.16696167
12290,-0.17147827
12291,-0.1689148
12292,-0.16244504
12293,-0.15493774
12294,-0.13900758
12295,-0.12030029
12296,-0.10418703
12297,-0.08401488
12298,-0.06188965
12299,-0.03390501
12300,-0.018951405
12301,-0.0014648363
12302,0.009429924
12303,0.019348115
12304,0.026519783
12305,0.03390504
12306,0.044311512
12307,0.05557249
12308,0.06564332
12309,0.072662346
12310,0.074645996
12311,0.07714844
12312,0.08218385
12313,0.08917238
12314,0.103881836
12315,0.11413574
12316,0.13192748
12317,0.14700319
12318,0.16461182
12319,0.17852785
12320,0.19073488
12321,0.20440675
12322,0.21569824
12323,0.22561648
12324,0.23336795
12325,0.23672484
12326,0.23535156
12327,0.23596191
12328,0.23825075
12329,0.24307251
12330,0.24252315
12331,0.22976682
12332,0.2111511
12333,0.18588258
12334,0.17172241
12335,0.1575012
12336,0.1451416
12337,0.12960812
12338,0.11114501
12339,0.09808352
12340,0.10308836
12341,0.11395264
12342,0.12457277
12343,0.12887582
12344,0.13711545
12345,0.1463624
12346,0.1568908
12347,0.17013553
12348,0.16708374
12349,0.17227173
12350,0.158783
12351,0.14920053
12352,0.12911989
12353,0.11199951
12354,0.10021973
12355,0.08126831
12356,0.05639649
12357,0.020751938
12358,-0.021392811
12359,-0.059051506
12360,-0.10879514
12361,-0.15371703
12362,-0.20266724
12363,-0.24990848
12364,-0.29714966
12365,-0.34201056
12366,-0.3705445
12367,-0.40301526
12368,-0.42099002
12369,-0.4322205
12370,-0.42880255
12371,-0.42254645
12372,-0.4024659
12373,-0.37954724
12374,-0.3413086
12375,-0.29623413
12376,-0.24319458
12377,-0.19046022
12378,-0.15319823
12379,-0.12506104
12380,-0.10977172
12381,-0.10092163
12382,-0.09579467
12383,-0.095764175
12384,-0.107879624
12385,-0.11837766
12386,-0.13299564
12387,-0.14276128
12388,-0.15335077
12389,-0.16775513
12390,-0.18307488
12391,-0.19628906
12392,-0.2059021
12393,-0.2225952
12394,-0.23242185
12395,-0.25006104
12396,-0.25585938
12397,-0.255188
12398,-0.24798581
12399,-0.23187256
12400,-0.2156372
12401,-0.1925659
12402,-0.16641235
12403,-0.13079832
12404,-0.09066774
12405,-0.048065208
12406,-0.018066391
12407,0.015197769
12408,0.047790516
12409,0.09176633
12410,0.12271124
12411,0.15652467
12412,0.18090829
12413,0.19998169
12414,0.20996097
12415,0.21096802
12416,0.20410159
12417,0.1920776
12418,0.16506958
12419,0.13684082
12420,0.096618645
12421,0.072052
12422,0.06710817
12423,0.08288574
12424,0.11813353
12425,0.153656
12426,0.19503783
12427,0.23583984
12428,0.28829956
12429,0.346344
12430,0.40112305
12431,0.450409
12432,0.4914551
12433,0.53842175
12434,0.57666016
12435,0.60546875
12436,0.62475586
12437,0.639801
12438,0.6331178
12439,0.6235353
12440,0.59017944
12441,0.54037476
12442,0.47201538
12443,0.40310675
12444,0.3414917
12445,0.30239868
12446,0.26971436
12447,0.23898314
12448,0.20596313
12449,0.17852783
12450,0.16336057
12451,0.14221188
12452,0.12023927
12453,0.08126839
12454,0.04412833
12455,0.005706787
12456,-0.02771014
12457,-0.062438965
12458,-0.092498794
12459,-0.1185303
12460,-0.1403809
12461,-0.15899655
12462,-0.17257687
12463,-0.18307492
12464,-0.18621826
12465,-0.19561768
12466,-0.20837404
12467,-0.23846437
12468,-0.26968384
12469,-0.30807495
12470,-0.3471069
12471,-0.3832092
12472,-0.41970825
12473,-0.4659729
12474,-0.49734497
12475,-0.53219604
12476,-0.5509339
12477,-0.5684205
12478,-0.5709534
12479,-0.56320196
12480,-0.53686535
12481,-0.50448614
12482,-0.45175183
12483,-0.39376843
12484,-0.31616208
12485,-0.235199
12486,-0.1458435
12487,-0.0640564
12488,0.001739502
12489,0.043701172
12490,0.06613159
12491,0.08242798
12492,0.0932312
12493,0.09347537
12494,0.0796814
12495,0.059570327
12496,0.029663071
12497,0.004425004
12498,-0.026855394
12499,-0.060699433
12500,-0.09680167
12501,-0.12698363
12502,-0.16101074
12503,-0.19082639
12504,-0.21270749
12505,-0.23654178
12506,-0.24383548
12507,-0.24417114
12508,-0.23138425
12509,-0.21817017
12510,-0.20516968
12511,-0.19915771
12512,-0.21151735
12513,-0.23226927
12514,-0.24142458
12515,-0.26394656
12516,-0.28140262
12517,-0.26107794
12518,-0.1984253
12519,-0.0801697
12520,0.045562785
12521,0.18450926
12522,0.2986146
12523,0.4015809
12524,0.47375488
12525,0.5212402
12526,0.5378419
12527,0.5304565
12528,0.5064392
12529,0.46801755
12530,0.42651367
12531,0.3796692
12532,0.32910156
12533,0.2946167
12534,0.2684021
12535,0.2609253
12536,0.25100708
12537,0.24853514
12538,0.24554445
12539,0.23937993
12540,0.21646117
12541,0.18099977
12542,0.14163211
12543,0.09826663
12544,0.06298831
12545,0.024902336
12546,-0.0025939494
12547,-0.019287087
12548,-0.036193788
12549,-0.039825417
12550,-0.04583738
12551,-0.05087278
12552,-0.062347367
12553,-0.07281489
12554,-0.09072879
12555,-0.091796875
12556,-0.08218385
12557,-0.06350708
12558,-0.04772947
12559,-0.018035896
12560,0.008270256
12561,0.019195572
12562,0.015350342
12563,-0.010345459
12564,-0.04486084
12565,-0.08297731
12566,-0.11755372
12567,-0.1488953
12568,-0.16836545
12569,-0.18002318
12570,-0.17715453
12571,-0.16384889
12572,-0.14440913
12573,-0.1205139
12574,-0.09176636
12575,-0.0602417
12576,-0.033966064
12577,-0.013305633
12578,0.019073488
12579,0.051361084
12580,0.08270267
12581,0.12631229
12582,0.16018678
12583,0.1754456
12584,0.17102054
12585,0.13388059
12586,0.09259035
12587,0.047088612
12588,0.0075683594
12589,-0.022857673
12590,-0.041381814
12591,-0.049713105
12592,-0.04345706
12593,-0.029785171
12594,-0.0076293573
12595,0.018585183
12596,0.0444336
12597,0.07287598
12598,0.10296631
12599,0.12155154
12600,0.119323745
12601,0.096710205
12602,0.080444336
12603,0.04031375
12604,0.0048827846
12605,-0.016235413
12606,-0.0065612793
12607,0.029907227
12608,0.07965088
12609,0.13269043
12610,0.16583252
12611,0.19525152
12612,0.20394897
12613,0.19009393
12614,0.15844728
12615,0.107208245
12616,0.05557248
12617,-0.0018920973
12618,-0.056610107
12619,-0.10617064
12620,-0.14538576
12621,-0.1820068
12622,-0.23107909
12623,-0.2842102
12624,-0.3291626
12625,-0.3808594
12626,-0.4208374
12627,-0.43054205
12628,-0.39370728
12629,-0.31127927
12630,-0.21005249
12631,-0.10317992
12632,-0.008331284
12633,0.073577955
12634,0.1371765
12635,0.1749267
12636,0.19384772
12637,0.19689943
12638,0.18386838
12639,0.1617737
12640,0.13604736
12641,0.106780976
12642,0.085937485
12643,0.06539917
12644,0.0574646
12645,0.06072998
12646,0.06314086
12647,0.06704708
12648,0.07534793
12649,0.066253684
12650,0.041290242
12651,-0.001129128
12652,-0.046203624
12653,-0.096801765
12654,-0.13162236
12655,-0.1685181
12656,-0.18927002
12657,-0.19796756
12658,-0.19570923
12659,-0.18136597
12660,-0.1674194
12661,-0.14682005
12662,-0.124511704
12663,-0.098236084
12664,-0.082733154
12665,-0.05892946
12666,-0.033081062
12667,0.0014038086
12668,0.02890014
12669,0.06338501
12670,0.09307863
12671,0.110870406
12672,0.10473634
12673,0.08517455
12674,0.05371096
12675,0.02456664
12676,-0.00079346076
12677,-0.018798865
12678,-0.029968236
12679,-0.029541008
12680,-0.017456066
12681,0.0022582784
12682,0.029174842
12683,0.059478767
12684,0.09552002
12685,0.12307738
12686,0.14727783
12687,0.1656799
12688,0.19088747
12689,0.21365356
12690,0.2329712
12691,0.255188
12692,0.26992798
12693,0.27114874
12694,0.2494507
12695,0.20053099
12696,0.14739992
12697,0.08633423
12698,0.035888694
12699,-0.008575462
12700,-0.04330442
12701,-0.068176255
12702,-0.085235626
12703,-0.09786989
12704,-0.10177611
12705,-0.103607185
12706,-0.10220337
12707,-0.10491943
12708,-0.10430908
12709,-0.11065673
12710,-0.11343382
12711,-0.12017822
12712,-0.12564087
12713,-0.12927246
12714,-0.13330078
12715,-0.13034058
12716,-0.13150024
12717,-0.12753296
12718,-0.12506102
12719,-0.11883545
12720,-0.11917111
12721,-0.11035153
12722,-0.11065671
12723,-0.10418701
12724,-0.10137941
12725,-0.0954895
12726,-0.085479744
12727,-0.07385255
12728,-0.060974136
12729,-0.047973648
12730,-0.031219497
12731,-0.027862549
12732,-0.017272934
12733,-0.015045151
12734,-0.013061538
12735,-0.0117492825
12736,-0.012268066
12737,-0.011993423
12738,-0.0047912896
12739,0.0056152344
12740,0.017089844
12741,0.015350349
12742,0.016235352
12743,0.005523704
12744,-0.0046081766
12745,-0.015380867
12746,-0.018005356
12747,-0.022582978
12748,-0.029388437
12749,-0.03390503
12750,-0.039062493
12751,-0.044982903
12752,-0.04751586
12753,-0.047088616
12754,-0.05081177
12755,-0.048309322
12756,-0.046508774
12757,-0.05267337
12758,-0.053466793
12759,-0.058319077
12760,-0.059082024
12761,-0.06188963
12762,-0.06134036
12763,-0.057128906
12764,-0.054016143
12765,-0.050933868
12766,-0.043151855
12767,-0.03521727
12768,-0.027130112
12769,-0.020172104
12770,-0.014862068
12771,-0.0066833645
12772,-0.0043640286
12773,0.00079345703
12774,0.0037841648
12775,0.012451157
12776,0.016998291
12777,0.024475083
12778,0.02804567
12779,0.032012954
12780,0.037841797
12781,0.0430298
12782,0.047119126
12783,0.05010984
12784,0.049774192
12785,0.05764771
12786,0.077636704
12787,0.101074204
12788,0.12771606
12789,0.1376648
12790,0.14694214
12791,0.15582274
12792,0.1618042
12793,0.16268921
12794,0.15817262
12795,0.15307617
12796,0.14694214
12797,0.14874268
12798,0.14663696
12799,0.14694214
12800,0.15118408
12801,0.1560364
12802,0.16171263
12803,0.1652832
12804,0.16033937
12805,0.15039061
12806,0.13723756
12807,0.12942505
12808,0.113433845
12809,0.10076905
12810,0.09219361
12811,0.0883484
12812,0.077026345
12813,0.07168579
12814,0.06430053
12815,0.05697632
12816,0.054382313
12817,0.05822753
12818,0.055938713
12819,0.05813598
12820,0.058380127
12821,0.061004646
12822,0.058197007
12823,0.06909182
12824,0.06781005
12825,0.07775877
12826,0.07754516
12827,0.08663941
12828,0.08728029
12829,0.08651734
12830,0.08010865
12831,0.06637575
12832,0.045013413
12833,0.030364972
12834,0.016723622
12835,0.003234852
12836,-0.007110577
12837,-0.013458237
12838,-0.009735107
12839,-0.0087280385
12840,-0.0035400465
12841,-0.004486084
12842,-0.003417965
12843,-0.0048828013
12844,-0.008666996
12845,-0.016326915
12846,-0.02420044
12847,-0.0357666
12848,-0.036315918
12849,-0.036163315
12850,-0.03234864
12851,-0.04425049
12852,-0.057373054
12853,-0.08026123
12854,-0.1004944
12855,-0.11437988
12856,-0.1248474
12857,-0.13751219
12858,-0.14849854
12859,-0.15829468
12860,-0.16275026
12861,-0.17813109
12862,-0.18081665
12863,-0.19000244
12864,-0.19302368
12865,-0.19821167
12866,-0.20333861
12867,-0.21621707
12868,-0.22073364
12869,-0.2234802
12870,-0.22070312
12871,-0.2177124
12872,-0.20709231
12873,-0.19760133
12874,-0.17904665
12875,-0.1553345
12876,-0.1324768
12877,-0.11526488
12878,-0.098358124
12879,-0.08465576
12880,-0.07308962
12881,-0.06350708
12882,-0.06542969
12883,-0.06622314
12884,-0.066528335
12885,-0.07073974
12886,-0.06726074
12887,-0.068817146
12888,-0.0626526
12889,-0.064910874
12890,-0.059509285
12891,-0.056915283
12892,-0.045867935
12893,-0.041564964
12894,-0.03552246
12895,-0.022003207
12896,0.003540054
12897,0.035980236
12898,0.06753541
12899,0.09353638
12900,0.11730958
12901,0.14303589
12902,0.16152954
12903,0.17572021
12904,0.17605592
12905,0.18472289
12906,0.18414307
12907,0.19174196
12908,0.19302368
12909,0.1926575
12910,0.2000122
12911,0.1954956
12912,0.19082642
12913,0.18020628
12914,0.16479495
12915,0.1453247
12916,0.13214111
12917,0.12145996
12918,0.10491943
12919,0.08758546
12920,0.07473755
12921,0.0635071
12922,0.048126206
12923,0.03167724
12924,0.012084972
12925,-0.0011596549
12926,-0.01153564
12927,-0.0099182185
12928,-0.016906742
12929,-0.0047607347
12930,-0.0017700233
12931,0.007568348
12932,0.015075671
12933,0.03564453
12934,0.050537117
12935,0.063507065
12936,0.06954955
12937,0.071716316
12938,0.06512452
12939,0.053802494
12940,0.04232789
12941,0.021606436
12942,0.00054932106
12943,-0.02307129
12944,-0.046020504
12945,-0.07299806
12946,-0.09091184
12947,-0.10809326
12948,-0.11080931
12949,-0.113922134
12950,-0.10964966
12951,-0.10372925
12952,-0.10653688
12953,-0.101684585
12954,-0.10827637
12955,-0.10809328
12956,-0.10864257
12957,-0.10873413
12958,-0.111175545
12959,-0.10681151
12960,-0.10476686
12961,-0.1031189
12962,-0.10919188
12963,-0.10861208
12964,-0.114166245
12965,-0.116668716
12966,-0.12084962
12967,-0.13470457
12968,-0.17239383
12969,-0.23779297
12970,-0.28921503
12971,-0.28265372
12972,-0.17669678
12973,-0.10119629
12974,-0.025665298
12975,0.053497314
12976,0.12109381
12977,0.17025764
12978,0.18734737
12979,0.19250485
12980,0.18533318
12981,0.16345215
12982,0.13079832
12983,0.097229004
12984,0.066406235
12985,0.040924065
12986,0.023559578
12987,0.01403809
12988,0.015594484
12989,0.03121949
12990,0.06442261
12991,0.112640366
12992,0.1483764
12993,0.15103143
12994,0.10092165
12995,0.051696807
12996,0.012145981
12997,-0.029632553
12998,-0.06542971
12999,-0.09704593
13000,-0.113372825
13001,-0.12454222
13002,-0.1186523
13003,-0.11083987
13004,-0.0918274
13005,-0.07015992
13006,-0.04425049
13007,-0.024475075
13008,0.0009460356
13009,0.025360115
13010,0.05426024
13011,0.09164428
13012,0.13796999
13013,0.19741821
13014,0.2428283
13015,0.2534179
13016,0.21081543
13017,0.17700195
13018,0.15048218
13019,0.11181642
13020,0.091796845
13021,0.07391355
13022,0.07379152
13023,0.07263182
13024,0.08193974
13025,0.08486938
13026,0.09484863
13027,0.093811035
13028,0.08706666
13029,0.06921388
13030,0.045867905
13031,0.017334
13032,-0.018981919
13033,-0.05889891
13034,-0.089965805
13035,-0.10266112
13036,-0.112762555
13037,-0.14505018
13038,-0.22482294
13039,-0.27841187
13040,-0.3353272
13041,-0.3847657
13042,-0.43017578
13043,-0.44955453
13044,-0.45159915
13045,-0.43573004
13046,-0.41555783
13047,-0.37524414
13048,-0.3312378
13049,-0.27563477
13050,-0.21762085
13051,-0.14544679
13052,-0.08096312
13053,-0.011871349
13054,0.044281013
13055,0.088287346
13056,0.09613037
13057,0.06991576
13058,0.05065936
13059,0.091095
13060,0.2226868
13061,0.32351676
13062,0.40325934
13063,0.47714242
13064,0.53424084
13065,0.5602418
13066,0.55499256
13067,0.5310058
13068,0.48666364
13069,0.43749997
13070,0.37246704
13071,0.31246948
13072,0.24667358
13073,0.19793698
13074,0.14294435
13075,0.09490965
13076,0.046081543
13077,-0.005706772
13078,-0.07995607
13079,-0.17858887
13080,-0.25997913
13081,-0.27471912
13082,-0.18768318
13083,-0.12185665
13084,-0.052978523
13085,0.021484382
13086,0.089477584
13087,0.1342774
13088,0.15121463
13089,0.15209964
13090,0.13784786
13091,0.113159254
13092,0.07897949
13093,0.046752915
13094,0.017791748
13095,-0.010925308
13096,-0.0272827
13097,-0.042724602
13098,-0.046020523
13099,-0.036224376
13100,-0.0028686407
13101,0.04095459
13102,0.0839233
13103,0.089477554
13104,0.054229684
13105,0.02694707
13106,0.013793945
13107,-0.0007323921
13108,-0.008789115
13109,-0.006439239
13110,0.0075989664
13111,0.028106764
13112,0.050140463
13113,0.06951908
13114,0.08822632
13115,0.094268814
13116,0.08804323
13117,0.061920166
13118,0.02905272
13119,-0.0144958645
13120,-0.057159424
13121,-0.09906004
13122,-0.12265013
13123,-0.12893674
13124,-0.13830581
13125,-0.1802369
13126,-0.26455685
13127,-0.33367914
13128,-0.38531503
13129,-0.43377697
13130,-0.46676636
13131,-0.4746705
13132,-0.46984863
13133,-0.44824225
13134,-0.41494742
13135,-0.37805176
13136,-0.33010864
13137,-0.28292847
13138,-0.23733519
13139,-0.19024655
13140,-0.14691162
13141,-0.10336304
13142,-0.06719968
13143,-0.03271485
13144,0.003509529
13145,0.05731204
13146,0.09716791
13147,0.1043089
13148,0.05657971
13149,0.017852724
13150,-0.024566652
13151,-0.066833526
13152,-0.10852045
13153,-0.13265996
13154,-0.14086926
13155,-0.13290416
13156,-0.1222229
13157,-0.092834584
13158,-0.059112556
13159,-0.020721443
13160,0.018890373
13161,0.0654602
13162,0.11358644
13163,0.16375732
13164,0.21142581
13165,0.2581787
13166,0.2951355
13167,0.32705688
13168,0.3410035
13169,0.3494568
13170,0.34390262
13171,0.333435
13172,0.30780035
13173,0.27993786
13174,0.24639893
13175,0.20419319
13176,0.16864008
13177,0.1269226
13178,0.08926383
13179,0.05416861
13180,0.020721436
13181,-0.007720977
13182,-0.028076172
13183,-0.048004165
13184,-0.06347658
13185,-0.08245847
13186,-0.09173585
13187,-0.10330202
13188,-0.10754395
13189,-0.116424575
13190,-0.11703489
13191,-0.115844645
13192,-0.10614022
13193,-0.09530638
13194,-0.08517456
13195,-0.06958006
13196,-0.058471702
13197,-0.051055923
13198,-0.04089348
13199,-0.033691347
13200,-0.027313195
13201,-0.015472345
13202,-0.00686644
13203,0.0074157827
13204,0.026428238
13205,0.040832505
13206,0.06069947
13207,0.076843254
13208,0.09671018
13209,0.114563
13210,0.13766481
13211,0.15155026
13212,0.17089847
13213,0.18209845
13214,0.20050046
13215,0.21472174
13216,0.2347107
13217,0.24670413
13218,0.2568359
13219,0.26345825
13220,0.26196295
13221,0.25570685
13222,0.24984749
13223,0.23327641
13224,0.2143555
13225,0.19390872
13226,0.16806033
13227,0.14303589
13228,0.11328125
13229,0.08660884
13230,0.056579582
13231,0.02667237
13232,-0.0008239597
13233,-0.02087403
13234,-0.03588868
13235,-0.048248254
13236,-0.05636599
13237,-0.06445308
13238,-0.063446075
13239,-0.067718536
13240,-0.06774904
13241,-0.0630188
13242,-0.06555173
13243,-0.064300515
13244,-0.06457515
13245,-0.06451409
13246,-0.06808472
13247,-0.06646728
13248,-0.075317375
13249,-0.07217406
13250,-0.075164795
13251,-0.07052614
13252,-0.07376099
13253,-0.06896973
13254,-0.0680237
13255,-0.06634519
13256,-0.06665039
13257,-0.06936647
13258,-0.074218765
13259,-0.08294677
13260,-0.089263916
13261,-0.10479736
13262,-0.110198975
13263,-0.12252805
13264,-0.123535156
13265,-0.125885
13266,-0.12875368
13267,-0.12860109
13268,-0.12814333
13269,-0.12991337
13270,-0.13320926
13271,-0.13690189
13272,-0.14117435
13273,-0.14245605
13274,-0.13870241
13275,-0.1333008
13276,-0.12442017
13277,-0.11755371
13278,-0.11245729
13279,-0.10540771
13280,-0.10272219
13281,-0.102539055
13282,-0.10598756
13283,-0.10906981
13284,-0.109558105
13285,-0.111267075
13286,-0.104827866
13287,-0.09735106
13288,-0.09320071
13289,-0.089386
13290,-0.07720949
13291,-0.07116699
13292,-0.055450454
13293,-0.045898438
13294,-0.032531768
13295,-0.024841279
13296,-0.011230484
13297,-0.0015869141
13298,0.008575454
13299,0.020935029
13300,0.029449448
13301,0.03842163
13302,0.052459717
13303,0.05908203
13304,0.06506345
13305,0.07501219
13306,0.07681276
13307,0.08142087
13308,0.081878655
13309,0.08200073
13310,0.08035278
13311,0.07757567
13312,0.07608034
13313,0.068054214
13314,0.06964111
13315,0.062133778
13316,0.062500015
13317,0.05755614
13318,0.059906013
13319,0.052154526
13320,0.050903335
13321,0.04473877
13322,0.044067398
13323,0.04031372
13324,0.03729251
13325,0.036407486
13326,0.033172607
13327,0.035308838
13328,0.028503403
13329,0.028717026
13330,0.01544188
13331,0.0068969727
13332,0.0020447075
13333,-0.005859375
13334,-0.011260964
13335,-0.017456025
13336,-0.021697976
13337,-0.029235825
13338,-0.030029267
13339,-0.036224365
13340,-0.042999253
13341,-0.051422104
13342,-0.061950706
13343,-0.067901604
13344,-0.07681274
13345,-0.075073235
13346,-0.08251954
13347,-0.074279785
13348,-0.07714844
13349,-0.0685425
13350,-0.06771849
13351,-0.059265144
13352,-0.05813597
13353,-0.054870613
13354,-0.049072277
13355,-0.038848866
13356,-0.035766616
13357,-0.025024403
13358,-0.02191161
13359,-0.016540524
13360,-0.010681145
13361,-0.0043334886
13362,0.0016784668
13363,0.009674057
13364,0.018127427
13365,0.02130127
13366,0.026916496
13367,0.032043427
13368,0.0345764
13369,0.040222175
13370,0.04461672
13371,0.04586792
13372,0.055511482
13373,0.056884788
13374,0.07009891
13375,0.07485963
13376,0.081512466
13377,0.08276366
13378,0.09024046
13379,0.092712395
13380,0.09725952
13381,0.102661155
13382,0.1031799
13383,0.10778809
13384,0.10839843
13385,0.113433845
13386,0.11340333
13387,0.1196289
13388,0.11819458
13389,0.1217041
13390,0.12234497
13391,0.12420654
13392,0.12249754
13393,0.12203981
13394,0.11972048
13395,0.11737062
13396,0.119689934
13397,0.122650154
13398,0.11627196
13399,0.11138917
13400,0.10485838
13401,0.102386475
13402,0.09274292
13403,0.09106447
13404,0.07788083
13405,0.06771849
13406,0.050964355
13407,0.041198716
13408,0.0275574
13409,0.02072142
13410,0.010192886
13411,-0.0010681301
13412,-0.0035705566
13413,-0.018859878
13414,-0.026733413
13415,-0.03942871
13416,-0.047851562
13417,-0.062286362
13418,-0.07308963
13419,-0.08639526
13420,-0.09628296
13421,-0.10614014
13422,-0.11380004
13423,-0.12170411
13424,-0.12350464
13425,-0.12533571
13426,-0.1253967
13427,-0.12411499
13428,-0.12078856
13429,-0.117614746
13430,-0.11563112
13431,-0.114746064
13432,-0.11206052
13433,-0.108550996
13434,-0.10906981
13435,-0.10675048
13436,-0.10250853
13437,-0.09570311
13438,-0.09194948
13439,-0.0848999
13440,-0.081970245
13441,-0.073638916
13442,-0.06661987
13443,-0.053710926
13444,-0.048187256
13445,-0.038848855
13446,-0.03500365
13447,-0.029174823
13448,-0.020263642
13449,-0.012420647
13450,-0.000579793
13451,0.0048828125
13452,0.013763417
13453,0.026794422
13454,0.034179684
13455,0.038940437
13456,0.043884277
13457,0.050811753
13458,0.052612316
13459,0.052795406
13460,0.047088623
13461,0.043487545
13462,0.03930667
13463,0.031555157
13464,0.029998794
13465,0.021270745
13466,0.014526375
13467,0.00076293945
13468,-0.0050354004
13469,-0.02056884
13470,-0.022277832
13471,-0.027801521
13472,-0.025024414
13473,-0.03024292
13474,-0.031066902
13475,-0.03964235
13476,-0.041290306
13477,-0.04925537
13478,-0.05023195
13479,-0.051666267
13480,-0.049743634
13481,-0.04150392
13482,-0.03335572
13483,-0.019104015
13484,-0.007293679
13485,0.008544922
13486,0.023895282
13487,0.03475952
13488,0.05319215
13489,0.06478882
13490,0.081756584
13491,0.0883179
13492,0.09210202
13493,0.091064446
13494,0.083648674
13495,0.07910155
13496,0.07522586
13497,0.07189942
13498,0.07339477
13499,0.07369994
13500,0.07696533
13501,0.07858276
13502,0.08090209
13503,0.0820923
13504,0.08465576
13505,0.08621214
13506,0.08285523
13507,0.08013916
13508,0.0708618
13509,0.06478883
13510,0.056701675
13511,0.05422974
13512,0.048431374
13513,0.04327394
13514,0.032470696
13515,0.020721424
13516,0.0042114183
13517,-0.0040588547
13518,-0.01733398
13519,-0.030578617
13520,-0.043518044
13521,-0.048980728
13522,-0.060821522
13523,-0.0698242
13524,-0.07809449
13525,-0.088134766
13526,-0.08673095
13527,-0.09277344
13528,-0.09310916
13529,-0.09936522
13530,-0.100769065
13531,-0.101318374
13532,-0.10168459
13533,-0.10122682
13534,-0.098907486
13535,-0.08792116
13536,-0.08193968
13537,-0.069793686
13538,-0.06259157
13539,-0.048461907
13540,-0.03964234
13541,-0.023712173
13542,-0.013183571
13543,-0.0023498386
13544,0.00085451454
13545,0.010192856
13546,0.014739998
13547,0.01376345
13548,0.010253917
13549,0.0029907338
13550,0.00238036
13551,-0.0026245192
13552,-0.0057678223
13553,-0.0070190495
13554,-0.014953619
13555,-0.018920895
13556,-0.027496345
13557,-0.025482185
13558,-0.023162834
13559,-0.016021721
13560,-0.0044555664
13561,0.00039675832
13562,0.0077819526
13563,0.014709458
13564,0.017669685
13565,0.01559449
13566,0.013977036
13567,0.008026104
13568,0.001831051
13569,-0.011840846
13570,-0.034332283
13571,-0.04504395
13572,-0.044830315
13573,-0.055908218
13574,-0.05108641
13575,-0.049560554
13576,-0.053710938
13577,-0.056274414
13578,-0.05389403
13579,-0.054656975
13580,-0.055389415
13581,-0.05337526
13582,-0.04522705
13583,-0.042266846
13584,-0.033111572
13585,-0.029998764
13586,-0.01705935
13587,-0.009307854
13588,0.0075988555
13589,0.016418442
13590,0.033203147
13591,0.052124023
13592,0.072418205
13593,0.08990477
13594,0.09625246
13595,0.11831666
13596,0.12606812
13597,0.13742067
13598,0.15332033
13599,0.16720581
13600,0.1746521
13601,0.17660524
13602,0.17755127
13603,0.17010495
13604,0.16516118
13605,0.15441895
13606,0.14920045
13607,0.13546756
13608,0.12896726
13609,0.11642456
13610,0.1109314
13611,0.10144045
13612,0.09674071
13613,0.09124756
13614,0.093627945
13615,0.08822631
13616,0.077728264
13617,0.072326675
13618,0.056091294
13619,0.04415894
13620,0.032775875
13621,0.024444569
13622,0.007934559
13623,-0.006988514
13624,-0.022918679
13625,-0.035705574
13626,-0.055267334
13627,-0.06582642
13628,-0.08206177
13629,-0.0960083
13630,-0.109436035
13631,-0.116363525
13632,-0.12210083
13633,-0.12066649
13634,-0.12301636
13635,-0.117156975
13636,-0.10449217
13637,-0.096893296
13638,-0.09191896
13639,-0.0836792
13640,-0.07891849
13641,-0.07546998
13642,-0.0683899
13643,-0.06631472
13644,-0.06149294
13645,-0.055084243
13646,-0.04898069
13647,-0.03881833
13648,-0.04360965
13649,-0.035064682
13650,-0.040100083
13651,-0.036376968
13652,-0.039092988
13653,-0.041137673
13654,-0.04763794
13655,-0.050689697
13656,-0.06155395
13657,-0.07281494
13658,-0.0939331
13659,-0.10324097
13660,-0.105010994
13661,-0.11883544
13662,-0.11816405
13663,-0.11697389
13664,-0.124877945
13665,-0.12780762
13666,-0.12377931
13667,-0.12014772
13668,-0.11691283
13669,-0.10928343
13670,-0.10183718
13671,-0.0970764
13672,-0.08929445
13673,-0.08325197
13674,-0.077545136
13675,-0.06604004
13676,-0.06375122
13677,-0.0574646
13678,-0.054260258
13679,-0.05117799
13680,-0.0552063
13681,-0.047027577
13682,-0.03353881
13683,-0.02990723
13684,-0.014251704
13685,0.00021362863
13686,0.009674076
13687,0.020019546
13688,0.036865238
13689,0.052581783
13690,0.06597898
13691,0.07952881
13692,0.096832275
13693,0.105957
13694,0.12442016
13695,0.13638306
13696,0.14840698
13697,0.15713501
13698,0.16131593
13699,0.16238403
13700,0.16574097
13701,0.16348267
13702,0.16091919
13703,0.15530396
13704,0.14221191
13705,0.14178467
13706,0.12915042
13707,0.12594604
13708,0.121917725
13709,0.12329102
13710,0.11474611
13711,0.110290535
13712,0.109252915
13713,0.10284422
13714,0.10620119
13715,0.09851074
13716,0.09814453
13717,0.09240724
13718,0.08621213
13719,0.07794191
13720,0.07412721
13721,0.06756593
13722,0.06588743
13723,0.066314705
13724,0.06726075
13725,0.06738281
13726,0.061798096
13727,0.064392075
13728,0.054779053
13729,0.05017093
13730,0.04299926
13731,0.04095458
13732,0.026397727
13733,0.019287113
13734,0.0061950684
13735,-0.0031738393
13736,-0.016082756
13737,-0.02261353
13738,-0.034271233
13739,-0.039276116
13740,-0.043457046
13741,-0.04827881
13742,-0.045166027
13743,-0.043609608
13744,-0.039276104
13745,-0.035491947
13746,-0.023773203
13747,-0.024108887
13748,-0.022644058
13749,-0.024414062
13750,-0.025024422
13751,-0.033142097
13752,-0.034484863
13753,-0.04364014
13754,-0.048828132
13755,-0.056488045
13756,-0.06326294
13757,-0.06893921
13758,-0.07937622
13759,-0.078704804
13760,-0.09051514
13761,-0.093322754
13762,-0.09930417
13763,-0.10144044
13764,-0.10433961
13765,-0.10620119
13766,-0.10861205
13767,-0.1109314
13768,-0.10678099
13769,-0.10986328
13770,-0.10443116
13771,-0.10748288
13772,-0.096954346
13773,-0.10021973
13774,-0.09240724
13775,-0.09503174
13776,-0.085632324
13777,-0.084625244
13778,-0.079864495
13779,-0.07888792
13780,-0.07525634
13781,-0.074523926
13782,-0.071380645
13783,-0.070861846
13784,-0.06674191
13785,-0.055542007
13786,-0.05041504
13787,-0.03579712
13788,-0.026092514
13789,-0.011291504
13790,-0.001220704
13791,0.010314951
13792,0.017486582
13793,0.02493286
13794,0.034301758
13795,0.038024887
13796,0.048919693
13797,0.052124035
13798,0.061553948
13799,0.0666504
13800,0.07662964
13801,0.08297731
13802,0.09036255
13803,0.09207152
13804,0.101562485
13805,0.10314941
13806,0.09991456
13807,0.09588623
13808,0.086578384
13809,0.07595824
13810,0.06365967
13811,0.054016106
13812,0.034637444
13813,0.024414048
13814,0.00888063
13815,0.0044860784
13816,-0.005126938
13817,-0.004882807
13818,-0.011535648
13819,-0.009613041
13820,-0.013885498
13821,-0.015380852
13822,-0.01516724
13823,-0.020294186
13824,-0.019958496
13825,-0.027160648
13826,-0.027221676
13827,-0.03057862
13828,-0.030059822
13829,-0.03750607
13830,-0.036926262
13831,-0.044799805
13832,-0.048614502
13833,-0.052307133
13834,-0.057464607
13835,-0.053894058
13836,-0.058563225
13837,-0.05276489
13838,-0.057159428
13839,-0.04946899
13840,-0.052734386
13841,-0.045104977
13842,-0.043670654
13843,-0.03793336
13844,-0.03753663
13845,-0.03500368
13846,-0.034484874
13847,-0.028778072
13848,-0.026519757
13849,-0.020904519
13850,-0.015319835
13851,-0.016662605
13852,-0.014282219
13853,-0.0184021
13854,-0.015289292
13855,-0.020446777
13856,-0.010467537
13857,-0.008270249
13858,0.0027465895
13859,0.006164558
13860,0.012329102
13861,0.01834108
13862,0.020477295
13863,0.025115982
13864,0.026763909
13865,0.02679443
13866,0.022766106
13867,0.021575917
13868,0.021331782
13869,0.023651138
13870,0.020294202
13871,0.022918724
13872,0.026458753
13873,0.03408812
13874,0.042480465
13875,0.049591057
13876,0.061950684
13877,0.069580086
13878,0.08502199
13879,0.09304811
13880,0.10549927
13881,0.107543945
13882,0.11340333
13883,0.10733034
13884,0.10772706
13885,0.09875489
13886,0.090667725
13887,0.07904053
13888,0.06930543
13889,0.059753414
13890,0.051666252
13891,0.042327885
13892,0.031250004
13893,0.024902346
13894,0.01651001
13895,0.021362294
13896,0.01727294
13897,0.02627564
13898,0.025848385
13899,0.033172607
13900,0.030364983
13901,0.026855469
13902,0.024078354
13903,0.018707272
13904,0.019226074
13905,0.012817387
13906,0.014526382
13907,0.009918217
13908,0.007629402
13909,0.008239772
13910,0.012054443
13911,0.015350364
13912,0.020080563
13913,0.022064216
13914,0.027954087
13915,0.03271483
13916,0.033782966
13917,0.040222175
13918,0.039520256
13919,0.041534424
13920,0.038269036
13921,0.038848877
13922,0.029052742
13923,0.024200432
13924,0.017883297
13925,0.0107727125
13926,0.0095519945
13927,0.009063695
13928,0.0076904297
13929,0.008453369
13930,0.011352539
13931,0.013885517
13932,0.015991203
13933,0.014434818
13934,0.01187133
13935,0.0062255785
13936,0.0018005259
13937,-0.006713882
13938,-0.013732918
13939,-0.02780151
13940,-0.03826904
13941,-0.049194336
13942,-0.063354485
13943,-0.07385254
13944,-0.08572389
13945,-0.092285156
13946,-0.102172844
13947,-0.10464476
13948,-0.113647476
13949,-0.11209109
13950,-0.112762466
13951,-0.10922242
13952,-0.1000061
13953,-0.0968628
13954,-0.08859252
13955,-0.08532715
13956,-0.08068847
13957,-0.076873794
13958,-0.069458015
13959,-0.07229615
13960,-0.06753541
13961,-0.07415772
13962,-0.07165527
13963,-0.079254165
13964,-0.07699584
13965,-0.081817634
13966,-0.07357788
13967,-0.07202147
13968,-0.06570432
13969,-0.062866226
13970,-0.059875473
13971,-0.05957029
13972,-0.058410652
13973,-0.058471672
13974,-0.055541996
13975,-0.05657962
13976,-0.053100575
13977,-0.04647827
13978,-0.038909897
13979,-0.025878917
13980,-0.016204834
13981,-0.0033569299
13982,0.010101322
13983,0.020263668
13984,0.035064697
13985,0.045623787
13986,0.059082028
13987,0.0659485
13988,0.075347885
13989,0.079589844
13990,0.08294678
13991,0.08840941
13992,0.08941651
13993,0.08633424
13994,0.08508301
13995,0.07897949
13996,0.06982422
13997,0.065734856
13998,0.05834961
13999,0.052581787
14000,0.04745482
14001,0.043762214
14002,0.03549195
14003,0.033599854
14004,0.027984623
14005,0.030517574
14006,0.026580807
14007,0.028320318
14008,0.025512692
14009,0.025848387
14010,0.021209724
14011,0.01882935
14012,0.014770491
14013,0.0093383845
14014,0.010375984
14015,0.0077819824
14016,0.0074158013
14017,0.008789085
14018,0.0030822754
14019,0.0058288835
14020,0.0034484826
14021,0.005828865
14022,0.006195046
14023,0.009216331
14024,0.0086059645
14025,0.01602174
14026,0.018005375
14027,0.024688723
14028,0.030578611
14029,0.040466312
14030,0.048187252
14031,0.059387207
14032,0.06832887
14033,0.07662965
14034,0.08676146
14035,0.08956909
14036,0.097503655
14037,0.10507201
14038,0.10864258
14039,0.11492921
14040,0.11587525
14041,0.11645509
14042,0.109436005
14043,0.10110472
14044,0.0864563
14045,0.06777955
14046,0.04724122
14047,0.025268562
14048,0.003082274
14049,-0.021698
14050,-0.044067387
14051,-0.064209
14052,-0.083465576
14053,-0.099609375
14054,-0.11349486
14055,-0.12698367
14056,-0.13464354
14057,-0.14437866
14058,-0.15231323
14059,-0.15692139
14060,-0.15930176
14061,-0.15820312
14062,-0.14901733
14063,-0.14584352
14064,-0.13223265
14065,-0.119781494
14066,-0.10415647
14067,-0.087707534
14068,-0.070312515
14069,-0.056518555
14070,-0.039886475
14071,-0.028259277
14072,-0.015777586
14073,-0.0050048847
14074,0.002960205
14075,0.008117672
14076,0.0115051195
14077,0.010955792
14078,0.007965101
14079,0.007202141
14080,0.0008239653
14081,-0.0038451934
14082,-0.008056666
14083,-0.01626589
14084,-0.015991222
14085,-0.017456086
14086,-0.014984123
14087,-0.010406485
14088,-0.0061645294
14089,-0.002563499
14090,0.0020446694
14091,0.002441395
14092,0.003662113
14093,0.0053710938
14094,0.0057373047
14095,0.009582527
14096,0.017120361
14097,0.026123054
14098,0.030944802
14099,0.042297356
14100,0.044647224
14101,0.055664062
14102,0.055755604
14103,0.05990602
14104,0.062255863
14105,0.06362915
14106,0.0635681
14107,0.063873276
14108,0.064758316
14109,0.062042236
14110,0.060913082
14111,0.06002807
14112,0.059265126
14113,0.057403557
14114,0.054290786
14115,0.055664062
14116,0.053100586
14117,0.04855348
14118,0.04650879
14119,0.046569817
14120,0.044158936
14121,0.04885866
14122,0.0448303
14123,0.04626465
14124,0.04501342
14125,0.047302242
14126,0.04574585
14127,0.045349136
14128,0.036834702
14129,0.032043472
14130,0.024749745
14131,0.017456066
14132,0.010253891
14133,0.002319336
14134,-0.0041809008
14135,-0.012359619
14136,-0.020294193
14137,-0.030242924
14138,-0.03677368
14139,-0.04574585
14140,-0.051391598
14141,-0.056182865
14142,-0.05914305
14143,-0.06161498
14144,-0.060607914
14145,-0.060272217
14146,-0.058898926
14147,-0.053771988
14148,-0.055419907
14149,-0.047576897
14150,-0.051605217
14151,-0.04632566
14152,-0.051208504
14153,-0.05081177
14154,-0.05117799
14155,-0.04791259
14156,-0.04180908
14157,-0.031402584
14158,-0.018981941
14159,-0.008514404
14160,0.003723137
14161,0.015075669
14162,0.02087402
14163,0.023254395
14164,0.02505495
14165,0.019683838
14166,0.019531265
14167,0.010375977
14168,0.0077819973
14169,-0.0019226074
14170,-0.0034484863
14171,-0.011108413
14172,-0.009399399
14173,-0.014526352
14174,-0.016448975
14175,-0.016540542
14176,-0.01766967
14177,-0.018707264
14178,-0.022949222
14179,-0.021209724
14180,-0.021209717
14181,-0.019042969
14182,-0.018341066
14183,-0.011291506
14184,-0.014801022
14185,-0.013183586
14186,-0.012084968
14187,-0.011718754
14188,-0.009643549
14189,-0.0074768066
14190,-0.004882809
14191,-0.003967285
14192,0.0037231445
14193,0.0015258715
14194,0.012054436
14195,0.013793927
14196,0.0150451735
14197,0.015319806
14198,0.0071411207
14199,-0.00045777112
14200,-0.014648434
14201,-0.02734375
14202,-0.044738777
14203,-0.057525635
14204,-0.074432366
14205,-0.08786009
14206,-0.097961426
14207,-0.10617064
14208,-0.11096193
14209,-0.1121826
14210,-0.11001588
14211,-0.10583496
14212,-0.0987854
14213,-0.092956536
14214,-0.08096313
14215,-0.073913574
14216,-0.059692383
14217,-0.0513611
14218,-0.0390625
14219,-0.032470703
14220,-0.026519775
14221,-0.019988999
14222,-0.016998306
14223,-0.014770493
14224,-0.019470215
14225,-0.016906738
14226,-0.02313231
14227,-0.023925759
14228,-0.028686509
14229,-0.02728273
14230,-0.029998794
14231,-0.023406997
14232,-0.022064209
14233,-0.012207009
14234,-0.0047302246
14235,0.009826653
14236,0.019622816
14237,0.03778077
14238,0.04904175
14239,0.066345215
14240,0.084503196
14241,0.10079956
14242,0.12188721
14243,0.13952637
14244,0.16583252
14245,0.18157959
14246,0.2064819
14247,0.22576907
14248,0.25177002
14249,0.26928708
14250,0.2911072
14251,0.30422977
14252,0.30950934
14253,0.30792245
14254,0.29580688
14255,0.2781372
14256,0.25506592
14257,0.24102785
14258,0.22549438
14259,0.23327637
14260,0.22903445
14261,0.23394777
14262,0.23632817
14263,0.25076294
14264,0.2700196
14265,0.29180908
14266,0.30715936
14267,0.3127442
14268,0.3157044
14269,0.30957037
14270,0.3097229
14271,0.2939759
14272,0.2772216
14273,0.2485047
14274,0.21881102
14275,0.18673703
14276,0.15325928
14277,0.11355589
14278,0.068573005
14279,0.018096939
14280,-0.04077149
14281,-0.10260011
14282,-0.169281
14283,-0.23205566
14284,-0.2962647
14285,-0.35711673
14286,-0.42160043
14287,-0.48043823
14288,-0.5313721
14289,-0.5747987
14290,-0.6093444
14291,-0.644226
14292,-0.6678162
14293,-0.689026
14294,-0.6994628
14295,-0.7024841
14296,-0.6893615
14297,-0.6700439
14298,-0.6346436
14299,-0.5912475
14300,-0.538147
14301,-0.48239142
14302,-0.43133554
14303,-0.39205933
14304,-0.35290533
14305,-0.3171692
14306,-0.28518677
14307,-0.26159668
14308,-0.24694827
14309,-0.2354431
14310,-0.22552484
14311,-0.21194458
14312,-0.20010385
14313,-0.18466192
14314,-0.17587277
14315,-0.16165158
14316,-0.14971924
14317,-0.13119511
14318,-0.10708627
14319,-0.07928474
14320,-0.044647187
14321,-0.0075683743
14322,0.03100586
14323,0.06274414
14324,0.09576419
14325,0.11779785
14326,0.14169309
14327,0.16241457
14328,0.17999269
14329,0.1906433
14330,0.20300293
14331,0.20861818
14332,0.22021487
14333,0.23675537
14334,0.25225815
14335,0.2729797
14336,0.2834473
14337,0.3060608
14338,0.3178406
14339,0.33126828
14340,0.3329773
14341,0.3266602
14342,0.31011966
14343,0.28775024
14344,0.26507568
14345,0.24328613
14346,0.2374573
14347,0.24246217
14348,0.25708014
14349,0.2664795
14350,0.28451544
14351,0.30670166
14352,0.33718884
14353,0.36483765
14354,0.38598633
14355,0.39718646
14356,0.40557852
14357,0.41003418
14358,0.41113293
14359,0.40982068
14360,0.4022826
14361,0.38607806
14362,0.3608704
14363,0.32940674
14364,0.29229742
14365,0.24899286
14366,0.20132446
14367,0.15832518
14368,0.12786871
14369,0.10958864
14370,0.09970099
14371,0.08724976
14372,0.08316041
14373,0.092224136
14374,0.10809326
14375,0.13159178
14376,0.14111319
14377,0.14529413
14378,0.1345827
14379,0.11947653
14380,0.104034305
14381,0.07836908
14382,0.053588837
14383,0.014709622
14384,-0.022735536
14385,-0.06259149
14386,-0.10177618
14387,-0.14227289
14388,-0.18515013
14389,-0.22814944
14390,-0.28189093
14391,-0.33950806
14392,-0.39575195
14393,-0.44644165
14394,-0.4858399
14395,-0.5265198
14396,-0.5626222
14397,-0.58721924
14398,-0.6052551
14399,-0.6130678
14400,-0.61227405
14401,-0.5993651
14402,-0.5768128
14403,-0.5476686
14404,-0.50582874
14405,-0.45254517
14406,-0.3902282
14407,-0.3164367
14408,-0.24023445
14409,-0.15457147
14410,-0.069610566
14411,0.018493593
14412,0.09020987
14413,0.14999393
14414,0.19839475
14415,0.23919675
14416,0.27432254
14417,0.28921512
14418,0.2980957
14419,0.2937317
14420,0.28912356
14421,0.27923575
14422,0.2688598
14423,0.25827023
14424,0.2434082
14425,0.23028563
14426,0.21365353
14427,0.19857778
14428,0.18188468
14429,0.16336054
14430,0.14028934
14431,0.117675774
14432,0.092040986
14433,0.06173706
14434,0.02664186
14435,-0.0077209175
14436,-0.047515914
14437,-0.07653807
14438,-0.11358644
14439,-0.14501955
14440,-0.17956543
14441,-0.21316528
14442,-0.2323608
14443,-0.24667352
14444,-0.2507326
14445,-0.24877945
14446,-0.24642935
14447,-0.22982784
14448,-0.21270752
14449,-0.18499756
14450,-0.1549988
14451,-0.12655649
14452,-0.09429929
14453,-0.06378175
14454,-0.030334488
14455,-0.007507339
14456,0.02136235
14457,0.04666139
14458,0.074737534
14459,0.0975342
14460,0.1133423
14461,0.13064577
14462,0.14401247
14463,0.1505127
14464,0.15786745
14465,0.1591798
14466,0.1626586
14467,0.15182486
14468,0.14556894
14469,0.12973028
14470,0.11337276
14471,0.08956917
14472,0.072204575
14473,0.05007927
14474,0.03332524
14475,0.016052216
14476,0.0016784742
14477,-0.011230461
14478,-0.023986757
14479,-0.03631594
14480,-0.049468968
14481,-0.05990599
14482,-0.07528687
14483,-0.08038328
14484,-0.08566283
14485,-0.08102418
14486,-0.07977294
14487,-0.06787112
14488,-0.056549028
14489,-0.045532167
14490,-0.032501265
14491,-0.026031524
14492,-0.015625
14493,-0.01089479
14494,-0.0057678223
14495,-0.0036010742
14496,0.0012512207
14497,0.004211426
14498,0.007873595
14499,0.009552002
14500,0.013427734
14501,0.013305664
14502,0.01751712
14503,0.017028779
14504,0.022460938
14505,0.02178958
14506,0.02355957
14507,0.028015137
14508,0.027404785
14509,0.029724047
14510,0.031433105
14511,0.031463638
14512,0.033081025
14513,0.03216552
14514,0.03738402
14515,0.044250462
14516,0.05059813
14517,0.059692383
14518,0.06509399
14519,0.07278442
14520,0.078491226
14521,0.086761475
14522,0.095520005
14523,0.10360721
14524,0.10726932
14525,0.106292695
14526,0.11264041
14527,0.11190799
14528,0.1149292
14529,0.11642456
14530,0.11981203
14531,0.12042229
14532,0.11209107
14533,0.10971075
14534,0.09371947
14535,0.084289536
14536,0.06823729
14537,0.058990434
14538,0.041839607
14539,0.032165572
14540,0.015716568
14541,0.0005798489
14542,-0.01861573
14543,-0.043518092
14544,-0.061279297
14545,-0.07611082
14546,-0.083740234
14547,-0.086792
14548,-0.08056639
14549,-0.07449342
14550,-0.059448272
14551,-0.046875
14552,-0.02520752
14553,-0.00595095
14554,0.015136696
14555,0.033844
14556,0.050842278
14557,0.064361565
14558,0.0718689
14559,0.08193971
14560,0.08544925
14561,0.0904236
14562,0.08328244
14563,0.07601932
14564,0.06338501
14565,0.052154526
14566,0.03408812
14567,0.026306167
14568,0.02420044
14569,0.03564453
14570,0.045745835
14571,0.060638405
14572,0.07714845
14573,0.08740237
14574,0.098053
14575,0.10064698
14576,0.10668948
14577,0.107604966
14578,0.115234375
14579,0.11764525
14580,0.11495972
14581,0.10089111
14582,0.08584596
14583,0.05984497
14584,0.03860472
14585,0.017730713
14586,0.005584717
14587,-0.00064086914
14588,-0.007843018
14589,-0.013458282
14590,-0.027526855
14591,-0.03152466
14592,-0.053375304
14593,-0.06060791
14594,-0.0852966
14595,-0.10220334
14596,-0.1295166
14597,-0.14614868
14598,-0.15847772
14599,-0.1630249
14600,-0.1625061
14601,-0.16201782
14602,-0.15557861
14603,-0.1539917
14604,-0.14208984
14605,-0.13949588
14606,-0.12597653
14607,-0.11926268
14608,-0.105224624
14609,-0.09219357
14610,-0.07034302
14611,-0.056335464
14612,-0.042083755
14613,-0.037628174
14614,-0.038818374
14615,-0.047485366
14616,-0.059692383
14617,-0.07614136
14618,-0.092315644
14619,-0.109710686
14620,-0.12985232
14621,-0.15185548
14622,-0.17590334
14623,-0.19125365
14624,-0.19857788
14625,-0.1979065
14626,-0.19500732
14627,-0.18630981
14628,-0.17312622
14629,-0.15872192
14630,-0.14419553
14631,-0.1322937
14632,-0.12036132
14633,-0.11480714
14634,-0.12277221
14635,-0.14282225
14636,-0.16250609
14637,-0.18792725
14638,-0.20046999
14639,-0.21221928
14640,-0.21826172
14641,-0.22232054
14642,-0.2289734
14643,-0.23941037
14644,-0.25326538
14645,-0.26852417
14646,-0.2843628
14647,-0.29067993
14648,-0.29837036
14649,-0.29080197
14650,-0.2828369
14651,-0.2727661
14652,-0.26745605
14653,-0.26358038
14654,-0.25775146
14655,-0.24694824
14656,-0.2202148
14657,-0.19146729
14658,-0.14196777
14659,-0.103698745
14660,-0.05419925
14661,-0.012237556
14662,0.03634642
14663,0.075500496
14664,0.112915024
14665,0.13690183
14666,0.15585327
14667,0.16390988
14668,0.16809082
14669,0.16909792
14670,0.16363527
14671,0.15939334
14672,0.14703366
14673,0.14068604
14674,0.13955688
14675,0.14151001
14676,0.14190672
14677,0.15231325
14678,0.17120361
14679,0.20385742
14680,0.23977663
14681,0.27670288
14682,0.3051453
14683,0.33074954
14684,0.34832764
14685,0.36032104
14686,0.3697815
14687,0.38388062
14688,0.39761353
14689,0.40957642
14690,0.41461182
14691,0.414917
14692,0.4244995
14693,0.4266052
14694,0.42800903
14695,0.43255615
14696,0.4382019
14697,0.4475708
14698,0.45529175
14699,0.46051025
14700,0.45477295
14701,0.4482422
14702,0.42852783
14703,0.40979004
14704,0.38150024
14705,0.35241705
14706,0.32025146
14707,0.28845215
14708,0.26080322
14709,0.23602295
14710,0.2137146
14711,0.1949768
14712,0.18267822
14713,0.17208862
14714,0.165802
14715,0.15313718
14716,0.14459231
14717,0.12951662
14718,0.11981201
14719,0.10995486
14720,0.10128783
14721,0.092620865
14722,0.0776367
14723,0.052490264
14724,0.015075669
14725,-0.02279663
14726,-0.06167601
14727,-0.09921267
14728,-0.13800046
14729,-0.16989134
14730,-0.2036438
14731,-0.22695923
14732,-0.24731447
14733,-0.25411987
14734,-0.25726318
14735,-0.25872803
14736,-0.26065066
14737,-0.2609253
14738,-0.25646973
14739,-0.25601196
14740,-0.2609558
14741,-0.26693726
14742,-0.2756958
14743,-0.28808594
14744,-0.30532837
14745,-0.31826782
14746,-0.33190918
14747,-0.33078003
14748,-0.32391357
14749,-0.30807495
14750,-0.29019165
14751,-0.2684021
14752,-0.24893188
14753,-0.23352051
14754,-0.21890259
14755,-0.2142334
14756,-0.2069397
14757,-0.20794678
14758,-0.22247314
14759,-0.23074341
14760,-0.24182129
14761,-0.25726318
14762,-0.27252197
14763,-0.29129028
14764,-0.3013916
14765,-0.31192017
14766,-0.30532834
14767,-0.2947693
14768,-0.266449
14769,-0.23999023
14770,-0.21643066
14771,-0.1960144
14772,-0.17440793
14773,-0.15039065
14774,-0.12579346
14775,-0.1031189
14776,-0.08346556
14777,-0.065216064
14778,-0.05023194
14779,-0.030212402
14780,-0.017883308
14781,-0.0031127706
14782,-0.00015260279
14783,0.014007568
14784,0.021606468
14785,0.03219603
14786,0.03866578
14787,0.044708245
14788,0.049468987
14789,0.058532692
14790,0.06939701
14791,0.077484116
14792,0.08743284
14793,0.09609985
14794,0.11077879
14795,0.12435913
14796,0.14678955
14797,0.170105
14798,0.18963623
14799,0.20565796
14800,0.21176147
14801,0.22482298
14802,0.23895264
14803,0.25152588
14804,0.2612915
14805,0.27572632
14806,0.2885437
14807,0.31011963
14808,0.3213501
14809,0.33520508
14810,0.33364868
14811,0.3199463
14812,0.29489136
14813,0.25994873
14814,0.22601318
14815,0.18978883
14816,0.15371703
14817,0.11856079
14818,0.08432007
14819,0.050476074
14820,0.019409157
14821,-0.010406494
14822,-0.03720092
14823,-0.056854255
14824,-0.06417848
14825,-0.06604004
14826,-0.054412853
14827,-0.042602547
14828,-0.023315445
14829,0.0026245117
14830,0.022766095
14831,0.052154556
14832,0.07336426
14833,0.09127809
14834,0.093231186
14835,0.09344484
14836,0.088684075
14837,0.08990477
14838,0.08422851
14839,0.081024185
14840,0.072051995
14841,0.06573486
14842,0.059387185
14843,0.05538939
14844,0.055541977
14845,0.043731675
14846,0.031829834
14847,0.021545395
14848,0.012725815
14849,0.00076293945
14850,-0.009155288
14851,-0.020294175
14852,-0.029296905
14853,-0.044525146
14854,-0.055694565
14855,-0.065521225
14856,-0.07577518
14857,-0.079071015
14858,-0.08724975
14859,-0.09725952
14860,-0.11129761
14861,-0.12399292
14862,-0.14147948
14863,-0.15786743
14864,-0.16726683
14865,-0.174469
14866,-0.16906738
14867,-0.16662595
14868,-0.16497803
14869,-0.16729738
14870,-0.1656189
14871,-0.17129517
14872,-0.17660522
14873,-0.19989014
14874,-0.2147522
14875,-0.24240112
14876,-0.25161743
14877,-0.26037598
14878,-0.25112915
14879,-0.23931885
14880,-0.22497556
14881,-0.21246338
14882,-0.19137573
14883,-0.16918947
14884,-0.13928221
14885,-0.10379026
14886,-0.07156371
14887,-0.03381347
14888,-0.009918228
14889,0.016784681
14890,0.030822754
14891,0.044830337
14892,0.051605225
14893,0.06506348
14894,0.07272343
14895,0.0726013
14896,0.074340835
14897,0.06747434
14898,0.06466674
14899,0.06243895
14900,0.06857301
14901,0.07229613
14902,0.076873794
14903,0.074737564
14904,0.077911384
14905,0.07153321
14906,0.069854744
14907,0.060699467
14908,0.046356194
14909,0.022766136
14910,-0.0047302097
14911,-0.023864746
14912,-0.030395523
14913,-0.028717026
14914,-0.020751953
14915,-0.010986306
14916,0.0005493015
14917,0.016174298
14918,0.029449474
14919,0.045135487
14920,0.044250514
14921,0.037445065
14922,0.021057159
14923,0.0055236816
14924,-0.00076293945
14925,0.005981438
14926,0.012603745
14927,0.021087632
14928,0.033020012
14929,0.043365493
14930,0.056823716
14931,0.06454469
14932,0.073394775
14933,0.07904051
14934,0.094634995
14935,0.115814224
14936,0.1397705
14937,0.1672974
14938,0.19644162
14939,0.23574829
14940,0.26434326
14941,0.30783075
14942,0.33453372
14943,0.35540777
14944,0.35598746
14945,0.35028085
14946,0.33218378
14947,0.31423956
14948,0.28457642
14949,0.25912476
14950,0.22680663
14951,0.19546506
14952,0.16635132
14953,0.13198853
14954,0.09963989
14955,0.052032456
14956,-0.0043945312
14957,-0.07788086
14958,-0.16650397
14959,-0.26284784
14960,-0.36294553
14961,-0.44793704
14962,-0.53005975
14963,-0.5948181
14964,-0.6403808
14965,-0.68252575
14966,-0.706543
14967,-0.719696
14968,-0.71807873
14969,-0.7058717
14970,-0.67806995
14971,-0.6292725
14972,-0.57742316
14973,-0.50527966
14974,-0.42367548
14975,-0.3274231
14976,-0.22393799
14977,-0.122314446
14978,-0.018035881
14979,0.07550048
14980,0.17456055
14981,0.2643432
14982,0.35192874
14983,0.41995236
14984,0.4831237
14985,0.5311889
14986,0.5789184
14987,0.6147765
14988,0.64160156
14989,0.64422613
14990,0.6239319
14991,0.57974255
14992,0.5292052
14993,0.4666139
14994,0.40429693
14995,0.34347543
14996,0.27899167
14997,0.22973633
14998,0.17892458
14999,0.14401247
15000,0.104034424
15001,0.07827759
15002,0.053131104
15003,0.039001428
15004,0.029785145
15005,0.016510058
15006,0.015441928
15007,0.0017395727
15008,-0.009948764
15009,-0.023315396
15010,-0.032684222
15011,-0.046081632
15012,-0.056152295
15013,-0.07263185
15014,-0.08200073
15015,-0.09988397
15016,-0.10754388
15017,-0.12387082
15018,-0.13317871
15019,-0.13848877
15020,-0.13168332
15021,-0.10992432
15022,-0.07028198
15023,-0.017150879
15024,0.050750732
15025,0.12689206
15026,0.20202631
15027,0.26669315
15028,0.32388312
15029,0.36676025
15030,0.39151
15031,0.41323858
15032,0.42752072
15033,0.44317636
15034,0.46127325
15035,0.480896
15036,0.49224848
15037,0.48562616
15038,0.47280878
15039,0.4405517
15040,0.40029907
15041,0.34088126
15042,0.27069092
15043,0.1813049
15044,0.07711792
15045,-0.040283233
15046,-0.17282109
15047,-0.30987543
15048,-0.44961548
15049,-0.57214355
15050,-0.6949767
15051,-0.7853699
15052,-0.8554076
15053,-0.90652466
15054,-0.9292605
15055,-0.92767316
15056,-0.9017947
15057,-0.8525696
15058,-0.78991693
15059,-0.7117309
15060,-0.6329346
15061,-0.5602723
15062,-0.4927673
15063,-0.4405517
15064,-0.39974976
15065,-0.37869257
15066,-0.36346436
15067,-0.3664856
15068,-0.37295538
15069,-0.38891596
15070,-0.39849848
15071,-0.39852914
15072,-0.39959717
15073,-0.38632208
15074,-0.36138904
15075,-0.3368227
15076,-0.30398566
15077,-0.2748717
15078,-0.24151623
15079,-0.20773321
15080,-0.17993163
15081,-0.14212036
15082,-0.11004643
15083,-0.06594847
15084,-0.016021714
15085,0.048553526
15086,0.122680664
15087,0.20492557
15088,0.29110718
15089,0.37353516
15090,0.45617676
15091,0.5234069
15092,0.58682257
15093,0.6367797
15094,0.685974
15095,0.7177124
15096,0.7386779
15097,0.7406921
15098,0.71557623
15099,0.66448975
15100,0.5873413
15101,0.49615484
15102,0.39166248
15103,0.28613293
15104,0.18383795
15105,0.095825285
15106,0.02017209
15107,-0.034057558
15108,-0.07412717
15109,-0.094451904
15110,-0.10736084
15111,-0.11148071
15112,-0.11343385
15113,-0.1075744
15114,-0.10034186
15115,-0.08956909
15116,-0.06411749
15117,-0.049072176
15118,-0.031066865
15119,-0.015258729
15120,-0.0036619902
15121,0.0061340034
15122,0.015167445
15123,0.019500732
15124,0.02670291
15125,0.025817841
15126,0.027526796
15127,0.03491205
15128,0.045532316
15129,0.06292716
15130,0.08407593
15131,0.10296628
15132,0.11727904
15133,0.13482663
15134,0.1452332
15135,0.15817249
15136,0.15963742
15137,0.15588386
15138,0.14721692
15139,0.14111328
15140,0.13397211
15141,0.14041138
15142,0.15090936
15143,0.1766358
15144,0.2026062
15145,0.23153684
15146,0.259674
15147,0.28067017
15148,0.3003235
15149,0.31283563
15150,0.3171692
15151,0.3106383
15152,0.2883911
15153,0.2498474
15154,0.2008972
15155,0.1473083
15156,0.087707534
15157,0.024536058
15158,-0.03540042
15159,-0.09774774
15160,-0.16244498
15161,-0.21710199
15162,-0.26565555
15163,-0.29583737
15164,-0.30480957
15165,-0.28778076
15166,-0.25695813
15167,-0.21218872
15168,-0.1607666
15169,-0.09655753
15170,-0.03372188
15171,0.018737808
15172,0.060485795
15173,0.08816533
15174,0.10223387
15175,0.11230475
15176,0.11837767
15177,0.124877945
15178,0.13311768
15179,0.14270009
15180,0.15475467
15181,0.16027835
15182,0.1617127
15183,0.1593933
15184,0.14981076
15185,0.14477538
15186,0.13812262
15187,0.13351433
15188,0.1312866
15189,0.1294555
15190,0.121582046
15191,0.11907956
15192,0.10934452
15193,0.09359745
15194,0.07696532
15195,0.0513611
15196,0.02612307
15197,0.005279556
15198,-0.0099487305
15199,-0.028747559
15200,-0.043457046
15201,-0.0624084
15202,-0.080719024
15203,-0.10314949
15204,-0.12326059
15205,-0.15386958
15206,-0.18942255
15207,-0.22927848
15208,-0.27621454
15209,-0.32931525
15210,-0.3775329
15211,-0.42037958
15212,-0.45666498
15213,-0.48870844
15214,-0.5121765
15215,-0.5310974
15216,-0.5420532
15217,-0.5493469
15218,-0.5455017
15219,-0.53796387
15220,-0.5229492
15221,-0.5039673
15222,-0.48269653
15223,-0.45257556
15224,-0.4236145
15225,-0.3814698
15226,-0.3377381
15227,-0.29064935
15228,-0.2406921
15229,-0.19226067
15230,-0.14935301
15231,-0.11740112
15232,-0.09374988
15233,-0.08016963
15234,-0.07650752
15235,-0.0813293
15236,-0.08837892
15237,-0.08898925
15238,-0.08578488
15239,-0.07186892
15240,-0.05191039
15241,-0.034057606
15242,-0.01473999
15243,0.006134022
15244,0.031768776
15245,0.05014036
15246,0.068939194
15247,0.08145145
15248,0.09487918
15249,0.1088562
15250,0.13027951
15251,0.14718623
15252,0.17297362
15253,0.19985962
15254,0.22775266
15255,0.2516174
15256,0.27182007
15257,0.28329468
15258,0.2846985
15259,0.28015137
15260,0.2671814
15261,0.25372314
15262,0.23834229
15263,0.22473145
15264,0.21035767
15265,0.20294191
15266,0.19866942
15267,0.19873042
15268,0.20046997
15269,0.20291139
15270,0.20349124
15271,0.20361328
15272,0.19992062
15273,0.1960754
15274,0.19241333
15275,0.19943237
15276,0.20223995
15277,0.21307369
15278,0.22137451
15279,0.23214716
15280,0.23074341
15281,0.22644044
15282,0.20986938
15283,0.1871338
15284,0.15185545
15285,0.123809814
15286,0.093109146
15287,0.06762698
15288,0.042816177
15289,0.02117911
15290,0.0029907525
15291,-0.016143791
15292,-0.036224313
15293,-0.057403572
15294,-0.08419803
15295,-0.10705571
15296,-0.13012694
15297,-0.15148924
15298,-0.16390994
15299,-0.17016608
15300,-0.16601564
15301,-0.15695195
15302,-0.13983154
15303,-0.12249759
15304,-0.10043335
15305,-0.08880617
15306,-0.07449341
15307,-0.06304932
15308,-0.047454834
15309,-0.037658706
15310,-0.0250244
15311,-0.009490982
15312,0.006866455
15313,0.025756836
15314,0.042602554
15315,0.060729958
15316,0.07223509
15317,0.0826111
15318,0.0817871
15319,0.071777344
15320,0.052429184
15321,0.027709972
15322,0.0023193285
15323,-0.02062989
15324,-0.02853395
15325,-0.03417971
15326,-0.024932861
15327,-0.011047386
15328,0.014892556
15329,0.039154064
15330,0.06503295
15331,0.08172606
15332,0.09497072
15333,0.10253907
15334,0.10171508
15335,0.104614265
15336,0.10418703
15337,0.10803221
15338,0.1151123
15339,0.12661745
15340,0.13699338
15341,0.14468384
15342,0.14569093
15343,0.13766481
15344,0.11914065
15345,0.094055206
15346,0.06802368
15347,0.04248047
15348,0.025360115
15349,0.015625
15350,0.015075684
15351,0.010192871
15352,0.00796508
15353,0.00015258789
15354,-0.003540054
15355,-0.0051879585
15356,-0.0005187839
15357,0.004943855
15358,0.0148315355
15359,0.025970466
15360,0.041778564
15361,0.048309326
15362,0.056945805
15363,0.06369018
15364,0.069122314
15365,0.06991579
15366,0.06948853
15367,0.060882576
15368,0.045013443
15369,0.021881133
15370,-0.008087166
15371,-0.03762816
15372,-0.07043457
15373,-0.0953064
15374,-0.11608885
15375,-0.12295531
15376,-0.13015746
15377,-0.12722778
15378,-0.12234497
15379,-0.11425783
15380,-0.10827637
15381,-0.11090086
15382,-0.11724855
15383,-0.12915039
15384,-0.1429138
15385,-0.15112305
15386,-0.15567015
15387,-0.15032962
15388,-0.14273071
15389,-0.13168335
15390,-0.12701416
15391,-0.1199951
15392,-0.12026979
15393,-0.12081908
15394,-0.13320923
15395,-0.13879395
15396,-0.1453857
15397,-0.1441345
15398,-0.13876341
15399,-0.12924196
15400,-0.11437987
15401,-0.10171509
15402,-0.0871582
15403,-0.07281494
15404,-0.06210327
15405,-0.05819702
15406,-0.05685422
15407,-0.063568145
15408,-0.06613161
15409,-0.06851196
15410,-0.058959946
15411,-0.04907228
15412,-0.026733398
15413,-0.0035400651
15414,0.01550293
15415,0.025817867
15416,0.030639645
15417,0.028533913
15418,0.024444576
15419,0.020111054
15420,0.020080585
15421,0.016143784
15422,0.010040268
15423,0.002258284
15424,-0.0075378157
15425,-0.00915528
15426,-0.0135803
15427,-0.0058288584
15428,-0.009063739
15429,-0.0088500865
15430,-0.01846315
15431,-0.024597172
15432,-0.032165535
15433,-0.032684334
15434,-0.027893055
15435,-0.01693727
15436,-0.00338744
15437,0.010223392
15438,0.026977543
15439,0.033782944
15440,0.03723143
15441,0.028991701
15442,0.023010269
15443,0.009826671
15444,-0.004425034
15445,-0.015502933
15446,-0.0256958
15447,-0.02868653
15448,-0.027832028
15449,-0.018249515
15450,-0.005340591
15451,0.013000488
15452,0.030700695
15453,0.040130623
15454,0.04360962
15455,0.035430916
15456,0.021728532
15457,0.0051269624
15458,-0.009307843
15459,-0.025512684
15460,-0.033325195
15461,-0.046966553
15462,-0.056121837
15463,-0.06658935
15464,-0.07684328
15465,-0.08142089
15466,-0.08792113
15467,-0.090332046
15468,-0.090148926
15469,-0.09469604
15470,-0.091003425
15471,-0.08642577
15472,-0.068328865
15473,-0.048522964
15474,-0.017761223
15475,0.0074768215
15476,0.03067018
15477,0.044769295
15478,0.049804695
15479,0.04351811
15480,0.031799287
15481,0.01882936
15482,0.0073242337
15483,0.003387481
15484,0.00079345703
15485,0.00592041
15486,0.0046691895
15487,0.012756377
15488,0.017883316
15489,0.028625488
15490,0.042663544
15491,0.0502014
15492,0.059326172
15493,0.059997573
15494,0.06665042
15495,0.06695557
15496,0.075836174
15497,0.08441162
15498,0.09863283
15499,0.11056517
15500,0.12081906
15501,0.13290405
15502,0.14248657
15503,0.1572876
15504,0.16336058
15505,0.17959598
15506,0.18853761
15507,0.20425417
15508,0.21185303
15509,0.21981813
15510,0.22387695
15511,0.22592165
15512,0.22845457
15513,0.2353821
15514,0.24218749
15515,0.23812866
15516,0.22799684
15517,0.20578001
15518,0.17651366
15519,0.14639279
15520,0.1195984
15521,0.10174559
15522,0.09829711
15523,0.09927367
15524,0.10614012
15525,0.11889646
15526,0.13085938
15527,0.14807129
15528,0.16314697
15529,0.17489624
15530,0.18197632
15531,0.17593382
15532,0.16995238
15533,0.15664673
15534,0.14486694
15535,0.13162231
15536,0.11444093
15537,0.0965576
15538,0.07052612
15539,0.051849365
15540,0.022613525
15541,-0.0043640286
15542,-0.037200943
15543,-0.06378172
15544,-0.08709716
15545,-0.09564209
15546,-0.09945679
15547,-0.09197999
15548,-0.08190918
15549,-0.07415773
15550,-0.068267815
15551,-0.067352295
15552,-0.06771851
15553,-0.07733156
15554,-0.092254624
15555,-0.11911012
15556,-0.15185544
15557,-0.18908691
15558,-0.2214966
15559,-0.24234007
15560,-0.2546997
15561,-0.25473025
15562,-0.25054932
15563,-0.24197388
15564,-0.23016354
15565,-0.21350096
15566,-0.19274901
15567,-0.169281
15568,-0.15106201
15569,-0.14596558
15570,-0.14019775
15571,-0.14376831
15572,-0.14108275
15573,-0.14062499
15574,-0.14096068
15575,-0.14797974
15576,-0.1636963
15577,-0.18969728
15578,-0.22268672
15579,-0.2637024
15580,-0.30166626
15581,-0.32882687
15582,-0.34158325
15583,-0.34384155
15584,-0.32876587
15585,-0.30133057
15586,-0.26812744
15587,-0.22805786
15588,-0.19570923
15589,-0.16757199
15590,-0.15405275
15591,-0.15148926
15592,-0.15527344
15593,-0.16711426
15594,-0.18438722
15595,-0.19836426
15596,-0.2102356
15597,-0.21166992
15598,-0.2055664
15599,-0.19442749
15600,-0.17474367
15601,-0.15045165
15602,-0.122344986
15603,-0.09555054
15604,-0.065460205
15605,-0.041778564
15606,-0.014007598
15607,0.015533432
15608,0.046661377
15609,0.071502656
15610,0.08505249
15611,0.08282469
15612,0.07980348
15613,0.07342528
15614,0.06790161
15615,0.061553955
15616,0.05575563
15617,0.049133316
15618,0.04971312
15619,0.05984497
15620,0.07855223
15621,0.11312866
15622,0.15982051
15623,0.21502687
15624,0.2637024
15625,0.3063049
15626,0.33590698
15627,0.35882568
15628,0.3685913
15629,0.36694336
15630,0.35379028
15631,0.32452393
15632,0.29370117
15633,0.25592044
15634,0.2253418
15635,0.20401002
15636,0.18847656
15637,0.18536377
15638,0.1895752
15639,0.19720457
15640,0.20669556
15641,0.21466061
15642,0.22265625
15643,0.23855592
15644,0.25003052
15645,0.26489258
15646,0.2715454
15647,0.28076172
15648,0.2758484
15649,0.26489258
15650,0.24716188
15651,0.21466063
15652,0.17819214
15653,0.1440735
15654,0.12094116
15655,0.10974121
15656,0.114166275
15657,0.12539673
15658,0.13919064
15659,0.16238403
15660,0.19158939
15661,0.21942139
15662,0.24261475
15663,0.25213623
15664,0.24853516
15665,0.22845459
15666,0.1921082
15667,0.14666748
15668,0.09716799
15669,0.04730224
15670,0.004760757
15671,-0.029174775
15672,-0.06484981
15673,-0.08807373
15674,-0.10205078
15675,-0.104553215
15676,-0.085021965
15677,-0.056640618
15678,-0.0322876
15679,-0.020111077
15680,-0.014801037
15681,-0.010070816
15682,-0.010650627
15683,-0.011566155
15684,-0.022338837
15685,-0.047027603
15686,-0.08276369
15687,-0.1322632
15688,-0.19003294
15689,-0.25543213
15690,-0.30908203
15691,-0.36428833
15692,-0.39819336
15693,-0.4216919
15694,-0.430542
15695,-0.42382812
15696,-0.40478516
15697,-0.37075806
15698,-0.33605957
15699,-0.3008423
15700,-0.27563477
15701,-0.25677493
15702,-0.24917603
15703,-0.25061035
15704,-0.26412964
15705,-0.27331543
15706,-0.28387454
15707,-0.28216553
15708,-0.27386475
15709,-0.26556396
15710,-0.25460818
15711,-0.25140378
15712,-0.24929813
15713,-0.24484251
15714,-0.23153688
15715,-0.20962526
15716,-0.17797852
15717,-0.14141844
15718,-0.10330199
15719,-0.07910158
15720,-0.07040405
15721,-0.07330325
15722,-0.08016966
15723,-0.08291625
15724,-0.074981675
15725,-0.07315064
15726,-0.0673828
15727,-0.063629135
15728,-0.054626465
15729,-0.039733857
15730,-0.019317627
15731,0.007934555
15732,0.034667954
15733,0.065979004
15734,0.09045407
15735,0.12316896
15736,0.14141844
15737,0.14974973
15738,0.1624756
15739,0.16525272
15740,0.1642151
15741,0.16293335
15742,0.1505432
15743,0.13604738
15744,0.12557983
15745,0.119964615
15746,0.11242675
15747,0.10437013
15748,0.102386475
15749,0.09429932
15750,0.09661864
15751,0.10070802
15752,0.11669922
15753,0.14071657
15754,0.172699
15755,0.21463013
15756,0.25335693
15757,0.29742432
15758,0.32614133
15759,0.34664917
15760,0.36312866
15761,0.3701477
15762,0.36602783
15763,0.35928345
15764,0.3430481
15765,0.32617188
15766,0.3112793
15767,0.29718018
15768,0.27767944
15769,0.25170898
15770,0.21725467
15771,0.17077637
15772,0.12646486
15773,0.08343506
15774,0.048858643
15775,0.017272962
15776,-0.00036617368
15777,-0.014190696
15778,-0.024719208
15779,-0.048553497
15780,-0.06976323
15781,-0.09613034
15782,-0.1333618
15783,-0.16632083
15784,-0.20065309
15785,-0.23168945
15786,-0.2514954
15787,-0.26809692
15788,-0.28286743
15789,-0.30142218
15790,-0.32550043
15791,-0.34051514
15792,-0.36016846
15793,-0.3663635
15794,-0.3718566
15795,-0.36486816
15796,-0.35653687
15797,-0.3334961
15798,-0.3100891
15799,-0.28634644
15800,-0.25979614
15801,-0.23837279
15802,-0.21548462
15803,-0.19024654
15804,-0.16839601
15805,-0.14260866
15806,-0.11224367
15807,-0.079589844
15808,-0.042724602
15809,-0.0048217624
15810,0.028411865
15811,0.057281516
15812,0.08663936
15813,0.11965939
15814,0.15344238
15815,0.1913757
15816,0.2234802
15817,0.2539673
15818,0.28024295
15819,0.30377194
15820,0.3145752
15821,0.30993652
15822,0.29455563
15823,0.26651004
15824,0.2361145
15825,0.20373535
15826,0.17263792
15827,0.14184573
15828,0.11404419
15829,0.08102418
15830,0.04736327
15831,0.017456044
15832,-0.01104736
15833,-0.022369336
15834,-0.021972701
15835,-0.008728042
15836,0.012512181
15837,0.04040523
15838,0.059081975
15839,0.06921387
15840,0.06872558
15841,0.06478881
15842,0.054840058
15843,0.050933853
15844,0.05044554
15845,0.060638443
15846,0.0669861
15847,0.07183835
15848,0.07800293
15849,0.082611084
15850,0.09439087
15851,0.1083374
15852,0.121398926
15853,0.13134767
15854,0.14285278
15855,0.15032963
15856,0.15374753
15857,0.14108275
15858,0.12506104
15859,0.09103392
15860,0.055480927
15861,0.009918213
15862,-0.034301765
15863,-0.08312988
15864,-0.11849974
15865,-0.13989258
15866,-0.14794923
15867,-0.13711548
15868,-0.11407474
15869,-0.07836917
15870,-0.040985093
15871,-0.0065307543
15872,0.017791755
15873,0.03363037
15874,0.03451535
15875,0.030120846
15876,0.022796623
15877,0.0139159635
15878,0.006103605
15879,-0.006347671
15880,-0.024597123
15881,-0.048614427
15882,-0.06631461
15883,-0.079772905
15884,-0.085510254
15885,-0.09054567
15886,-0.08761597
15887,-0.08389282
15888,-0.07867432
15889,-0.07614137
15890,-0.076110855
15891,-0.08157349
15892,-0.089294404
15893,-0.09390259
15894,-0.10070799
15895,-0.10324098
15896,-0.102752686
15897,-0.105011
15898,-0.105712876
15899,-0.113647535
15900,-0.11730948
15901,-0.11758421
15902,-0.11560054
15903,-0.11282344
15904,-0.10028068
15905,-0.07592772
15906,-0.041931137
15907,-0.0014038011
15908,0.040374786
15909,0.07400514
15910,0.10400391
15911,0.12115479
15912,0.1263733
15913,0.12265018
15914,0.11328124
15915,0.1032715
15916,0.09542845
15917,0.08938597
15918,0.08654785
15919,0.08636473
15920,0.080078125
15921,0.078430206
15922,0.072906464
15923,0.076812744
15924,0.080566406
15925,0.092498735
15926,0.10217281
15927,0.111633316
15928,0.11651616
15929,0.114013664
15930,0.10232544
15931,0.08248903
15932,0.05926512
15933,0.021240234
15934,-0.01889038
15935,-0.0674133
15936,-0.11059572
15937,-0.15628052
15938,-0.19244386
15939,-0.22885133
15940,-0.25369263
15941,-0.2732849
15942,-0.27868652
15943,-0.27334592
15944,-0.26077276
15945,-0.25054932
15946,-0.2383118
15947,-0.2244263
15948,-0.21740729
15949,-0.21231082
15950,-0.22009277
15951,-0.22949222
15952,-0.24154663
15953,-0.24389647
15954,-0.2442322
15955,-0.23089598
15956,-0.20895386
15957,-0.17828368
15958,-0.1477051
15959,-0.11660766
15960,-0.082550034
15961,-0.044708267
15962,-0.007080078
15963,0.031311065
15964,0.06680297
15965,0.09667974
15966,0.11761472
15967,0.12689209
15968,0.13342282
15969,0.13757321
15970,0.1401367
15971,0.13946532
15972,0.13558958
15973,0.13034056
15974,0.12384032
15975,0.116638176
15976,0.10562133
15977,0.10073852
15978,0.101348855
15979,0.11126707
15980,0.12368772
15981,0.13964845
15982,0.14422609
15983,0.14828491
15984,0.13861084
15985,0.12570189
15986,0.10876465
15987,0.088562
15988,0.07220462
15989,0.058441132
15990,0.04977417
15991,0.037811264
15992,0.032348633
15993,0.02764891
15994,0.032775864
15995,0.044616714
15996,0.062408432
15997,0.080841094
15998,0.098785415
15999,0.112976074
16000,0.118652344
16001,0.117218
16002,0.10583496
16003,0.09313963
16004,0.0770874
16005,0.06744385
16006,0.06173706
16007,0.061096184
16008,0.056518562
16009,0.05059816
16010,0.044738792
16011,0.044586174
16012,0.043823257
16013,0.044403087
16014,0.042175278
16015,0.039154056
16016,0.041259766
16017,0.037078865
16018,0.036926292
16019,0.028533936
16020,0.028015122
16021,0.018829344
16022,0.007904054
16023,-0.009002699
16024,-0.028228767
16025,-0.05429077
16026,-0.07910155
16027,-0.10458374
16028,-0.12054443
16029,-0.12783813
16030,-0.12619017
16031,-0.11624146
16032,-0.10476687
16033,-0.087371826
16034,-0.07104492
16035,-0.05032348
16036,-0.029510513
16037,-0.01586913
16038,-0.009002671
16039,-0.011566162
16040,-0.016632065
16041,-0.018798828
16042,-0.016998291
16043,-0.012481704
16044,-0.0027771145
16045,0.009063736
16046,0.024261475
16047,0.038604744
16048,0.05218509
16049,0.059509248
16050,0.0686035
16051,0.07583618
16052,0.087310806
16053,0.09234616
16054,0.09454343
16055,0.08694458
16056,0.07287598
16057,0.059417695
16058,0.042785652
16059,0.033020012
16060,0.022949204
16061,0.022064194
16062,0.02246093
16063,0.02368164
16064,0.019927973
16065,0.016876237
16066,0.015808119
16067,0.019134527
16068,0.028594993
16069,0.04278565
16070,0.061279297
16071,0.07510376
16072,0.08282471
16073,0.07952882
16074,0.073089585
16075,0.060577378
16076,0.041717544
16077,0.017028816
16078,-0.010894768
16079,-0.038970962
16080,-0.06500242
16081,-0.08200075
16082,-0.09661866
16083,-0.100311264
16084,-0.10876466
16085,-0.11279297
16086,-0.12405397
16087,-0.13400266
16088,-0.14141846
16089,-0.14566042
16090,-0.14544678
16091,-0.14358523
16092,-0.1428528
16093,-0.14608765
16094,-0.15838623
16095,-0.18380739
16096,-0.20986938
16097,-0.23428343
16098,-0.24417113
16099,-0.24606323
16100,-0.23367307
16101,-0.22058105
16102,-0.20211792
16103,-0.1812439
16104,-0.1567688
16105,-0.13009642
16106,-0.10211183
16107,-0.07006835
16108,-0.034210213
16109,0.00048826635
16110,0.02719117
16111,0.043212883
16112,0.042755134
16113,0.032775864
16114,0.020172104
16115,0.013641372
16116,0.011596665
16117,0.018493652
16118,0.019378662
16119,0.02249147
16120,0.016632095
16121,0.008422852
16122,-0.001312267
16123,-0.0033874363
16124,0.006195046
16125,0.02606202
16126,0.058807373
16127,0.095550545
16128,0.14831543
16129,0.20999147
16130,0.27590942
16131,0.3373412
16132,0.38983145
16133,0.4415283
16134,0.48199457
16135,0.5134888
16136,0.5319213
16137,0.5444946
16138,0.54641736
16139,0.5429077
16140,0.5221557
16141,0.48696905
16142,0.43429554
16143,0.3649597
16144,0.2816162
16145,0.19067383
16146,0.092224136
16147,-0.016113296
16148,-0.123809755
16149,-0.23477179
16150,-0.33511358
16151,-0.4372558
16152,-0.52249146
16153,-0.60232544
16154,-0.672699
16155,-0.7368163
16156,-0.787506
16157,-0.8247681
16158,-0.84503156
16159,-0.848175
16160,-0.8293457
16161,-0.7810364
16162,-0.7089843
16163,-0.61309826
16164,-0.500183
16165,-0.36889642
16166,-0.23217773
16167,-0.09210205
16168,0.03674318
16169,0.1531372
16170,0.25137326
16171,0.33361816
16172,0.3936462
16173,0.42471308
16174,0.43124396
16175,0.42456067
16176,0.4131164
16177,0.39843756
16178,0.38705438
16179,0.3678588
16180,0.34500134
16181,0.30953985
16182,0.27276602
16183,0.22821037
16184,0.19296275
16185,0.1589965
16186,0.13415517
16187,0.108795166
16188,0.084930435
16189,0.05718994
16190,0.027008053
16191,-0.008178715
16192,-0.045013465
16193,-0.08554073
16194,-0.13497916
16195,-0.18164065
16196,-0.22521971
16197,-0.25442505
16198,-0.2644957
16199,-0.2693177
16200,-0.25955203
16201,-0.2373962
16202,-0.2070618
16203,-0.1716309
16204,-0.14111324
16205,-0.121520996
16206,-0.109130844
16207,-0.1043701
16208,-0.10220334
16209,-0.093872085
16210,-0.07806396
16211,-0.04888916
16212,-0.0006408766
16213,0.06835939
16214,0.14904782
16215,0.24517827
16216,0.34512335
16217,0.46130374
16218,0.5691223
16219,0.66989124
16220,0.7488708
16221,0.8133849
16222,0.8553161
16223,0.8826295
16224,0.90005475
16225,0.9032287
16226,0.8930055
16227,0.8583069
16228,0.80065906
16229,0.7124635
16230,0.603485
16231,0.46896356
16232,0.32455444
16233,0.17315674
16234,0.033630356
16235,-0.08959961
16236,-0.19122308
16237,-0.2665101
16238,-0.31549078
16239,-0.3372497
16240,-0.34381106
16241,-0.3432924
16242,-0.34338388
16243,-0.33526608
16244,-0.32696527
16245,-0.3123474
16246,-0.29122925
16247,-0.26507562
16248,-0.24047838
16249,-0.21640013
16250,-0.19943248
16251,-0.17907713
16252,-0.16040036
16253,-0.1413269
16254,-0.12207031
16255,-0.108062744
16256,-0.105407685
16257,-0.11193847
16258,-0.13055414
16259,-0.15341197
16260,-0.17877215
16261,-0.21505731
16262,-0.2506408
16263,-0.29434192
16264,-0.34759533
16265,-0.40280128
16266,-0.4592895
16267,-0.5166018
16268,-0.56353736
16269,-0.5960387
16270,-0.6122438
16271,-0.60180676
16272,-0.5684508
16273,-0.50994897
16274,-0.434021
16275,-0.34707636
16276,-0.2554016
16277,-0.16696166
16278,-0.0932312
16279,-0.036254898
16280,0.0047912598
16281,0.024932891
16282,0.026885957
16283,0.007019013
16284,-0.02874747
16285,-0.070892245
16286,-0.10342404
16287,-0.13531482
16288,-0.15274054
16289,-0.16522232
16290,-0.17852765
16291,-0.18762198
16292,-0.19827273
16293,-0.20275879
16294,-0.20715329
16295,-0.20687866
16296,-0.20935065
16297,-0.20846567
16298,-0.21249396
16299,-0.21237189
16300,-0.21481317
16301,-0.21520993
16302,-0.21322627
16303,-0.21319568
16304,-0.21557608
16305,-0.21789551
16306,-0.2137451
16307,-0.20028685
16308,-0.17251569
16309,-0.14624031
16310,-0.10815431
16311,-0.056640558
16312,-0.0020447224
16313,0.056762613
16314,0.1121521
16315,0.16223139
16316,0.2066956
16317,0.24856564
16318,0.2943726
16319,0.3503418
16320,0.40823367
16321,0.46633917
16322,0.5221862
16323,0.5679016
16324,0.60433954
16325,0.625885
16326,0.63632214
16327,0.6355896
16328,0.63198847
16329,0.6256714
16330,0.6221924
16331,0.61648554
16332,0.6081543
16333,0.59127814
16334,0.5637816
16335,0.52545154
16336,0.486969
16337,0.44760132
16338,0.4117127
16339,0.38192755
16340,0.35845947
16341,0.34140015
16342,0.32623294
16343,0.31301886
16344,0.29666135
16345,0.2809143
16346,0.26528925
16347,0.2568054
16348,0.25186157
16349,0.25299072
16350,0.2589721
16351,0.26876825
16352,0.27774045
16353,0.28997797
16354,0.29443362
16355,0.29391485
16356,0.28802484
16357,0.26812738
16358,0.24627687
16359,0.21987912
16360,0.19641115
16361,0.17117311
16362,0.1503296
16363,0.13131717
16364,0.11840824
16365,0.10513309
16366,0.09686278
16367,0.085205086
16368,0.06976314
16369,0.05618283
16370,0.035125732
16371,0.018035874
16372,-0.0065612644
16373,-0.036376953
16374,-0.08047491
16375,-0.12597647
16376,-0.18670651
16377,-0.25680548
16378,-0.33157343
16379,-0.4065246
16380,-0.47583002
16381,-0.5363464
16382,-0.5834352
16383,-0.6262206
16384,-0.6631164
16385,-0.7041322
16386,-0.739624
16387,-0.7761231
16388,-0.8039855
16389,-0.8251952
16390,-0.8348998
16391,-0.8304442
16392,-0.8147888
16393,-0.78771967
16394,-0.756958
16395,-0.7231751
16396,-0.69039917
16397,-0.6615905
16398,-0.6366577
16399,-0.6113282
16400,-0.58663934
16401,-0.56024164
16402,-0.5316771
16403,-0.50231934
16404,-0.47262582
16405,-0.4464416
16406,-0.42132562
16407,-0.40185556
16408,-0.37954718
16409,-0.35589606
16410,-0.32528687
16411,-0.28796384
16412,-0.24719232
16413,-0.20376581
16414,-0.16146849
16415,-0.116729766
16416,-0.07092284
16417,-0.01626581
16418,0.039550804
16419,0.10192865
16420,0.16268922
16421,0.2289429
16422,0.28790277
16423,0.35601804
16424,0.4163818
16425,0.47228998
16426,0.5153504
16427,0.5542907
16428,0.58074945
16429,0.6026001
16430,0.611084
16431,0.61297613
16432,0.60119617
16433,0.5791626
16434,0.5545348
16435,0.513092
16436,0.47479248
16437,0.42687988
16438,0.38394165
16439,0.34155276
16440,0.30654907
16441,0.27636713
16442,0.25927734
16443,0.249054
16444,0.2450256
16445,0.24514768
16446,0.24508661
16447,0.249237
16448,0.24734502
16449,0.250885
16450,0.25125116
16451,0.26098633
16452,0.26412964
16453,0.27783203
16454,0.2816772
16455,0.28930664
16456,0.28875723
16457,0.28366086
16458,0.26950073
16459,0.24932855
16460,0.22467041
16461,0.19143683
16462,0.16082762
16463,0.1292724
16464,0.103698716
16465,0.081207305
16466,0.06771846
16467,0.047882065
16468,0.032440126
16469,0.017791674
16470,0.005462691
16471,-0.006713882
16472,-0.021514907
16473,-0.03295897
16474,-0.047119096
16475,-0.06161493
16476,-0.07455436
16477,-0.08865353
16478,-0.100860596
16479,-0.10946654
16480,-0.11859135
16481,-0.12191765
16482,-0.12371829
16483,-0.12792975
16484,-0.13150023
16485,-0.13638306
16486,-0.14163208
16487,-0.15286255
16488,-0.16293335
16489,-0.18209839
16490,-0.20217896
16491,-0.22744751
16492,-0.24642947
16493,-0.2738342
16494,-0.29821777
16495,-0.3340454
16496,-0.35769653
16497,-0.37869263
16498,-0.38253772
16499,-0.37176514
16500,-0.355133
16501,-0.3230286
16502,-0.2867432
16503,-0.24621573
16504,-0.20321658
16505,-0.16372687
16506,-0.12664795
16507,-0.09716797
16508,-0.07495117
16509,-0.06216432
16510,-0.060699448
16511,-0.066925064
16512,-0.07165526
16513,-0.08203125
16514,-0.079132065
16515,-0.075592026
16516,-0.062622085
16517,-0.051513687
16518,-0.0355835
16519,-0.024902359
16520,-0.012176562
16521,-0.0028991662
16522,0.007934567
16523,0.017059304
16524,0.026824988
16525,0.03262325
16526,0.037170418
16527,0.046752967
16528,0.05340578
16529,0.06298828
16530,0.06314088
16531,0.063018784
16532,0.049896255
16533,0.045654282
16534,0.036132827
16535,0.031524673
16536,0.025360107
16537,0.028442398
16538,0.032928452
16539,0.042968735
16540,0.053009003
16541,0.057922363
16542,0.05645746
16543,0.04241945
16544,0.028320312
16545,-0.0004272461
16546,-0.025451623
16547,-0.056152396
16548,-0.0792236
16549,-0.105133
16550,-0.119903594
16551,-0.13815306
16552,-0.14385986
16553,-0.14743039
16554,-0.13558961
16555,-0.11340331
16556,-0.0894165
16557,-0.05426028
16558,-0.026824951
16559,0.0072936937
16560,0.029083237
16561,0.054443344
16562,0.06991577
16563,0.08856201
16564,0.10003657
16565,0.1109314
16566,0.11383053
16567,0.114410415
16568,0.11376953
16569,0.11648552
16570,0.116668746
16571,0.11648567
16572,0.11349487
16573,0.110260025
16574,0.10598755
16575,0.101470955
16576,0.11056518
16577,0.11871339
16578,0.13354494
16579,0.14413449
16580,0.14913939
16581,0.14443973
16582,0.14068604
16583,0.12835693
16584,0.12020874
16585,0.11740114
16586,0.12304686
16587,0.13415527
16588,0.14941406
16589,0.16415404
16590,0.17407224
16591,0.18267824
16592,0.18316653
16593,0.1841431
16594,0.1767578
16595,0.17285155
16596,0.17544557
16597,0.18109132
16598,0.1875
16599,0.19180298
16600,0.1965332
16601,0.18746947
16602,0.17877197
16603,0.1571045
16604,0.14065552
16605,0.11795044
16606,0.099670395
16607,0.092010505
16608,0.091918945
16609,0.106231675
16610,0.11016846
16611,0.117828354
16612,0.115875214
16613,0.11090091
16614,0.09713743
16615,0.0836792
16616,0.052612312
16617,0.022918716
16618,-0.019378655
16619,-0.05987549
16620,-0.11657713
16621,-0.1749268
16622,-0.23187254
16623,-0.28308105
16624,-0.31878662
16625,-0.34310913
16626,-0.35281372
16627,-0.3449707
16628,-0.33319095
16629,-0.32492065
16630,-0.32192993
16631,-0.31906128
16632,-0.31567383
16633,-0.30847168
16634,-0.29962155
16635,-0.28909302
16636,-0.2772827
16637,-0.26446533
16638,-0.24243164
16639,-0.21731566
16640,-0.18716429
16641,-0.15527345
16642,-0.1245117
16643,-0.097625725
16644,-0.080749504
16645,-0.0592346
16646,-0.043579116
16647,-0.020050041
16648,-0.009063713
16649,0.0046081617
16650,0.013458267
16651,0.009643547
16652,-0.002044659
16653,-0.01864624
16654,-0.034149185
16655,-0.04144287
16656,-0.03854368
16657,-0.02816774
16658,-0.00772091
16659,0.01065065
16660,0.04397583
16661,0.070892364
16662,0.10638429
16663,0.13458252
16664,0.1706543
16665,0.20132446
16666,0.22512816
16667,0.2501526
16668,0.27191165
16669,0.29434204
16670,0.31808475
16671,0.32989502
16672,0.3424683
16673,0.34005737
16674,0.3360901
16675,0.31256104
16676,0.2911682
16677,0.2553711
16678,0.22940065
16679,0.19830321
16680,0.17416385
16681,0.15106201
16682,0.13287354
16683,0.11578369
16684,0.1048584
16685,0.09555054
16686,0.09698485
16687,0.11090088
16688,0.13644409
16689,0.16558836
16690,0.18814087
16691,0.20129396
16692,0.21438599
16693,0.21099854
16694,0.2043457
16695,0.19741824
16696,0.18798827
16697,0.1680298
16698,0.14456175
16699,0.10818482
16700,0.06945799
16701,0.020477295
16702,-0.023864724
16703,-0.06369016
16704,-0.1040955
16705,-0.13967896
16706,-0.1729736
16707,-0.20693967
16708,-0.24194336
16709,-0.26559448
16710,-0.28085327
16711,-0.28915405
16712,-0.2937622
16713,-0.29699707
16714,-0.29959106
16715,-0.2966919
16716,-0.2987671
16717,-0.28930664
16718,-0.2849121
16719,-0.2715149
16720,-0.2720337
16721,-0.27062982
16722,-0.27926636
16723,-0.2893982
16724,-0.30294803
16725,-0.31414798
16726,-0.3297119
16727,-0.34024048
16728,-0.35992432
16729,-0.38150024
16730,-0.40737915
16731,-0.4404602
16732,-0.47018433
16733,-0.50128174
16734,-0.5260925
16735,-0.54052734
16736,-0.55389404
16737,-0.54681396
16738,-0.5357971
16739,-0.51379395
16740,-0.48812866
16741,-0.44058228
16742,-0.38940433
16743,-0.31692505
16744,-0.25634766
16745,-0.19079588
16746,-0.14132693
16747,-0.09140016
16748,-0.05007933
16749,-0.0065612793
16750,0.02853395
16751,0.0704651
16752,0.10278319
16753,0.12866212
16754,0.14315796
16755,0.14611818
16756,0.14852905
16757,0.15090942
16758,0.15866089
16759,0.16622925
16760,0.18191528
16761,0.19705199
16762,0.2204895
16763,0.24505615
16764,0.27716064
16765,0.31088254
16766,0.34762573
16767,0.39105225
16768,0.4328003
16769,0.47579956
16770,0.5168152
16771,0.5580139
16772,0.5942993
16773,0.6326294
16774,0.6648254
16775,0.6898193
16776,0.7024535
16777,0.7098389
16778,0.70706177
16779,0.69485486
16780,0.68280035
16781,0.66238415
16782,0.64276123
16783,0.60983276
16784,0.5741272
16785,0.519104
16786,0.46084595
16787,0.3908081
16788,0.33163452
16789,0.28204346
16790,0.24383545
16791,0.21609497
16792,0.18588255
16793,0.15759277
16794,0.12396236
16795,0.09542844
16796,0.06579593
16797,0.045196563
16798,0.023284957
16799,0.01449582
16800,0.004791245
16801,-0.00036627054
16802,-0.004303023
16803,-0.008178741
16804,-0.015472397
16805,-0.025054932
16806,-0.03674315
16807,-0.054016083
16808,-0.0647888
16809,-0.07287596
16810,-0.067016594
16811,-0.05923462
16812,-0.043884277
16813,-0.03805539
16814,-0.032562256
16815,-0.038513184
16816,-0.047424346
16817,-0.06942752
16818,-0.0918884
16819,-0.12536621
16820,-0.16705316
16821,-0.22140507
16822,-0.29119873
16823,-0.37338263
16824,-0.4776001
16825,-0.587555
16826,-0.7021791
16827,-0.80578613
16828,-0.89193714
16829,-0.9559326
16830,-1.0000001
16831,-1.031128
16832,-1.0587465
16833,-1.0889894
16834,-1.1116942
16835,-1.1310425
16836,-1.1229858
16837,-1.1003419
16838,-1.04599
16839,-0.9797059
16840,-0.8931885
16841,-0.7992859
16842,-0.68695056
16843,-0.5753479
16844,-0.44940186
16845,-0.31628424
16846,-0.17373656
16847,-0.030059844
16848,0.11013794
16849,0.24035652
16850,0.36202997
16851,0.472168
16852,0.5697633
16853,0.65332043
16854,0.7098084
16855,0.7479248
16856,0.7645875
16857,0.7698975
16858,0.77114874
16859,0.76916516
16860,0.7631837
16861,0.75634766
16862,0.74856555
16863,0.7419127
16864,0.7378539
16865,0.7211305
16866,0.6958619
16867,0.6530763
16868,0.60824585
16869,0.554535
16870,0.5046387
16871,0.44970703
16872,0.39193726
16873,0.33090207
16874,0.26846313
16875,0.20788576
16876,0.15618898
16877,0.11730963
16878,0.08737177
16879,0.06838986
16880,0.04385376
16881,0.020141602
16882,-0.015563965
16883,-0.047210634
16884,-0.077423155
16885,-0.09976204
16886,-0.11279313
16887,-0.11239618
16888,-0.09811407
16889,-0.07760614
16890,-0.043426424
16891,-0.0030516386
16892,0.04681398
16893,0.08956905
16894,0.12997437
16895,0.16036987
16896,0.18795778
16897,0.21234134
16898,0.24423221
16899,0.282898
16900,0.31924427
16901,0.35324097
16902,0.35922238
16903,0.3475952
16904,0.30526724
16905,0.2533875
16906,0.18487558
16907,0.109863356
16908,0.01959236
16909,-0.07412733
16910,-0.17755131
16911,-0.28448495
16912,-0.40667725
16913,-0.52560425
16914,-0.6412659
16915,-0.7338563
16916,-0.800537
16917,-0.8357849
16918,-0.83825696
16919,-0.8170778
16920,-0.77502453
16921,-0.72012335
16922,-0.6595764
16923,-0.5950928
16924,-0.52923584
16925,-0.4626466
16926,-0.3937074
16927,-0.3266297
16928,-0.26333612
16929,-0.20907588
16930,-0.16470318
16931,-0.12564096
16932,-0.095245406
16933,-0.07092291
16934,-0.059051454
16935,-0.052490234
16936,-0.053741574
16937,-0.051849335
16938,-0.048065186
16939,-0.04223627
16940,-0.035888672
16941,-0.032226622
16942,-0.03363043
16943,-0.04171765
16944,-0.050231725
16945,-0.055419832
16946,-0.037750185
16947,-0.0076293647
16948,0.04623413
16949,0.09994489
16950,0.15972894
16951,0.21560672
16952,0.2768251
16953,0.3373719
16954,0.4023438
16955,0.4675293
16956,0.5378417
16957,0.6035155
16958,0.6576538
16959,0.6929932
16960,0.7073974
16961,0.70050055
16962,0.67175305
16963,0.6278688
16964,0.5671082
16965,0.49325556
16966,0.41610724
16967,0.33441174
16968,0.25930798
16969,0.18994153
16970,0.12606826
16971,0.06491074
16972,0.008026004
16973,-0.04220596
16974,-0.08538842
16975,-0.1216124
16976,-0.1533202
16977,-0.1836853
16978,-0.2059021
16979,-0.2236633
16980,-0.23684682
16981,-0.24871826
16982,-0.26113898
16983,-0.27514654
16984,-0.28955072
16985,-0.3031922
16986,-0.31216428
16987,-0.31890866
16988,-0.31890878
16989,-0.32000735
16990,-0.32183835
16991,-0.32965088
16992,-0.3357544
16993,-0.34237665
16994,-0.3409119
16995,-0.33041388
16996,-0.30450445
16997,-0.26895148
16998,-0.22048958
16999,-0.1644897
17000,-0.10525513
17001,-0.041198745
17002,0.02368164
17003,0.09231563
17004,0.15679932
17005,0.22134398
17006,0.27743527
17007,0.32897955
17008,0.3642273
17009,0.39389044
17010,0.40676874
17011,0.41122437
17012,0.3970031
17013,0.3718567
17014,0.33627313
17015,0.30313122
17016,0.2683716
17017,0.23587039
17018,0.20245364
17019,0.16659537
17020,0.12942499
17021,0.097015366
17022,0.06134037
17023,0.030853264
17024,0.00039672852
17025,-0.019317672
17026,-0.036132783
17027,-0.04431152
17028,-0.05087287
17029,-0.049285896
17030,-0.04864502
17031,-0.039001435
17032,-0.033172622
17033,-0.023620665
17034,-0.019439727
17035,-0.014770508
17036,-0.016693175
17037,-0.0144652575
17038,-0.013458192
17039,-0.009674013
17040,-0.003967166
17041,0.008392215
17042,0.025695711
17043,0.050598145
17044,0.07763675
17045,0.099243134
17046,0.12097165
17047,0.13391113
17048,0.13754278
17049,0.12899783
17050,0.1158447
17051,0.094299376
17052,0.07546997
17053,0.054199234
17054,0.039367676
17055,0.025909394
17056,0.014343269
17057,0.0073242337
17058,0.0028381534
17059,-0.0023193732
17060,-0.0057067424
17061,-0.010040283
17062,-0.017364502
17063,-0.020050026
17064,-0.027831957
17065,-0.041351385
17066,-0.06130974
17067,-0.0874023
17068,-0.12255849
17069,-0.16055295
17070,-0.19570929
17071,-0.23260504
17072,-0.2617492
17073,-0.28732306
17074,-0.2993774
17075,-0.30908203
17076,-0.30422974
17077,-0.29742432
17078,-0.28131104
17079,-0.26071167
17080,-0.2410583
17081,-0.22708137
17082,-0.22412103
17083,-0.23013312
17084,-0.2460023
17085,-0.26300043
17086,-0.282196
17087,-0.29794317
17088,-0.30462644
17089,-0.30065912
17090,-0.29113764
17091,-0.27276605
17092,-0.24969487
17093,-0.22338872
17094,-0.1914062
17095,-0.1606751
17096,-0.12484744
17097,-0.09075934
17098,-0.05706787
17099,-0.022582963
17100,0.017303497
17101,0.05505372
17102,0.09844966
17103,0.13946536
17104,0.171936
17105,0.19989015
17106,0.22033694
17107,0.23333742
17108,0.24057001
17109,0.2454224
17110,0.2477417
17111,0.2540893
17112,0.25765988
17113,0.26657102
17114,0.27313235
17115,0.28616333
17116,0.2896118
17117,0.29440314
17118,0.28411865
17119,0.27459714
17120,0.25479126
17121,0.23794557
17122,0.2168274
17123,0.19799802
17124,0.17678833
17125,0.16052249
17126,0.14013669
17127,0.12225342
17128,0.10198976
17129,0.07910155
17130,0.060058534
17131,0.043914825
17132,0.034423828
17133,0.025085434
17134,0.022247255
17135,0.011627182
17136,0.0007019341
17137,-0.014312729
17138,-0.032409698
17139,-0.053497285
17140,-0.078643814
17141,-0.10586549
17142,-0.13583374
17143,-0.16784668
17144,-0.19949341
17145,-0.23043822
17146,-0.25274658
17147,-0.2677612
17148,-0.2650757
17149,-0.25061035
17150,-0.21978755
17151,-0.18344119
17152,-0.14053346
17153,-0.101867646
17154,-0.071655266
17155,-0.053863544
17156,-0.039245643
17157,-0.033447288
17158,-0.0283508
17159,-0.026702873
17160,-0.018493712
17161,-0.008422799
17162,0.008789077
17163,0.025756858
17164,0.048492424
17165,0.062744126
17166,0.0718689
17167,0.06997682
17168,0.06405638
17169,0.04916379
17170,0.039154034
17171,0.028228767
17172,0.023040768
17173,0.019531228
17174,0.014373794
17175,0.00772094
17176,-0.0031432956
17177,-0.016998276
17178,-0.0330505
17179,-0.051696762
17180,-0.06774901
17181,-0.08786012
17182,-0.099670425
17183,-0.11468504
17184,-0.11688232
17185,-0.1231079
17186,-0.120880134
17187,-0.12042235
17188,-0.11199952
17189,-0.10421751
17190,-0.09674072
17191,-0.09463502
17192,-0.099731445
17193,-0.1116333
17194,-0.13095094
17195,-0.15307617
17196,-0.17480469
17197,-0.18908691
17198,-0.19921878
17199,-0.2008667
17200,-0.19827269
17201,-0.18832396
17202,-0.1833496
17203,-0.17599484
17204,-0.17364502
17205,-0.17294312
17206,-0.16879271
17207,-0.15338135
17208,-0.13378906
17209,-0.096588135
17210,-0.058746308
17211,-0.010070771
17212,0.029327393
17213,0.0664978
17214,0.08917236
17215,0.105651855
17216,0.106658936
17217,0.10269165
17218,0.09805298
17219,0.094940215
17220,0.10015872
17221,0.1133728
17222,0.1303711
17223,0.14953615
17224,0.1655884
17225,0.17907715
17226,0.18353273
17227,0.18603516
17228,0.18304443
17229,0.18188477
17230,0.17953491
17231,0.18432619
17232,0.18963623
17233,0.20336914
17234,0.21624754
17235,0.23269653
17236,0.24734497
17237,0.26071167
17238,0.2748413
17239,0.28775024
17240,0.30792236
17241,0.32617188
17242,0.35287476
17243,0.37289432
17244,0.39382935
17245,0.40377802
17246,0.41339108
17247,0.4172058
17248,0.418396
17249,0.41680908
17250,0.4043274
17251,0.3858032
17252,0.35766602
17253,0.3260498
17254,0.29205322
17255,0.2583618
17256,0.2305298
17257,0.21115112
17258,0.1977539
17259,0.19259644
17260,0.19946289
17261,0.20660402
17262,0.21588135
17263,0.21920775
17264,0.22106934
17265,0.21435548
17266,0.21023563
17267,0.20178223
17268,0.19747923
17269,0.18917842
17270,0.1852417
17271,0.17724611
17272,0.16644287
17273,0.1425476
17274,0.11389163
17275,0.06991579
17276,0.025054924
17277,-0.028198268
17278,-0.07409668
17279,-0.11468507
17280,-0.14556888
17281,-0.17080688
17282,-0.18624878
17283,-0.19845584
17284,-0.21710208
17285,-0.23162842
17286,-0.25546265
17287,-0.2746277
17288,-0.29885864
17289,-0.31845093
17290,-0.34106445
17291,-0.35772705
17292,-0.3793335
17293,-0.39846802
17294,-0.41680905
17295,-0.4335327
17296,-0.4486084
17297,-0.46261597
17298,-0.46990967
17299,-0.47381586
17300,-0.46868896
17301,-0.46377563
17302,-0.45159912
17303,-0.44204712
17304,-0.43374634
17305,-0.43341064
17306,-0.4387207
17307,-0.4456787
17308,-0.45959473
17309,-0.46368408
17310,-0.47061154
17311,-0.46359253
17312,-0.4597168
17313,-0.44866943
17314,-0.44656372
17315,-0.44052124
17316,-0.43920895
17317,-0.42236328
17318,-0.40109253
17319,-0.36956787
17320,-0.33868408
17321,-0.30316156
17322,-0.27218628
17323,-0.24594116
17324,-0.22201538
17325,-0.20397949
17326,-0.1930542
17327,-0.18203735
17328,-0.1689758
17329,-0.1510315
17330,-0.12393186
17331,-0.09130862
17332,-0.057006836
17333,-0.022094741
17334,0.013885498
17335,0.045990005
17336,0.07577516
17337,0.09927367
17338,0.12335202
17339,0.14492798
17340,0.17324829
17341,0.20272827
17342,0.23202516
17343,0.25964355
17344,0.2804871
17345,0.2973938
17346,0.30636597
17347,0.3168335
17348,0.32174683
17349,0.33322147
17350,0.34677124
17351,0.36325073
17352,0.3802795
17353,0.3925476
17354,0.4038086
17355,0.4104919
17356,0.41851804
17357,0.42575073
17358,0.44082642
17359,0.45385742
17360,0.47097772
17361,0.480896
17362,0.4864807
17363,0.4890442
17364,0.48382568
17365,0.47436523
17366,0.45501715
17367,0.43325806
17368,0.401062
17369,0.37036133
17370,0.33441162
17371,0.30508423
17372,0.272583
17373,0.24301146
17374,0.21401976
17375,0.18099979
17376,0.15390016
17377,0.121856675
17378,0.09689332
17379,0.071655236
17380,0.058258045
17381,0.046051018
17382,0.045593265
17383,0.03890989
17384,0.02734378
17385,0.0064697415
17386,-0.016204832
17387,-0.040618896
17388,-0.059204124
17389,-0.0704956
17390,-0.07110597
17391,-0.06637571
17392,-0.05239867
17393,-0.03665161
17394,-0.022583023
17395,-0.010498032
17396,-0.009277344
17397,-0.012329116
17398,-0.024047852
17399,-0.03710936
17400,-0.05752562
17401,-0.077758774
17402,-0.10488892
17403,-0.12680054
17404,-0.15289307
17405,-0.17382814
17406,-0.1998291
17407,-0.22683716
17408,-0.25042725
17409,-0.26495358
17410,-0.27243042
17411,-0.2775879
17412,-0.28146362
17413,-0.28576657
17414,-0.2930298
17415,-0.2989502
17416,-0.29959106
17417,-0.29626465
17418,-0.2840271
17419,-0.2651062
17420,-0.24194339
17421,-0.2149048
17422,-0.19265747
17423,-0.17349243
17424,-0.16601561
17425,-0.16278076
17426,-0.17535397
17427,-0.18838501
17428,-0.19781494
17429,-0.20339967
17430,-0.20022583
17431,-0.19863892
17432,-0.18499757
17433,-0.1708374
17434,-0.14678954
17435,-0.12667847
17436,-0.103332505
17437,-0.08837892
17438,-0.074584946
17439,-0.06692505
17440,-0.05795288
17441,-0.045745865
17442,-0.032897957
17443,-0.013458252
17444,0.0072326735
17445,0.032714844
17446,0.05596925
17447,0.08084107
17448,0.103027344
17449,0.12524416
17450,0.14630127
17451,0.1721802
17452,0.19140628
17453,0.20684816
17454,0.21438602
17455,0.22021486
17456,0.21664429
17457,0.21173096
17458,0.20205687
17459,0.18695068
17460,0.16293335
17461,0.13735963
17462,0.10375978
17463,0.07489015
17464,0.04104615
17465,0.012817377
17466,-0.0109252995
17467,-0.025085434
17468,-0.024322506
17469,-0.015075684
17470,0.0051574595
17471,0.028320312
17472,0.05142212
17473,0.07455445
17474,0.09088136
17475,0.10455323
17476,0.11300659
17477,0.122741714
17478,0.13015747
17479,0.13641354
17480,0.141449
17481,0.14404297
17482,0.1375427
17483,0.13003539
17484,0.11343382
17485,0.088562004
17486,0.05926513
17487,0.025909431
17488,-0.0032653734
17489,-0.032684304
17490,-0.053009033
17491,-0.07199097
17492,-0.07766723
17493,-0.0798645
17494,-0.080596924
17495,-0.08813477
17496,-0.09408569
17497,-0.09152221
17498,-0.09246826
17499,-0.08428958
17500,-0.0793457
17501,-0.063629135
17502,-0.05053711
17503,-0.026702862
17504,0.002716057
17505,0.034301743
17506,0.06118773
17507,0.08193968
17508,0.09646605
17509,0.10501098
17510,0.10949708
17511,0.10977176
17512,0.10668945
17513,0.10009766
17514,0.09094237
17515,0.07351682
17516,0.058349602
17517,0.029235817
17518,0.0076293796
17519,-0.016265899
17520,-0.03359987
17521,-0.05618289
17522,-0.07562256
17523,-0.09802245
17524,-0.12142945
17525,-0.14324951
17526,-0.15325929
17527,-0.16119385
17528,-0.1524353
17529,-0.13925171
17530,-0.11157228
17531,-0.086944595
17532,-0.0557251
17533,-0.027313247
17534,-0.004608145
17535,0.010742193
17536,0.014251724
17537,0.009704588
17538,-0.0006713718
17539,-0.009490974
17540,-0.015716553
17541,-0.02426146
17542,-0.024597168
17543,-0.029144283
17544,-0.021362305
17545,-0.020324714
17546,-0.011077903
17547,-0.01568602
17548,-0.018432602
17549,-0.032073945
17550,-0.0429077
17551,-0.05056761
17552,-0.05160521
17553,-0.049560536
17554,-0.04180906
17555,-0.036346458
17556,-0.031127922
17557,-0.02239991
17558,-0.016052261
17559,-0.004272431
17560,0.0037536696
17561,0.022583038
17562,0.032806404
17563,0.046600357
17564,0.05288699
17565,0.05978398
17566,0.061523438
17567,0.06042482
17568,0.055847168
17569,0.047821052
17570,0.033752464
17571,0.019683842
17572,0.0053405724
17573,-0.008056641
17574,-0.022033684
17575,-0.037109368
17576,-0.054870605
17577,-0.07345581
17578,-0.09112548
17579,-0.10244751
17580,-0.11157225
17581,-0.10964965
17582,-0.10128784
17583,-0.080139145
17584,-0.05828856
17585,-0.03396606
17586,-0.011230476
17587,0.013793953
17588,0.034057617
17589,0.055511493
17590,0.07250979
17591,0.090545654
17592,0.1017151
17593,0.11596678
17594,0.11956785
17595,0.11959839
17596,0.10980224
17597,0.101257324
17598,0.084198
17599,0.07086183
17600,0.05813598
17601,0.045043968
17602,0.03894043
17603,0.03427124
17604,0.037780747
17605,0.040405273
17606,0.04318236
17607,0.039154053
17608,0.031616207
17609,0.024719216
17610,0.015594479
17611,0.0135497935
17612,0.015350342
17613,0.027435306
17614,0.04449463
17615,0.064575195
17616,0.08059693
17617,0.091674775
17618,0.09414673
17619,0.095825166
17620,0.08999632
17621,0.08969118
17622,0.08798215
17623,0.0881653
17624,0.08642577
17625,0.081665024
17626,0.07507323
17627,0.061370842
17628,0.048034653
17629,0.027465828
17630,0.0065918006
17631,-0.017364524
17632,-0.037872348
17633,-0.058746364
17634,-0.0734253
17635,-0.08694458
17636,-0.09185795
17637,-0.09506224
17638,-0.09054565
17639,-0.08200073
17640,-0.06613159
17641,-0.048767097
17642,-0.026397698
17643,-0.0074768066
17644,0.012298606
17645,0.02273558
17646,0.032073945
17647,0.03137207
17648,0.027252212
17649,0.019134521
17650,0.0155944675
17651,0.014465362
17652,0.013885498
17653,0.009948716
17654,0.0044250414
17655,-0.0037231594
17656,-0.01458741
17657,-0.029541016
17658,-0.047363296
17659,-0.06848144
17660,-0.08209229
17661,-0.091461174
17662,-0.09127806
17663,-0.087371826
17664,-0.07900999
17665,-0.077667244
17666,-0.07818602
17667,-0.07891846
17668,-0.082733154
17669,-0.08404541
17670,-0.08792113
17671,-0.08917236
17672,-0.08786011
17673,-0.08157349
17674,-0.07235718
17675,-0.06115722
17676,-0.05026243
17677,-0.04354854
17678,-0.040527344
17679,-0.041900635
17680,-0.047393784
17681,-0.05596921
17682,-0.06500247
17683,-0.076110825
17684,-0.0857849
17685,-0.09765622
17686,-0.10723877
17687,-0.11291504
17688,-0.11593628
17689,-0.11239625
17690,-0.10964964
17691,-0.10369874
17692,-0.09991456
17693,-0.09341431
17694,-0.086578354
17695,-0.07666017
17696,-0.06185913
17697,-0.04263305
17698,-0.02319336
17699,-0.0047302246
17700,0.010498032
17701,0.02511599
17702,0.035400428
17703,0.046081558
17704,0.0513916
17705,0.05627442
17706,0.05810547
17707,0.06185913
17708,0.062347405
17709,0.07070923
17710,0.08181762
17711,0.09811402
17712,0.115539566
17713,0.13464355
17714,0.15231322
17715,0.16699219
17716,0.17614745
17717,0.17871095
17718,0.17831424
17719,0.17340085
17720,0.17044067
17721,0.16488644
17722,0.16213991
17723,0.16030884
17724,0.16256714
17725,0.16366577
17726,0.1652832
17727,0.16308592
17728,0.15496826
17729,0.15032959
17730,0.14126585
17731,0.13906859
17732,0.13458253
17733,0.1333313
17734,0.12875365
17735,0.12252806
17736,0.11273192
17737,0.09869387
17738,0.08288572
17739,0.06146241
17740,0.038726803
17741,0.0107421875
17742,-0.0150756985
17743,-0.035125755
17744,-0.048095684
17745,-0.059234627
17746,-0.06372073
17747,-0.06195069
17748,-0.055908177
17749,-0.047332767
17750,-0.03668212
17751,-0.026092537
17752,-0.017028786
17753,-0.013854973
17754,-0.013916016
17755,-0.023162842
17756,-0.028991729
17757,-0.03564453
17758,-0.03656005
17759,-0.036499023
17760,-0.03695681
17761,-0.040863015
17762,-0.05130008
17763,-0.06921387
17764,-0.08755493
17765,-0.10516356
17766,-0.11831665
17767,-0.13012695
17768,-0.14080814
17769,-0.1532898
17770,-0.16357422
17771,-0.17053221
17772,-0.1725769
17773,-0.17413329
17774,-0.16625977
17775,-0.16207886
17776,-0.1567688
17777,-0.15524292
17778,-0.15283206
17779,-0.14935303
17780,-0.15036012
17781,-0.1470337
17782,-0.14974974
17783,-0.14657594
17784,-0.1470337
17785,-0.13305664
17786,-0.12115477
17787,-0.10342407
17788,-0.0869751
17789,-0.067871094
17790,-0.052459717
17791,-0.038970947
17792,-0.03338623
17793,-0.025909394
17794,-0.018554688
17795,-0.008239746
17796,0.004180908
17797,0.019592285
17798,0.038024902
17799,0.060302734
17800,0.08245851
17801,0.10049434
17802,0.113708496
17803,0.12884521
17804,0.14431763
17805,0.1553345
17806,0.17861941
17807,0.20040894
17808,0.21569823
17809,0.23104857
17810,0.23361205
17811,0.23321533
17812,0.22244264
17813,0.20730591
17814,0.1918945
17815,0.17453
17816,0.15847777
17817,0.14505005
17818,0.13128662
17819,0.12469481
17820,0.11938477
17821,0.11749267
17822,0.107971214
17823,0.09497068
17824,0.075958274
17825,0.04437256
17826,0.018371567
17827,-0.007904023
17828,-0.027679414
17829,-0.046691924
17830,-0.058166504
17831,-0.072448745
17832,-0.08886719
17833,-0.10787961
17834,-0.12530519
17835,-0.14202884
17836,-0.15936278
17837,-0.17825317
17838,-0.20422359
17839,-0.22872932
17840,-0.26028436
17841,-0.289978
17842,-0.31851202
17843,-0.34375006
17844,-0.36282343
17845,-0.37628168
17846,-0.37762445
17847,-0.38314813
17848,-0.3773498
17849,-0.37689215
17850,-0.3734435
17851,-0.37658685
17852,-0.36975104
17853,-0.36288464
17854,-0.34423828
17855,-0.32196042
17856,-0.29379272
17857,-0.26174927
17858,-0.22753903
17859,-0.19586185
17860,-0.1622925
17861,-0.1382751
17862,-0.11141969
17863,-0.08813476
17864,-0.065216035
17865,-0.041107126
17866,-0.010162406
17867,0.031066887
17868,0.08016962
17869,0.13674925
17870,0.18295285
17871,0.22903444
17872,0.2608642
17873,0.2875061
17874,0.31198126
17875,0.33041388
17876,0.3522644
17877,0.37420654
17878,0.40002435
17879,0.42697144
17880,0.453125
17881,0.47579956
17882,0.49850464
17883,0.51211554
17884,0.52606195
17885,0.53048694
17886,0.5327759
17887,0.53125
17888,0.53659046
17889,0.54006946
17890,0.5432739
17891,0.55624396
17892,0.56021106
17893,0.5583495
17894,0.5543823
17895,0.5443115
17896,0.520752
17897,0.4951172
17898,0.4675293
17899,0.4343567
17900,0.3982849
17901,0.3579712
17902,0.3183899
17903,0.27960205
17904,0.247467
17905,0.21893309
17906,0.19299315
17907,0.17099005
17908,0.14804079
17909,0.12905887
17910,0.10241698
17911,0.07229613
17912,0.030883737
17913,-0.0028686896
17914,-0.038238518
17915,-0.067413256
17916,-0.085174665
17917,-0.10165408
17918,-0.118438706
17919,-0.13024895
17920,-0.1503601
17921,-0.17044067
17922,-0.19689943
17923,-0.22915652
17924,-0.26654053
17925,-0.3092346
17926,-0.3600464
17927,-0.40939337
17928,-0.46099845
17929,-0.5069884
17930,-0.5469971
17931,-0.58624274
17932,-0.6242981
17933,-0.6602172
17934,-0.6904906
17935,-0.7199707
17936,-0.7334899
17937,-0.7390442
17938,-0.73895264
17939,-0.73471063
17940,-0.72454846
17941,-0.713318
17942,-0.7019348
17943,-0.6826171
17944,-0.65893555
17945,-0.6321106
17946,-0.60269165
17947,-0.56555176
17948,-0.528717
17949,-0.48339853
17950,-0.4372558
17951,-0.3841552
17952,-0.32864386
17953,-0.27059937
17954,-0.21380603
17955,-0.15774524
17956,-0.09912112
17957,-0.04663086
17958,0.0025025904
17959,0.045196563
17960,0.07949838
17961,0.10934448
17962,0.13867176
17963,0.16885364
17964,0.20095831
17965,0.23327634
17966,0.26589972
17967,0.29995722
17968,0.3363952
17969,0.3659668
17970,0.39392084
17971,0.4039613
17972,0.4194335
17973,0.43191516
17974,0.45718384
17975,0.49386597
17976,0.5473021
17977,0.5962524
17978,0.64746094
17979,0.6876832
17980,0.72308344
17981,0.75332624
17982,0.7792359
17983,0.79980475
17984,0.8094177
17985,0.8035584
17986,0.78402704
17987,0.7528686
17988,0.7059632
17989,0.652771
17990,0.5861207
17991,0.51831055
17992,0.44613653
17993,0.37341318
17994,0.29437244
17995,0.2003783
17996,0.09765631
17997,-0.018310636
17998,-0.14028937
17999,-0.26660174
18000,-0.38568115
18001,-0.5086668
18002,-0.61611956
18003,-0.7155154
18004,-0.8003236
18005,-0.8718566
18006,-0.9246216
18007,-0.9610596
18008,-0.9697265
18009,-0.9655152
18010,-0.93829364
18011,-0.89593494
18012,-0.8377075
18013,-0.7651064
18014,-0.68029785
18015,-0.5848389
18016,-0.486206
18017,-0.3937377
18018,-0.31332394
18019,-0.2520752
18020,-0.21200566
18021,-0.17828369
18022,-0.15713497
18023,-0.13928236
18024,-0.13208012
18025,-0.12167348
18026,-0.1229554
18027,-0.12097171
18028,-0.122497484
18029,-0.12243639
18030,-0.12805185
18031,-0.13064568
18032,-0.13269047
18033,-0.13388056
18034,-0.13690189
18035,-0.14224248
18036,-0.1494446
18037,-0.14514157
18038,-0.13806152
18039,-0.12142936
18040,-0.10638429
18041,-0.084228516
18042,-0.060516357
18043,-0.01977536
18044,0.026855439
18045,0.087280124
18046,0.14135745
18047,0.19699118
18048,0.23748784
18049,0.27398673
18050,0.3032531
18051,0.33132938
18052,0.34887698
18053,0.36026
18054,0.36495978
18055,0.36340326
18056,0.36889637
18057,0.37057495
18058,0.38000482
18059,0.38201907
18060,0.3983459
18061,0.4273682
18062,0.4719543
18063,0.5367127
18064,0.6184082
18065,0.70126355
18066,0.7781371
18067,0.8565063
18068,0.92495745
18069,0.9944459
18070,1.0530397
18071,1.1123352
18072,1.1532897
18073,1.185791
18074,1.1901855
18075,1.1853942
18076,1.1549685
18077,1.1125182
18078,1.0564271
18079,0.9854127
18080,0.9011535
18081,0.7975464
18082,0.6861571
18083,0.56616217
18084,0.4499818
18085,0.34143054
18086,0.24325562
18087,0.13641357
18088,0.029022276
18089,-0.077087194
18090,-0.16836545
18091,-0.25259426
18092,-0.31289685
18093,-0.36923194
18094,-0.4204408
18095,-0.47528088
18096,-0.5268554
18097,-0.5725099
18098,-0.6151429
18099,-0.64987177
18100,-0.68563837
18101,-0.70965576
18102,-0.7324219
18103,-0.74938977
18104,-0.76882935
18105,-0.7946167
18106,-0.82598865
18107,-0.8688966
18108,-0.92672735
18109,-0.9905091
18110,-1.0525818
18111,-1.1210938
18112,-1.1730348
18113,-1.2185671
18114,-1.2449647
18115,-1.2573546
18116,-1.2496643
18117,-1.2190248
18118,-1.1588135
18119,-1.0741273
18120,-0.9632875
18121,-0.830017
18122,-0.6911317
18123,-0.5431825
18124,-0.40286255
18125,-0.25793463
18126,-0.12930289
18127,-0.007873535
18128,0.091796845
18129,0.17410295
18130,0.23373416
18131,0.28646863
18132,0.32516485
18133,0.35421738
18134,0.3666687
18135,0.3719788
18136,0.36306757
18137,0.34414673
18138,0.3197022
18139,0.28833014
18140,0.25521845
18141,0.21484382
18142,0.17242424
18143,0.12606817
18144,0.07681267
18145,0.026885957
18146,-0.01852411
18147,-0.057159305
18148,-0.093536355
18149,-0.12286386
18150,-0.14938363
18151,-0.16940302
18152,-0.18200676
18153,-0.18011475
18154,-0.16439822
18155,-0.14245607
18156,-0.11596683
18157,-0.08703599
18158,-0.05740355
18159,-0.028472953
18160,0.015594527
18161,0.063385054
18162,0.12152095
18163,0.18188483
18164,0.2406311
18165,0.2975769
18166,0.36135867
18167,0.42031848
18168,0.47637945
18169,0.52948
18170,0.57128906
18171,0.60150146
18172,0.6228637
18173,0.63195795
18174,0.634369
18175,0.62811285
18176,0.612732
18177,0.59445196
18178,0.5671997
18179,0.53649914
18180,0.49917608
18181,0.46157837
18182,0.4219971
18183,0.37777713
18184,0.3358154
18185,0.29516608
18186,0.26309207
18187,0.22912595
18188,0.20333871
18189,0.17727655
18190,0.15640256
18191,0.13201892
18192,0.109374896
18193,0.08755504
18194,0.06549082
18195,0.044830106
18196,0.024932854
18197,0.008361816
18198,-0.010467537
18199,-0.022949226
18200,-0.03704837
18201,-0.052673303
18202,-0.06430054
18203,-0.07321164
18204,-0.08258056
18205,-0.09277344
18206,-0.10507202
18207,-0.12115477
18208,-0.14080809
18209,-0.16531372
18210,-0.19717409
18211,-0.23114003
18212,-0.2669679
18213,-0.302826
18214,-0.33047497
18215,-0.34762564
18216,-0.35375974
18217,-0.34957883
18218,-0.33667004
18219,-0.31488034
18220,-0.2908936
18221,-0.26068133
18222,-0.22903442
18223,-0.19213873
18224,-0.16049194
18225,-0.11489867
18226,-0.080261216
18227,-0.0345459
18228,-0.0024108589
18229,0.029510513
18230,0.048461914
18231,0.06585696
18232,0.06744376
18233,0.06839001
18234,0.065216035
18235,0.06213382
18236,0.059265137
18237,0.05908206
18238,0.058410645
18239,0.060302883
18240,0.063446015
18241,0.06945808
18242,0.07437138
18243,0.083984315
18244,0.089508116
18245,0.09609985
18246,0.09484857
18247,0.08850099
18248,0.07348634
18249,0.054565445
18250,0.030303985
18251,0.0032043457
18252,-0.030303985
18253,-0.06030274
18254,-0.08584601
18255,-0.10952756
18256,-0.12536617
18257,-0.13705437
18258,-0.13903804
18259,-0.14617927
18260,-0.14401248
18261,-0.14581296
18262,-0.14367673
18263,-0.14550784
18264,-0.13735965
18265,-0.13455196
18266,-0.12252806
18267,-0.10757443
18268,-0.089416504
18269,-0.07403564
18270,-0.054412827
18271,-0.0378723
18272,-0.020050073
18273,-9.15695e-05
18274,0.016113287
18275,0.037353523
18276,0.060638428
18277,0.08859251
18278,0.10806279
18279,0.13754278
18280,0.15902719
18281,0.18368526
18282,0.20278926
18283,0.2225647
18284,0.23898321
18285,0.2545471
18286,0.2677002
18287,0.27468878
18288,0.27703857
18289,0.27291873
18290,0.27459717
18291,0.2616577
18292,0.25238037
18293,0.2272644
18294,0.20617673
18295,0.17678833
18296,0.16006468
18297,0.13378903
18298,0.11584476
18299,0.096191384
18300,0.08135988
18301,0.06161502
18302,0.041992217
18303,0.027557313
18304,0.0115356445
18305,-0.0020447522
18306,-0.010436997
18307,-0.01492314
18308,-0.011352569
18309,-0.008178696
18310,-0.0014038384
18311,-0.005004853
18312,-0.0020141006
18313,-0.009521484
18314,-0.014221221
18315,-0.021331787
18316,-0.030090317
18317,-0.04574585
18318,-0.062286377
18319,-0.08587642
18320,-0.111633286
18321,-0.13934325
18322,-0.16613767
18323,-0.19342041
18324,-0.21972658
18325,-0.2424316
18326,-0.26284796
18327,-0.27853397
18328,-0.2923584
18329,-0.29968265
18330,-0.30639648
18331,-0.3054199
18332,-0.2998352
18333,-0.29125977
18334,-0.2852478
18335,-0.27575684
18336,-0.27008057
18337,-0.26382446
18338,-0.25732422
18339,-0.2522583
18340,-0.24514772
18341,-0.2404785
18342,-0.23657231
18343,-0.23193358
18344,-0.22042847
18345,-0.21148683
18346,-0.19735716
18347,-0.18801877
18348,-0.17599486
18349,-0.16870117
18350,-0.16369627
18351,-0.1687622
18352,-0.178833
18353,-0.18481442
18354,-0.19540405
18355,-0.20733641
18356,-0.2287903
18357,-0.24676514
18358,-0.26913452
18359,-0.28512573
18360,-0.30041504
18361,-0.307312
18362,-0.31927493
18363,-0.3237
18364,-0.32293704
18365,-0.31887817
18366,-0.2994995
18367,-0.27633667
18368,-0.2441101
18369,-0.21450804
18370,-0.17987062
18371,-0.15325928
18372,-0.12866211
18373,-0.11349487
18374,-0.10113524
18375,-0.09823607
18376,-0.09124756
18377,-0.07821655
18378,-0.06607059
18379,-0.046905518
18380,-0.027069092
18381,-0.003692612
18382,0.021362305
18383,0.048400894
18384,0.07376097
18385,0.10708617
18386,0.13464357
18387,0.16497803
18388,0.1870727
18389,0.21215819
18390,0.23379517
18391,0.26116943
18392,0.2857361
18393,0.31826782
18394,0.35549927
18395,0.39709476
18396,0.43881226
18397,0.47677606
18398,0.5024109
18399,0.52111816
18400,0.53518677
18401,0.54000854
18402,0.54501337
18403,0.5489502
18404,0.55178833
18405,0.5531311
18406,0.55944824
18407,0.5593262
18408,0.5583801
18409,0.5480957
18410,0.5319519
18411,0.5045471
18412,0.475708
18413,0.4416504
18414,0.40930176
18415,0.37597656
18416,0.34918213
18417,0.32772827
18418,0.31677246
18419,0.3043823
18420,0.30297852
18421,0.2992859
18422,0.30590823
18423,0.31115723
18424,0.32095337
18425,0.33120728
18426,0.3413391
18427,0.34439087
18428,0.35079956
18429,0.3473206
18430,0.34130862
18431,0.33093262
18432,0.30722046
18433,0.2746277
18434,0.23828126
18435,0.20214844
18436,0.16592406
18437,0.12878418
18438,0.09127808
18439,0.05450437
18440,0.014892548
18441,-0.0128478855
18442,-0.07434082
18443,-0.0856018
18444,-0.09829711
18445,-0.10946657
18446,-0.12100217
18447,-0.13931276
18448,-0.15911868
18449,-0.17874146
18450,-0.19845583
18451,-0.22137451
18452,-0.23858643
18453,-0.25228882
18454,-0.25601196
18455,-0.2584839
18456,-0.25912476
18457,-0.26013187
18458,-0.2668457
18459,-0.2760315
18460,-0.29281616
18461,-0.31347656
18462,-0.33538818
18463,-0.35540766
18464,-0.35849
18465,-0.37823486
18466,-0.40005493
18467,-0.4180603
18468,-0.43798828
18469,-0.45526123
18470,-0.47250363
18471,-0.4821167
18472,-0.49551392
18473,-0.49822998
18474,-0.4956665
18475,-0.4847412
18476,-0.46185303
18477,-0.4291687
18478,-0.39419556
18479,-0.35708618
18480,-0.3244934
18481,-0.29205322
18482,-0.2666626
18483,-0.24072266
18484,-0.21978758
18485,-0.20391841
18486,-0.17669678
18487,-0.16574097
18488,-0.15951537
18489,-0.14920045
18490,-0.14144899
18491,-0.1307373
18492,-0.12042233
18493,-0.10635376
18494,-0.095214844
18495,-0.07553102
18496,-0.06088257
18497,-0.04534912
18498,-0.031860337
18499,-0.012695327
18500,0.004699692
18501,0.020477295
18502,0.03884888
18503,0.05978394
18504,0.08398435
18505,0.108703636
18506,0.13363647
18507,0.15243527
18508,0.18377686
18509,0.18847656
18510,0.19519043
18511,0.20376587
18512,0.21365353
18513,0.22924806
18514,0.24343872
18515,0.25579834
18516,0.26715088
18517,0.27163696
18518,0.27148438
18519,0.26455688
18520,0.2536316
18521,0.238739
18522,0.22402954
18523,0.2039795
18524,0.19580078
18525,0.18072508
18526,0.17214964
18527,0.15725708
18528,0.14175412
18529,0.12359619
